10 0.749221703125 0.4209005796875 0.730997121875 0.3577278421875 0.722313071875 0.3507004921875 0.7020220421875 0.36271348125 0.693922775 0.3593802765625 0.6855638765625 0.3667770140625 0.6586894828125 0.375961575 0.6551162484375 0.3731810875 0.649864778125 0.373818390625 0.6496807734375001 0.376779346875 0.6468763265625 0.374732053125 0.6449167874999999 0.387918175 0.6527019843749999 0.38844270000000003 0.6576721484375 0.3975737328125 0.6576182015625001 0.4063043234375 0.648230884375 0.42369781093750003 0.6536018203125 0.4394839484375 0.6650363703125 0.4572891828125 0.6671047875 0.47118030156249996 0.6658706828125001 0.48317640156249997 0.7027418062499999 0.5948693734375 0.7160174109375 0.627603471875 0.729779515625 0.6263006734375 0.784751815625 0.60658925625 0.8054975671875001 0.592500778125 0.749221703125 0.4209005796875
10 0.37090979687500003 0.4465164578125 0.36003884531249997 0.45371297187500004 0.3623885703125 0.4578357546875 0.3673693234375 0.45631298593749997 0.3913964109375 0.4654271328125 0.42529829843750006 0.46764931406250004 0.448935203125 0.45945455468749996 0.4504072609375 0.43576690625000003 0.4545325171875 0.4296645234375 0.44987642499999997 0.4233421703125 0.43814997499999997 0.42595907187500004 0.37090979687500003 0.4465164578125
9 0.5088813828125 0 0.5189815640625 0.029444862500000002 0.53069741875 0.0374817640625 0.5490289078125 0.0386548953125 0.573001065625 0.011961209375 0.578880671875 0.016941265625 0.5828652734374999 0.01572305 0.5832332890624999 0.0098011390625 0.5903364046874999 0.013438896875 0.59159385625 0 0.5088813828125 0
9 0.673637225 0 0.689303146875 0.043212179687500005 0.702112453125 0.044137146875 0.74032360625 0.037295990625 0.748433465625 0.029975392187499998 0.7384433265625 0 0.673637225 0
9 0.757217990625 0 0.7653680281249999 0.024797976562499997 0.7736840640625 0.0377472390625 0.7854105140625001 0.0351303375 0.8123393453125001 0.0394843984375 0.8160098796874999 0.035457503125 0.8293172625 0.03623019375 0.845212321875 0.0294341203125 0.835525765625 0 0.757217990625 0
9 0.8417674125 0.443922871875 0.83429628125 0.4462070265625 0.8289475124999999 0.45365170624999995 0.8390073046875001 0.48833721093750004 0.8745788015624999 0.586872253125 0.8791481875 0.5893481859375 0.9182254296875 0.576432840625 0.931954771875 0.562553028125 0.9310125671874999 0.554126990625 0.915127115625 0.5057308390624999 0.8946722796875 0.45485875781249996 0.8708186078125 0.453437459375 0.8417674125 0.443922871875
9 1 0.446760765625 0.9933239687500001 0.43728493906250004 0.9908769453125 0.43996953593750004 0.9854087093749999 0.4309907796875 0.9657669999999999 0.42731352187500005 0.9545280343749999 0.44043194999999996 0.93722545625 0.4515312765625 0.9236907125 0.45179633125 0.9175731546874999 0.45850782187499994 0.9458681203125 0.545712259375 0.9524192156250001 0.5582328859375 1 0.5383534546875001 1 0.446760765625
9 0.897604065625 0.8296368656249999 0.9031590109375 0.8424620453125 0.8975722890625001 0.8615982750000001 0.9067332296874999 0.8897809531249999 0.9163700765625 0.8945805375000001 0.9631891625 0.8802665062499999 0.9667296375 0.8704699765624999 0.9602758421875001 0.851141971875 0.956117825 0.8446673406249999 0.9562584781250001 0.839783171875 0.92227850625 0.73398391875 0.9124788374999999 0.7108376859375001 0.9023323375000001 0.6723057578125 0.8896415171875001 0.64326580625 0.891049034375 0.6389625515625 0.8891540328125 0.6327642796874999 0.8826029375 0.6202436546875 0.8771019390625 0.598687884375 0.8721751328125 0.5914800625 0.8712329265625 0.583054025 0.8521246015624999 0.5437118140625 0.7948924093749999 0.37789065 0.7868037359375 0.36390364218750004 0.7804154624999999 0.3697296671875 0.7767343359375001 0.3844103640625 0.7865995265625 0.432710625 0.8017161875 0.48037358750000003 0.8101189312500001 0.4971692734375 0.81214399375 0.5091371796875 0.8195072328125 0.5243142078125 0.8268165249999999 0.5482218265625 0.8333242671875001 0.558819240625 0.8398647703125001 0.58199366875 0.8535950953125001 0.612652278125 0.8563455953125001 0.6234301640625 0.8607309750000001 0.62886705 0.8608070890624999 0.6433672765625 0.851614371875 0.6471460062500001 0.8445440156249999 0.6560852625 0.838480403125 0.6540661625 0.8466018390625001 0.6806301828125 0.8515286484375 0.6878380046875 0.8590219484375 0.7087846671875 0.8720162453125001 0.7512871 0.8807764109375 0.772814678125 0.8890057390624999 0.7819175171875 0.896769753125 0.803749646875 0.8944961453125 0.814127090625 0.8993256531249999 0.8281422921875 0.897604065625 0.8296368656249999
9 0.4788707203125 0 0.3508256953125 0.022761284375 0.20366609218749998 0.06872072343749999 0.2081815328125 0.07992724375 0.21881453125 0.084422275 0.2472915359375 0.0795889125 0.279114415625 0.07857378125 0.2836838015625 0.08104971250000001 0.3195885828125 0.072008984375 0.3313583859375 0.07131529375 0.338461503125 0.074953053125 0.3899366828125 0.066961375 0.4448338515625 0.07728815312500001 0.4610863328125 0.0752239703125 0.48594675 0.0656869125 0.49155563906250005 0.0697815015625 0.49504216718749994 0.06871556250000001 0.5060104187500001 0.05471166875 0.5060643640625 0.0459810765625 0.49915584687500003 0.028728559375 0.48920493125000003 0.021120296875 0.486843246875 0 0.4788707203125 0
9 0.21844477968749998 0.5018437875 0.23611537187499998 0.4848225484375 0.2949749765625 0.4707002953125 0.2995116015625 0.4605992109375 0.2926030859375 0.44334669531250004 0.2818833796875 0.4350052390625 0.1433317125 0.47349180312500005 0.097161946875 0.4721155890625 0.09480163124999999 0.47864660781249996 0.101840209375 0.501668759375 0.11287398281250001 0.5128188921875 0.1173133078125 0.5095251875 0.12894245625 0.513715665625 0.1326023984375 0.520342575 0.136359640625 0.5201621015625 0.16529136718749998 0.5132532515625 0.1751122203125 0.5150918812499999 0.18824618906249999 0.508171725 0.21844477968749998 0.5018437875
10 0.5682777140625 0.391984428125 0.5177880921875 0.410325353125 0.51434491875 0.4133145046875 0.5135655375 0.4232351171875 0.5192505421875 0.44182993125000003 0.52508679375 0.44488677499999996 0.537538678125 0.4410798515625 0.5564115968750001 0.44402391874999997 0.5638827265625 0.44173976562500006 0.5733134 0.426269490625 0.574958871875 0.41027468906250003 0.584108234375 0.4045727484375 0.58366410625 0.39599443437500004 0.5682777140625 0.391984428125