9 0.94799655625 0.8356711625000001 0.9512122625 0.81743398125 0.9478902203124999 0.79428318125 0.9110901515625001 0.7840334953125 0.9087474625 0.7883214656249999 0.90186425625 0.8303574234375001 0.9024994359375 0.8417519406249999 0.9103540328124999 0.8421967078125 0.916218075 0.8479317453125 0.9230162640625 0.8453696109375001 0.9239118843749999 0.8492883718750001 0.9283368218750001 0.8481881874999999 0.930779165625 0.8373363218750001 0.9438626250000001 0.8321216093749999 0.94799655625 0.8356711625000001
9 0.099180596875 0.73959396875 0.10377428124999999 0.7225399703125001 0.1096157203125 0.7104070375 0.11071861406250001 0.6861560515625 0.1173254546875 0.68167975625 0.12285328749999999 0.6563285875 0.11051262343749998 0.6513319671875 0.1073048796875 0.65452719375 0.10502332031249999 0.6644672015624999 0.0922614328125 0.6678581953125 0.08690234687500001 0.677255553125 0.0824003578125 0.7027876046875 0.074859371875 0.7155610718750001 0.0664148 0.7394577328125 0.0763210796875 0.7402642671875 0.08270600624999999 0.73104779375 0.090882171875 0.7296688421875 0.09264284843750001 0.7346803468750001 0.0905526375 0.7465345140624999 0.0921525296875 0.7524578765625 0.099180596875 0.73959396875
9 0.7863587265625 0.7535780921875 0.7825848921875 0.7359888859375 0.7984255890624999 0.6701467109375 0.798364459375 0.664494675 0.79541715625 0.6602141453125 0.798372421875 0.6494527203125 0.7976375874999999 0.6446221000000001 0.7943687109375 0.6421652890625 0.7872489515625001 0.6465511421875 0.775260425 0.642556821875 0.7727263859375 0.6449306328125 0.7693498937500001 0.6640796718749999 0.774408725 0.7373678375 0.77022830625 0.761076171875 0.7641955171875 0.771294946875 0.779322696875 0.7814839546875 0.7828134859375 0.78868094375 0.803460534375 0.7885607359375 0.804103675 0.7849133 0.7861594140625 0.766705884375 0.7863587265625 0.7535780921875
9 1 0.23012729062499998 0.9971115968750001 0.2331950828125 0.9921352125 0.2464207578125 0.9811645656250001 0.2576492765625 0.971993121875 0.26167336093750004 0.9730800921875 0.2675062828125 0.9670619437499999 0.3106349828125 0.9681409515625001 0.33150985781250003 1 0.3392116765625 1 0.23012729062499998
9 0.080450184375 0 0.07818089218749999 0.012869796875 0.1455648546875 0.0266318265625 0.1681028 0.0277852453125 0.1722978609375 0.0369868375 0.186368634375 0.04416894375 0.232722846875 0.05422286093749999 0.23496588125 0.0564987875 0.2350881390625 0.0678028625 0.2327760140625 0.0749168515625 0.2350110859375 0.09223473125000001 0.2511335421875 0.09977860468750001 0.260128275 0.126750284375 0.2673702953125 0.13366850624999999 0.3695943390625 0.1657965109375 0.393671046875 0.1672212546875 0.398517209375 0.15773345625 0.4041061703125 0.13803432499999999 0.4119235234375 0.08770119374999999 0.4086546484375 0.08524438437500001 0.40753711406250004 0.07658544375000001 0.40936688125 0.07220703125 0.40472003125 0.06856703750000001 0.4036024953125 0.059908096875000004 0.3978992390625 0.053261199999999995 0.38969250781250003 0.051814132812500004 0.37519254375 0.0680615953125 0.367016378125 0.06944054375 0.36483447343750003 0.07281665625 0.2900162890625 0 0.080450184375 0
9 0.44418975625 0.1836507453125 0.46271602968750003 0.1925586859375 0.5122434421875 0.20411233437499998 0.5210893343749999 0.20943294375 0.557828275 0.2140305890625 0.5705516375 0.22285552968750003 0.5943679046875 0.2317560296875 0.6692848921875 0.24778654531250002 0.672071409375 0.2529789328125 0.6807299312499999 0.24886440625 0.69657730625 0.23097410937500001 0.698667515625 0.2191199421875 0.6957202125 0.21483941406249998 0.7033302906250001 0.1926760296875 0.7114692140625001 0.14051918125 0.7102905500000001 0.126208203125 0.68759181875 0.12596664375 0.4653522921875 0.057633315625 0.4440700640625 0.0463590046875 0.43894085625 0.0454545875 0.4350899703125 0.0522972515625 0.431904828125 0.0733604515625 0.44148953593750007 0.075990703125 0.445202240625 0.0879278703125 0.44439831406249997 0.092487165625 0.4396132796875 0.1076270015625 0.428489809375 0.104725425 0.4244170078125 0.10682791093749999 0.4162249171875 0.138290765625 0.411523615625 0.1769506125 0.44418975625 0.1836507453125
9 0.783566553125 0.2745189546875 0.7990843937500001 0.2734943296875 0.8051477484375 0.266101575 0.808669103125 0.27612458281249996 0.8069004640624999 0.28615503124999997 0.8093348468749999 0.2903451171875 0.8022988171875 0.31825098125 0.79540765 0.3753288921875 0.7971377625 0.37751437656250003 0.8056355 0.3743117078125 0.807396175 0.3793232125 0.804471475 0.39291065625 0.8138648328125001 0.3936267484375 0.821489553125 0.404373290625 0.820876975 0.4108467453125 0.8175084453125001 0.41495383124999996 0.8109242078125 0.4372980984375 0.7928086296875 0.5610321593750001 0.7923488765625 0.581635709375 0.8007163953124999 0.5821709171875 0.8082347796875 0.551529478125 0.8091383609375 0.5404062859375001 0.8054867874999999 0.5341211578125 0.81024125625 0.5161553015625 0.8089629359374999 0.5084082203125 0.8146821171875 0.4849712109375 0.81375593125 0.47822642968749995 0.8160986203125 0.47393845937499995 0.8216649796875 0.43637135625 0.8305228124999999 0.41912903437500004 0.8293441484375 0.40481805781249997 0.834259403125 0.38594034375 0.844748978125 0.314453571875 0.8475740234375 0.307430025 0.8524813140624999 0.3035942640625 0.9212941953125 0.3232495109375 0.9437811999999999 0.319692896875 0.967529659375 0.2749894796875 0.9661211171874999 0.2709802765625 0.9686245921875001 0.265780446875 0.9583356125 0.26114559531250003 0.9689926515625 0.23669884218749998 0.9727438828125001 0.236420075 0.9790145109375 0.2008575734375 0.7491117375 0.13399363749999998 0.7298121015625 0.132471009375 0.7271172781249999 0.135756678125 0.7182966859375 0.203776896875 0.7111610015625 0.23824665781249998 0.7105098984375 0.25693604531249997 0.71351833125 0.2668686125 0.7185864078125 0.26212099218749996 0.7342650359375 0.26018450937500004 0.777511159375 0.26686975625 0.7794631875 0.27379542031250004 0.783566553125 0.2745189546875
2 0.645523334375 0.5595072437499999 0.6642794875 0.558113409375 0.6447885 0.5546766234375 0.645523334375 0.5595072437499999
2 0.54697346875 0.551532340625 0.5596436625 0.539663290625 0.5194444984375 0.530694675 0.5181887796875 0.540815565625 0.5208145125 0.5469198109375 0.5394710093749999 0.552089875 0.54697346875 0.551532340625
5 0.7372963312499999 0.6509060859375 0.7642060468749999 0.6302653296875 0.766939396875 0.6147637265625 0.7659520828125 0.6023669078125 0.67189624375 0.58390190625 0.67074018125 0.5874589 0.663720078125 0.5852808578124999 0.6593257046875001 0.589207059375 0.657909203125 0.600239809375 0.672201890625 0.6121620953125 0.6850249078124999 0.6144231390625 0.70391128125 0.6092914265625 0.72612765625 0.6122685640625 0.7276969828125 0.61536590625 0.7268545296875 0.6321411375 0.724029484375 0.6391646843750001 0.7326800437500001 0.650092109375 0.7372963312499999 0.6509060859375
2 0.684405653125 0.5729447140625 0.6774466765625 0.5764187078125 0.688248578125 0.5811440046875 0.7129989906249999 0.58174733125 0.7405359234375 0.58754304375 0.7370757 0.583172075 0.732298628125 0.5832699578125 0.7205399796874999 0.5689738625 0.6902776578125 0.5636378 0.684405653125 0.5729447140625
5 0.297517296875 0.5385734125 0.3078448015625 0.5309923328124999 0.31080006718750003 0.5202309078125 0.30218007187499996 0.5121295015625 0.226589378125 0.49692040156250006 0.2173568046875 0.49529245 0.2172265859375 0.49903032812500003 0.21485333125 0.5004922796875 0.2029055578125 0.500265984375 0.1971921125 0.49267708125 0.1909985375 0.5038077140625 0.1861909 0.5010795796874999 0.1836568625 0.5034533875 0.1837179921875 0.5091054265625 0.1758859984375 0.5265286312499999 0.17312208281250002 0.539204215625 0.1749438890625 0.5498677578125 0.1846588171875 0.5487601328125 0.1994338625 0.557946840625 0.2181900140625 0.5565530062499999 0.2486131203125 0.5609772109375 0.2635569125 0.55421010625 0.2726672265625 0.5445339828125 0.28818506718750003 0.5435093578125 0.297517296875 0.5385734125
9 0.1107558578125 0.73693395 0.114537653125 0.7394812015625 0.13083681875 0.7160293078125 0.1381558921875 0.6985156625 0.1784585640625 0.5119388859375 0.1790100109375 0.4998133953125 0.181191915625 0.4964372828125 0.1794006734375 0.488599759375 0.1718370828125 0.48350525624999996 0.1560973265625 0.4797897015625 0.1493217390625 0.500219809375 0.143449734375 0.509526725 0.1404639046875 0.5174621312500001 0.1438550375 0.531223015625 0.142912928125 0.5545621421875 0.13166591562500002 0.603350321875 0.1256025609375 0.6107430765624999 0.12348178750000001 0.619771225 0.1263214734375 0.645657603125 0.11307594531250001 0.71477800625 0.11368055937499999 0.72334650625 0.1107558578125 0.73693395