9 0.46138476562499997 0.5410217703125 0.41960480625 0.5541338546875 0.40403292031250004 0.5563891515625 0.399336871875 0.55093733125 0.397659340625 0.5446767 0.3903526921875 0.5475931 0.3934205234375 0.5630670906249999 0.3998178953125 0.5728559875 0.4629314421875 0.55786194375 0.47312575468749996 0.5647162765625 0.4862297921875 0.5592878812500001 0.504459859375 0.5448172578125 0.5053215515625 0.5359590671875 0.4997144984375 0.5230826375000001 0.46397157343749995 0.534577103125 0.46138476562499997 0.5410217703125
9 1 0.6193095343749999 0.9850877140625001 0.563656128125 0.9819247171875001 0.5558763484375 0.97672558125 0.5505593296875 0.9660893921874999 0.5591608234375001 0.9401685484375 0.5670648796875 0.9324301890625 0.5643454218749999 0.9245728703125 0.5712437296874999 0.93058784375 0.5916795703125 0.9348759734375 0.5895719796875001 0.9430460453125 0.597927296875 0.939884775 0.610277425 0.9420891828125001 0.6144797015625 0.940532340625 0.6187312109375 0.9474803828124999 0.6245382015625001 0.9491579140624999 0.63079883125 0.9511702578125 0.6302596265625 0.959437225 0.6510506359375 0.9556283890625 0.654946978125 0.9903175578125 0.6475692203125 1 0.643164365625 1 0.6193095343749999
9 0.722513840625 0.5093960078124999 0.7409121812499999 0.5015904203125 0.7405280546874999 0.49210745625 0.731110434375 0.4629974609375 0.7192760093749999 0.46712707499999995 0.7181984609375001 0.47316733749999995 0.7053578640625 0.4775665546875 0.5846409265625 0.50799538125 0.5777642609375 0.4964177328125 0.561952728125 0.49777865312499997 0.5543588484375 0.5036477828125 0.5471728875 0.5170763234375 0.5354098375 0.515435278125 0.525084671875 0.5191604875 0.5201013921875 0.516661396875 0.5169146015625 0.5108051703125 0.5150229453125 0.52185651875 0.5188335078125 0.538090084375 0.52355335 0.5416183515624999 0.642305525 0.5078816234375 0.65862014375 0.5063859015625 0.6653523296875 0.5093749640625 0.6694008124999999 0.5063729984374999 0.6748871796875 0.5087372859375 0.6874184828125001 0.529344259375 0.7130758875 0.5224693796875 0.722513840625 0.5093960078124999
9 0.882847409375 0.6610283359375 0.874986634375 0.6276668296875 0.8770465625 0.6232805171875 0.886821059375 0.6235372156250001 0.8834897890625 0.6090924015625 0.8804712703125 0.6099012109374999 0.8636994187499999 0.587554721875 0.8446535140625 0.5869065234375 0.8335618218749999 0.5917957109375 0.8137493906250001 0.592311490625 0.7949924421875 0.60884046875 0.7950893390625 0.6212761625 0.815386253125 0.6829388546875 0.8157703796875 0.69242181875 0.8225756703125 0.709770128125 0.8492630406250001 0.700702090625 0.8555342734375 0.6923115953125001 0.89034785 0.6829833265625 0.8936536 0.6792217859375 0.8937487671875 0.6715275734375 0.882847409375 0.6610283359375
9 0.759408734375 0.242608184375 0.7588104796875 0.2504371984375 0.7684201640625 0.284288675 0.7726386453125 0.308081653125 0.7793232484375 0.3149178203125 0.7812404265625 0.3220728265625 0.791159403125 0.3309181125 0.79643164375 0.3505943796875 0.788550534375 0.359416240625 0.7916897390625001 0.369119571875 0.7901091046875 0.3752946359375 0.7973936890625 0.394431696875 0.7991681171875 0.413128021875 0.803097640625 0.41974382187500003 0.806452703125 0.43226508125 0.8157598 0.42977125312500003 0.8214501249999999 0.43591524687499994 0.8246131234374999 0.44369502499999997 0.8334052406250001 0.442297775 0.8582026796875001 0.46441099062499996 0.8598326281249999 0.47451872812499996 0.8654872656249999 0.4835480515625 0.8658220796875 0.47674821562499997 0.8585850781250001 0.4537640484375 0.8586802468749999 0.4460698359375 0.8497181296875 0.42067214531249997 0.831481146875 0.354623140625 0.824915503125 0.3381692078125 0.8240282890625 0.3288210453125 0.8156168421875 0.2994414453125 0.80799744375 0.287104221875 0.800065290625 0.259513375 0.79556130625 0.2588030359375 0.7896194375000001 0.2527264421875 0.780800071875 0.2157874328125 0.785399225 0.208803559375 0.781109365625 0.1907812421875 0.7747119953125 0.18099234375 0.7705904078125 0.1696350640625 0.7632803015625 0.13229164843750002 0.7584890843750001 0.13453404062500002 0.7502714312500001 0.13002583125 0.7509189968750001 0.1384796171875 0.7445709375 0.1449735203125 0.7455057359375 0.15047457656250002 0.7374801453125001 0.150707846875 0.725691575 0.1308604484375 0.71091000625 0.13002821250000002 0.7048729703125 0.13164583125 0.6987645578125 0.1390341109375 0.6766287578125 0.1449653796875 0.659428653125 0.157242846875 0.6752453734375 0.21627164687499997 0.6936726906249999 0.2669322265625 0.6882083890625 0.24251447812500002 0.6883273484375 0.23289671250000002 0.71266755625 0.23116771875 0.7443619984375001 0.22267521875 0.752292421875 0.23013615937499998 0.7547126859375 0.23715636406249999 0.7574677640624999 0.23737673125 0.759408734375 0.242608184375
9 0 0.33421655625 0.014519514062499999 0.3262113734375 0.021180325 0.33497109531249997 0.0357460375 0.3329854015625 0.0444905703125 0.33543525625 0.0894930078125 0.3252940671875 0.101771040625 0.325838534375 0.1106107390625 0.320594178125 0.11710327812500002 0.3226888625 0.1438144390625 0.3116972734375 0.1453712828125 0.3074457609375 0.1513845265625 0.3077516953125 0.1532523921875 0.29862390156249996 0.12545330937500002 0.19487631249999998 0.10255098437500001 0.2019715609375 0.075001921875 0.21989778906250002 0.0721516765625 0.227371634375 0.0729675140625 0.24249045625 0.063028203125 0.2758285359375 0.05344576875 0.28031331875 0.0424254546875 0.2794318484375 0.0213892640625 0.2572693953125 0.013890553125 0.2554443125 0.01022446875 0.2477993359375 0 0.2413177359375 0 0.33421655625
9 0.5849056828125 0.24335386093750003 0.5903920484375 0.24571815 0.5928361062499999 0.25081480156249997 0.610085521875 0.2548201359375 0.61347511875 0.2510361296875 0.6521051296875 0.24260242656250003 0.6642981609375 0.22974942343750002 0.6658787953124999 0.223574359375 0.6535616171874999 0.1856554078125 0.64256509375 0.182850384375 0.633149203125 0.17387029375000002 0.6255535953125 0.1596095171875 0.61606633125 0.1564000890625 0.6112751125 0.1586424796875 0.5828846921874999 0.1432435328125 0.57109785 0.14352604062500002 0.5596220328125 0.138932265625 0.5199495828125 0.14381093125 0.4849731859375 0.15414141718750002 0.46746033125 0.1511652609375 0.45174569375000007 0.16496187499999998 0.4520822375 0.1782919453125 0.446908621875 0.1911812796875 0.44233326249999994 0.19624160156249998 0.42977989375 0.1976880859375 0.43423802343749995 0.22237543906249999 0.44262567812500003 0.253678590625 0.44978957499999994 0.2623035109375 0.4550856078125 0.28005622343750003 0.45805654218749997 0.28309452031250004 0.5402992671875 0.2620162390625 0.5453539234375 0.25874466875 0.5500363484374999 0.245028359375 0.5533064078125001 0.24415214999999998 0.571082703125 0.246099128125 0.5849056828125 0.24335386093750003
9 0.7935359546874999 0.6657874875 0.783231121875 0.6273293296875 0.7793015984375 0.6207135296875 0.7758037859375 0.6197335875000001 0.760974634375 0.6227484578125 0.736707528125 0.6388366999999999 0.688746053125 0.644977815625 0.6818473234375 0.655453625 0.676816459375 0.656801640625 0.6630886484375 0.6518526953125 0.6560454375 0.65373991875 0.64308588125 0.6677569 0.631154559375 0.6594508203125 0.61886463125 0.6598681296875 0.5572246546875 0.6773431000000001 0.57548543125 0.741468553125 0.5855250953125 0.7608259796875 0.590294246875 0.7806370484375 0.588977053125 0.785782934375 0.5929541609375 0.7885516296875 0.80317115625 0.71784531875 0.8057579640625001 0.7114006515625 0.8016839609374999 0.6961962625 0.7949993578125001 0.6893600953125001 0.7935359546874999 0.6657874875
9 0.3041596984375 0.32049669999999997 0.3112046359375 0.338739384375 0.3099112328125 0.3419617171875 0.31204426406249997 0.351934653125 0.3187050765625 0.3606943734375 0.326106890625 0.3500837625 0.319755375 0.3163178515625 0.3211677375 0.3034777515625 0.32495278125 0.30150496250000003 0.3250241578125 0.29573430312500004 0.33688237499999996 0.2896811359375 0.37552485625 0.2869956265625 0.387383075 0.280942459375 0.42154536406250004 0.27562305781249996 0.42336564687499995 0.27034236875 0.431199171875 0.265367615625 0.43129434062499994 0.257673403125 0.4064186078125 0.1608112171875 0.40270494062499995 0.157013346875 0.3780775 0.161695071875 0.374652790625 0.1750743765625 0.3677302703125 0.187473740625 0.35476898437500004 0.181360815625 0.33045083750000004 0.16103635 0.32309660625 0.1677998546875 0.178469440625 0.185463628125 0.1707310828125 0.18274416875 0.1616517375 0.1870941515625 0.143396146875 0.1833584203125 0.14418819375 0.2004007953125 0.159285971875 0.25674646874999996 0.16180313125 0.27620236875000004 0.16853704687499999 0.2993213359375 0.17246657031249998 0.3059371359375 0.1921838359375 0.3131155671875 0.2409832125 0.3000398140625 0.2902624609375 0.29546278125000003 0.2973781984375 0.3012248375 0.3032486921875 0.313072090625 0.3041596984375 0.32049669999999997
9 0.5005963796875 1 0.4969736625 0.967643775 0.4878432734375 0.9355810484375 0.480364896875 0.8915725999999999 0.46955697812499997 0.8532492421875 0.4614582828125 0.8391232671875001 0.4533102765625 0.8087144921875 0.42064514375 0.672720140625 0.41345572500000005 0.6458888671875 0.40736937656250005 0.6312236859375 0.4065059546875 0.6199519703124999 0.26230794999999996 0.05563719375 0.24029110937499998 0.051950696875 0.2307324671875 0.054511928125 0.23327342031249998 0.0720442734375 0.2648830671875 0.192025428125 0.2714962953125 0.2046322546875 0.282135940625 0.2362905765625 0.2928011078125 0.28615525 0.322733225 0.39987577500000004 0.323093559375 0.4112822921875 0.32862923906249997 0.42992938125 0.3283182171875 0.4348056640625 0.3505560984375 0.501699809375 0.3526177578125 0.5174434046874999 0.3513243546875 0.5206657375 0.36644592343750004 0.5750878578124999 0.36750140781249996 0.5911010546875 0.382862625 0.6464175515624999 0.3939357125 0.7038416375 0.40093306562500003 0.725931428125 0.40222819843749996 0.7428390015625 0.40910659374999997 0.7745465593749999 0.466019359375 1 0.5005963796875 1
2 0.2525087578125 0.6046586406250001 0.28496972343750004 0.5950021624999999 0.288035825 0.590346246875 0.282404978125 0.57939336875 0.270857784375 0.580570253125 0.24946471875 0.5872610953125 0.2470699734375 0.598447246875 0.2485078578125 0.6038135015625 0.2525087578125 0.6046586406250001
2 0.0955696015625 0.6447931828125 0.0973660921875 0.6414360484375 0.09645508593749999 0.6340114390625 0.0920224765625 0.6275304390625001 0.06310690625000001 0.6343197546875 0.0671809109375 0.6495241421875 0.06967255 0.6507736875 0.0955696015625 0.6447931828125
10 0.8701067531250001 0.4343808109375 0.8572899453125 0.436856475 0.87020710625 0.48707631874999996 0.89601590625 0.5693096546875 0.9024608609375001 0.5752514468750001 0.9059824671875001 0.574307834375 0.9065807203125 0.5664788203125 0.8986247781250001 0.5408115265625 0.89845650625 0.5341464921875 0.890452978125 0.5123263046875 0.8910512328125 0.504497290625 0.8701067531250001 0.4343808109375
10 1 0.43618609687500004 0.9920457171875 0.406500309375 0.9636094421875001 0.41507837500000005 0.9557283312499999 0.42390023593750004 0.9662966031250001 0.461329215625 0.9955794250000001 0.546466046875 1 0.5454142531249999 1 0.43618609687500004
10 0.8770137140625 0.2408122859375 0.8752648078125 0.240322315625 0.8683150375 0.2143854171875 0.8693450015625 0.2121922609375 0.8629476296874999 0.2024033625 0.8586832921875001 0.2025874 0.8588753546874999 0.2073288828125 0.85200041875 0.2158811390625 0.8517862921875 0.2331931171875 0.854733434375 0.2381549671875 0.8570823234375 0.25094583125000003 0.8637193421875 0.2616291046875 0.8705501531250001 0.2971837671875 0.87519861875 0.3064826953125 0.8871333984374999 0.355048590625 0.90024089375 0.3898800078125 0.905321934375 0.41487974687499996 0.9020646328125 0.424859134375 0.8854627828125 0.42930758593749996 0.886349996875 0.43865574843750005 0.921170225 0.562569575 0.9387068734374999 0.5636221796875 0.9781634640625001 0.555925584375 0.9790489499999999 0.5451438390625001 0.9623705375 0.4949732296875 0.9566427953125001 0.47158465937500005 0.909938828125 0.3355176453125 0.8955855125 0.300061453125 0.8813749484375 0.25306394375 0.8770137140625 0.2408122859375