10 0.3310130140625 0.6989315390625 0.32946231875 0.6693425171875 0.3306576 0.642391171875 0.32677759375000004 0.5285493296875 0.319156565625 0.3731797 0.3218282171875 0.35449575312500003 0.3203259828125 0.3258313859375 0.31737323906250003 0.30929659374999996 0.3190401796875 0.281393334375 0.313858309375 0.2223243203125 0.3137000015625 0.20935186562500002 0.31719545937500004 0.20638708593750002 0.313409246875 0.20380392343749998 0.31429117500000003 0.19077695 0.30969408593750003 0.1826731046875 0.27861935781249997 0.1768840890625 0.269354125 0.17922405156250001 0.27170276250000003 0.20413527343750001 0.26934446093750003 0.20889485 0.26846253125 0.221921825 0.2719807265625 0.3487633796875 0.2746427171875 0.35975022968750003 0.2723716703125 0.39602991875 0.277534209375 0.514440528125 0.276313065625 0.5209949015625 0.27943065625 0.6302407171875 0.28481929375 0.7032068437500001 0.27997024375 0.720150509375 0.28465132031249996 0.7199051843750001 0.2901917296875 0.7261052 0.3219674828125 0.7253670999999999 0.33271875 0.701623734375 0.3310130140625 0.6989315390625
10 0.6486125046875 0.9771353796875 0.6382101125 0.9776805453125 0.63969615 0.9562771421875 0.6552512765625 0.9545347375000001 0.661722075 0.9486324375 0.675571465625 0.9441978359375 0.6817289140625 0.9522199062500001 0.691985928125 0.94890076875 0.7015419171875 0.9521087484375 0.70443326875 0.9575203968749999 0.7199399375 0.954853334375 0.72076374375 0.9705725031249999 0.729292425 0.9840334828125 0.7542581640625 0.9827250843750001 0.735937453125 0.7426141109375 0.7313500265624999 0.7048394671875 0.7285071328125 0.7003524750000001 0.7095405328125 0.6967104890625 0.6367367265625 0.7107251359375 0.6301690109375 0.7147781234374999 0.6175892234375 0.7135830078125001 0.6055424859375 0.7225591203125 0.5987324734375 0.721988821875 0.5953339328125 0.7268029140625 0.5960478890625 0.730474284375 0.6080849625 0.7511689703125 0.59473309375 0.7750486265625 0.5851900375 0.782039134375 0.583122490625 0.792346653125 0.5858458703125 0.8144566453125 0.59634845 0.8556300765625 0.5932535953125 0.876190596875 0.5850544640625001 0.8988730125 0.5878521671875 0.9423046328125 0.5920648515625 0.9828805062500001 0.594533003125 0.990168728125 0.6538266312500001 0.9870612796874999 0.65533853125 0.98605485 0.6486125046875 0.9771353796875
9 0.118497425 0.8037158671875 0.1210011046875 0.8017302609374999 0.1249326953125 0.807087396875 0.158524034375 0.821089290625 0.185195509375 0.8224730890625 0.224579215625 0.8176274859375001 0.233699071875 0.8125135515625 0.23444855625 0.8069110921875 0.24083536875 0.8093579640625 0.24257663125 0.8027763312499999 0.247680909375 0.8006544343750001 0.248792203125 0.7820522624999999 0.2641405609375 0.7664127421875 0.2963395140625 0.7637980703125 0.303850553125 0.757841253125 0.3471529203125 0.7481542984375 0.40186239218750003 0.7471414921874999 0.40724449375000005 0.7403690515625 0.41712676406250004 0.7398511437499999 0.4213846390625 0.741482390625 0.42755501875 0.759702946875 0.4634917265625 0.7587467796875 0.46856047656250005 0.7658987109375001 0.4747405203125 0.7544484703125 0.4935488109375 0.7451179984375 0.49717671562500004 0.7347287062500001 0.5365119640625 0.728958446875 0.5512562156249999 0.7216953562499999 0.5500447359375 0.6985789328124999 0.54600329375 0.6811739984375 0.5262387515625 0.682209815625 0.5192833593749999 0.6788655453125 0.43994736406249996 0.6876593515625 0.4132403625 0.6955493828125 0.358301528125 0.702137390625 0.3500765328125 0.7044228390625 0.343134075 0.7112770546875 0.332440928125 0.706274278125 0.329236225 0.7147870000000001 0.3252206453125 0.7177790359375 0.2811558609375 0.7228699640625 0.2774181046875 0.7212114578125 0.27400663281250004 0.715827065625 0.274332915625 0.7121011796875 0.27083745625 0.7150659593750001 0.26742598281249996 0.7096815671875001 0.263930525 0.712646346875 0.26274490781250004 0.7099268921874999 0.14813770312500002 0.7224235765625 0.132824871875 0.72878926875 0.09079210625 0.7328465046875 0.0854100046875 0.7396189453125 0.0744874953125 0.7401913703125 0.072684840625 0.7356498593749999 0.0393487296875 0.7364697359375 0.0397848640625 0.7447916484375 0.031330504687499997 0.7526522953125 0.012751578125 0.756407565625 0.014786865625000001 0.7952431578125 0.040889762499999996 0.7957295578125 0.054122114062500004 0.7894728984375 0.0632549015625 0.79455745 0.0839627640625 0.7916178031250001 0.0997601875 0.79449868125 0.118497425 0.8037158671875
10 0.491613709375 0.748001003125 0.4959555703125 0.7412830796875001 0.49561635624999995 0.73481048125 0.482794271875 0.72899208125 0.4088048515625 0.7402872765625 0.404886190625 0.7451286265625 0.3888109453125 0.7468982921875 0.38497627031250004 0.743390471875 0.3738728546875 0.7504627546875 0.3695439265625 0.7673791624999999 0.3691465890625 0.7896527046874999 0.3765381125 0.8013188875000001 0.3844368234375 0.8027593281250001 0.4128011015625 0.7966368359375 0.42732892187499993 0.80514743125 0.440900490625 0.8053633703124999 0.45696280624999996 0.793395221875 0.46758162812500004 0.7770763703125 0.475163721875 0.7525718984374999 0.491613709375 0.748001003125
10 0.268359640625 0.737448534375 0.274636603125 0.72784760625 0.2588391796875 0.724966728125 0.22215298906249997 0.731525353125 0.2253964875 0.7536080875 0.223412928125 0.755566434375 0.1007745640625 0.7740471953125 0.0743098578125 0.7865605109375 0.073560375 0.79216296875 0.106292378125 0.7997195234375 0.1346340625 0.8130693453125 0.1743214578125 0.8239701687500001 0.203968271875 0.8224164453125 0.2447669609375 0.8147150984374999 0.24826242031249998 0.81175031875 0.2540418578125 0.782704334375 0.270091240625 0.7605377015625 0.268359640625 0.737448534375
9 1 0.631634184375 0.946275646875 0.636089503125 0.9483464609375 0.6656512671875 0.9501006562500001 0.6692681203124999 0.9766267531249999 0.667877946875 1 0.6606851515625001 1 0.631634184375
9 0.764841178125 0.677122765625 0.7132750203125 0.658499709375 0.5833065234375 0.67643743125 0.5740897484375 0.6797020500000001 0.5728686046875 0.6862564234375 0.573233684375 0.7131259937500001 0.5757018359375 0.720414215625 0.5960349578125 0.7202757984375 0.6030388062500001 0.7245447265625 0.6181093421875 0.7135557484375 0.6783462921875001 0.708544471875 0.710774609375 0.7003546 0.7630417921875 0.7124505390625 0.7686661890625001 0.7103013828125 0.764841178125 0.677122765625
9 0.5643395 0.22495949999999998 0.5767868421875 0.2335791296875 0.5782987421875 0.2325726984375 0.5774878671875 0.2270520140625 0.5813580671875 0.22128600625 0.5928491578124999 0.22161097968750001 0.5989581453125 0.22870839375 0.5992489015625 0.2342563359375 0.623416696875 0.2376257375 0.646628240625 0.2327004875 0.6519748125 0.235201875 0.6498588078124999 0.24458473593750002 0.6546852609375 0.2471133828125 0.6784653828125 0.2430855296875 0.68818934375 0.22959516406249997 0.68695526875 0.22595105312500002 0.689833690625 0.22116421874999997 0.6889258953125 0.2137942203125 0.6791502078125 0.18649064531249998 0.6766173953125 0.128209996875 0.672430575 0.10803109375 0.6713515421875 0.07749015625 0.6668384374999999 0.061037137500000005 0.6630037640625 0.05752931875 0.6573793671875 0.059678473437500004 0.6359446156249999 0.048748265624999995 0.6081359828124999 0.0455696703125 0.60249865625 0.037520340624999995 0.5948907 0.04162784375 0.5882615906249999 0.0345576875 0.5471236875 0.035786437500000004 0.5425395296875 0.037881075 0.5413183859374999 0.04443545 0.5325248124999999 0.0458234984375 0.5279535875 0.058116621874999996 0.530082525 0.0589322453125 0.5333615515625 0.07174115156250001 0.5410955578125 0.12974921718750002 0.5406982203124999 0.152022759375 0.538243 0.154933021875 0.5405916390625001 0.17984424375000002 0.5385240921875 0.1901517609375 0.544901240625 0.22226943124999998 0.5643395 0.22495949999999998
9 0.5873798015625 0.1968633078125 0.6067082125 0.18750557968749998 0.6151755031249999 0.18984341875 0.6153079484374999 0.182418903125 0.6095252421875 0.171595603125 0.61754346875 0.15541304375 0.615353140625 0.1434742765625 0.6233229046875 0.12636705937499998 0.6447705890625001 0.1474957546875 0.6451582625000001 0.154893009375 0.6513157109375001 0.16291508125 0.6540002953124999 0.15442961718749998 0.6628778546875 0.14469239843749998 0.6645222000000001 0.136261453125 0.66062286875 0.0817612078125 0.6388844296875 0.055084571875 0.6097932609375001 0.047337209375 0.6007089328124999 0.043177315625000004 0.589156453125 0.0317292 0.5856125328124999 0.033769321875 0.5838583374999999 0.030152470312500002 0.5760565453125001 0.0305613453125 0.5742183625 0.0352936609375 0.571423928125 0.031731325 0.547172146875 0.03671109375 0.543024121875 0.0471276453125 0.5361656484374999 0.045632690625 0.5290778125 0.049712934375000004 0.528328328125 0.0553153921875 0.5326475937499999 0.06806978125 0.5344535171875 0.112480575 0.533003009375 0.1246101484375 0.538184878125 0.1836791625 0.5398421546875001 0.1854467015625 0.561687175 0.1843018515625 0.5714370015625 0.1912084578125 0.5818393921875 0.1906632921875 0.5873798015625 0.1968633078125
9 0.038695600000000004 0.1468069171875 0.049472732812499996 0.1434605203125 0.055013142187499996 0.1496605359375 0.060372648437499996 0.16236040937500001 0.059151503125000005 0.16891478437500002 0.06128044218749999 0.16973040625 0.0882017453125 0.16924671875 0.090988646875 0.179299825 0.1041854734375 0.1823169953125 0.1584232828125 0.1822561015625 0.167979271875 0.18546408125 0.1709061515625 0.1816019015625 0.1886871359375 0.18252443437500002 0.1947961234375 0.18962184843750002 0.2194840390625 0.1929639921875 0.25546920625 0.192932484375 0.26298024531249997 0.1869756671875 0.27201611406250004 0.190210903125 0.271085725 0.20231321875 0.2730337578125 0.20962869999999997 0.2716187765625 0.212484446875 0.2737477140625 0.21330006875000002 0.27585405625 0.23358800624999998 0.2716575734375 0.2430799 0.27341176875 0.2466967546875 0.27162204375 0.252353728125 0.27386083125 0.26521715156250003 0.271744828125 0.2746000125 0.273392440625 0.30603835 0.2773724921875 0.312320140625 0.274603921875 0.3291547734375 0.2764065765625 0.333696284375 0.274519934375 0.33750394687499996 0.27516610468749997 0.39959225468750004 0.27821576718749996 0.41797636093749996 0.2792948015625 0.44851729999999995 0.306909596875 0.44799726562500003 0.309448803125 0.43673783281249995 0.3172021375 0.4354043015625 0.31867850937500003 0.44367169687499997 0.32217396875 0.44070691718750005 0.3182875671875 0.39640515781249996 0.3197025484375 0.3935494125 0.317331315625 0.388110503125 0.318878740625 0.37783024374999996 0.3068061421875 0.3664093859375 0.304144153125 0.35542253437500004 0.30564312031249996 0.34421761875 0.30316203750000004 0.3267309109375 0.31604224375 0.3038031671875 0.3140942109375 0.2964876875 0.31645251406249997 0.2917281109375 0.3137420640625 0.279816603125 0.31571269218750003 0.2676597703125 0.31319608125 0.2594468921875 0.311125265625 0.22988512656250001 0.307339053125 0.22730196406249997 0.30997517812500003 0.21789184375 0.32735555625 0.20121863437499998 0.353083709375 0.20450626249999998 0.3654212 0.2010780921875 0.3701991953125 0.2026820828125 0.377119059375 0.21530017968749998 0.3847754734375 0.21211733437500002 0.396411940625 0.21521627968749998 0.43836717500000005 0.21394469531250002 0.44167527343749996 0.223043290625 0.451799840625 0.22714866875 0.4563355390625 0.224129371875 0.4950182234375 0.2258108859375 0.5054561421875 0.2159918921875 0.5076335375000001 0.217732171875 0.5079242921875 0.2232801125 0.5147343078125 0.22385041249999998 0.5123146140625 0.21748684687500003 0.5169213671875 0.1959198953125 0.5137973812500001 0.1562141625 0.5103859078124999 0.15082976875 0.5106637328125 0.1461792265625 0.505026403125 0.138129896875 0.5062346171875001 0.12137703749999999 0.51114505625 0.1155565140625 0.5069904953125 0.0462344984375 0.5055625828125 0.0388917578125 0.5004938328125 0.031739828125 0.49334460625 0.0246969296875 0.48430873593749996 0.02146169375 0.42223360468750004 0.031205290625 0.4183020125 0.025848156249999997 0.4001818140625 0.0184530265625 0.352124046875 0.0070636765625 0.007284785937500001 0.0251359375 0.006939176562500001 0.08820341875 0.0037829312499999997 0.097640796875 0.004910425 0.1291063921875 0.008092534375 0.140065984375 0.03320365 0.14153155625 0.038695600000000004 0.1468069171875
9 0.9873582734375 0.2556402328125 0.9842568828125 0.1964621875 0.9772530312500001 0.192193259375 0.977482396875 0.1866180609375 0.9831423203125 0.175195078125 0.9821246765625 0.1557772796875 0.976875021875 0.1551252078125 0.969981021875 0.16290407812500002 0.9632679265625 0.16418309375 0.9542320578125001 0.1609478578125 0.9435259796875 0.1457465953125 0.9398722109375001 0.13573891875 0.9332915609375 0.1295934203125 0.9041164078125 0.130195228125 0.8841095687499999 0.126607759375 0.8792475890624999 0.133352940625 0.8785110359375 0.149153884375 0.884975440625 0.21279166562500001 0.8863548921875 0.21920974843750002 0.88848383125 0.220025371875 0.8906870906250001 0.2421626234375 0.8953326390624999 0.2511911265625 0.9089042078125 0.2514070671875 0.9123156796874999 0.256791459375 0.9201659328125 0.2573072421875 0.9873582734375 0.2556402328125
9 0.8493455453125 0.1200848953125 0.8433464078125 0.1250352796875 0.82782680625 0.117503859375 0.807493684375 0.11764227499999999 0.7662943906249999 0.1077478828125 0.7607184546875 0.1108216953125 0.7674025578125 0.1985550734375 0.7703682328125 0.22528835156250002 0.7747844171875 0.23989205624999999 0.8039240453125001 0.248564075 0.8359291593749999 0.24225077499999997 0.8648749499999999 0.2472241671875 0.8647037078125 0.2240532265625 0.8577191859375001 0.160442703125 0.8533740562500001 0.12729134375 0.8493455453125 0.1200848953125
9 0.8523571171875 0.8542667859374999 0.8384237406249999 0.8670505593750001 0.8506741171875 0.9813809234375 0.9515773109375001 0.9760928109375 0.952084496875 0.9658670687500001 0.9419049359375 0.88109846875 0.9401991984375 0.8784062734375 0.9252966359375 0.8726969062500001 0.90704399375 0.872726290625 0.875907875 0.8558141328125 0.860533653125 0.85105668125 0.8523571171875 0.8542667859374999
9 0.8385046 0.968110753125 0.8285414687499999 0.8675684671875 0.8169339921875001 0.775457128125 0.816678765625 0.7606353578125 0.81287961875 0.747853709375 0.8119007703125 0.75903136875 0.793590003125 0.78780689375 0.78888633125 0.80752453125 0.7913577515625 0.8546820359374999 0.7895680296875 0.8603390125000001 0.7900300265625 0.8890578953125001 0.7942556421875 0.9398322546875001 0.8005003453124999 0.9793744375 0.8114228546875 0.9788020124999999 0.8147858687499999 0.983261746875 0.8371510093750001 0.982089640625 0.8389891921875 0.977357321875 0.8385046 0.968110753125
9 1 0.8775039124999999 0.9961912046875 0.8819622328125 0.9786395859375 0.8754645 0.9725919875000001 0.879490228125 0.966557321875 0.893714440625 0.976022928125 0.974811671875 1 0.9735550875 1 0.8775039124999999
10 0.7524463203125 0 0.7543477000000001 0.009163945312500001 0.7568191203125 0.056321449999999995 0.758670234375 0.0617876171875 0.7799596078125 0.0699438546875 0.7886691953125 0.0769049765625 0.7936280953125 0.072009109375 0.795902409375 0.07559870468749999 0.803926034375 0.0761054 0.8168299734375 0.09675465625 0.8222960609375001 0.08163304375 0.8391337234374999 0.08445940625000001 0.8472617984375 0.0803246453125 0.8375278234374999 0 0.7524463203125 0