9 0.384960040625 0.27250935 0.38232802499999996 0.2681681234375 0.3845269953125 0.2604350875 0.38906671406250004 0.2589448 0.38276878281250004 0.25038929374999996 0.3835297421875 0.243765703125 0.3789572328125 0.24712577656249998 0.37412094218749997 0.23979012187499998 0.372324634375 0.2208866515625 0.36883714218749997 0.2138518265625 0.34811183749999997 0.21173217656249999 0.315911378125 0.23154484687500002 0.30644615625 0.227109753125 0.299481784375 0.23449502656250001 0.290872040625 0.23275353124999998 0.26839913437499996 0.2420430140625 0.266961121875 0.243152459375 0.26750700781250003 0.2561457453125 0.2598 0.26175644375 0.26023304375 0.27383070625 0.2577611296875 0.2750670984375 0.262453234375 0.3090075203125 0.2608184734375 0.32133567812499997 0.2628496296875 0.3378781140625 0.26644996249999997 0.34583196250000003 0.392520453125 0.3340839703125 0.3955565765625 0.3374427 0.3971913375 0.32511454375 0.3917961421875 0.32391123125 0.38702013125 0.30210854375 0.384960040625 0.27250935
9 0 0.35960242343750004 0.0119682359375 0.3630851984375 0.0453916328125 0.361779959375 0.053211481250000005 0.357088284375 0.23163581249999998 0.35290524218749997 0.24435223125 0.34108218749999997 0.23604918281249998 0.277732990625 0.2271009125 0.27323442343750004 0.22039887343750003 0.2656614140625 0.2062704828125 0.2403426578125 0.201617921875 0.2409139203125 0.1978391640625 0.23578061875 0.1817008359375 0.236829275 0.1515469609375 0.2134782015625 0.139496984375 0.209360475 0.12771995 0.21173939375 0.1191757890625 0.20625832812499997 0.11397348593750001 0.20876285 0.1015521921875 0.2037578359375 0 0.20830297656250002 0 0.35960242343750004
9 0.4719341265625 1 0.470890659375 0.9980002953125 0.46468724687499996 0.9987619796875 0.45490182343749996 0.983171646875 0.4555682640625 0.9672308671875 0.45983504062499997 0.9592439390624999 0.4639706484375 0.95873615 0.46272938750000003 0.9486268828125001 0.4667048953125 0.942541475 0.4668543875 0.9266641671875 0.47615950625 0.9255216421875 0.46356364375 0.9084106328124999 0.4633562859375 0.8981744171875 0.46733179375 0.8920890109374999 0.4644085109375 0.8896493062499999 0.46523505312499996 0.8792861437499999 0.461343453125 0.8732338171875 0.45709500312499995 0.87282258125 0.4252224578125 0.8739374 0.419696096875 0.8802132281249999 0.410616659375 0.8831938015624999 0.3851915390625 0.8769868203125 0.375416725 0.8828514125 0.369599096875 0.8910287640625001 0.36802991875 0.89961735 0.3538465546875 0.8994930890624999 0.3457354375 0.9060862859375 0.33052878125 0.927543896875 0.3385368921875 1 0.4719341265625 1
9 0.31686934375 1 0.315605678125 0.976953078125 0.31025484531249997 0.9291003437500001 0.30516924218749997 0.91759734375 0.29431326874999997 0.9189302906249999 0.26159585625 0.9388064343750001 0.05450581718750001 0.9744955687499999 0.0576373671875 1 0.1741341328125 1 0.190456246875 0.9876550984374999 0.228139 1 0.31686934375 1
9 0.6354614625 0.8425260187499999 0.63219965625 0.8373292421875 0.5186777703125001 0.8615296499999999 0.5149279453125 0.8694531078125 0.521247096875 0.9209184625000001 0.526107015625 0.930583415625 0.5417312875 0.9809062453124999 0.5441376171875 0.9834094234374999 0.6026842609374999 0.9687577640624999 0.612976025 0.962829696875 0.6412954937500001 0.9584196234375 0.6483071265625 0.9556929437499999 0.64929376875 0.950907403125 0.6354614625 0.8425260187499999
9 0.6373199859375 0.9645050312500001 0.6493410265625 0.955565996875 0.6387338812500001 0.8691777203125 0.6363931328125 0.8629349718749999 0.627313696875 0.8659155453125 0.6213070328125 0.8554585171875001 0.6214381999999999 0.847979378125 0.6190318703125001 0.8454761984375001 0.5210841 0.8640328296875 0.5149279453125 0.8694531078125 0.524763521875 0.9410100484375 0.5316439875000001 0.9457625109375 0.536729590625 0.9572655093750001 0.5397946484375 0.9736809984375 0.5386951625 0.977547515625 0.54269960625 0.98451886875 0.5496456546874999 0.9855317593749999 0.5522959937499999 0.9814748218749999 0.5764325953125 0.9729139421875 0.6373199859375 0.9645050312500001
9 0.9336429234375 0.8777456578124999 0.9907882046875001 0.8474071140625 0.9963801484375001 0.8373917140625 0.9975452171875 0.8297856250000001 0.995626903125 0.8141622140625 0.9854817359375 0.7529049609375 0.9128173125 0.7636927890625 0.9291398546874999 0.862439615625 0.9336429234375 0.8777456578124999
9 0.785062878125 0.9155794625 0.7752273015625 0.8440225218749999 0.7718526515625 0.8379067203125 0.7592490749999999 0.8506487984375 0.7487499515625 0.8463406515624999 0.74080665 0.828658378125 0.7298638734375 0.7908210437500001 0.7264709 0.7931034078125 0.7278905859375 0.8003921281249999 0.72477055625 0.8091711343749999 0.70591630625 0.8180163015625 0.6624268296875 0.8270876546875 0.6567876265625 0.832444459375 0.656139509375 0.8399870734375 0.6668305625000001 0.9142376140625 0.67523584375 0.9570509109374999 0.6847971875 0.9437494921875 0.70152415625 0.936098403125 0.7227847359374999 0.9297564125 0.74719428125 0.9276921781249999 0.76317250625 0.9210659015625 0.781604321875 0.921601396875 0.785062878125 0.9155794625
9 0.90692928125 0.8567708140624999 0.895965284375 0.77602363125 0.89265621875 0.766168259375 0.7887307171875 0.7873246218750001 0.7891637609375 0.7993988843750001 0.7930842953125 0.8185079703125 0.7930765828124999 0.8483610609375001 0.7968003671874999 0.8786888609375 0.8040772281249999 0.912311915625 0.8128653968749999 0.9112328640625 0.8375845328124999 0.898868940625 0.85394854375 0.8996583296875 0.8884241671875 0.8898279796875 0.8930477937499999 0.8761999578124999 0.90692928125 0.8567708140624999
10 0.5049744953124999 0.8000994359375 0.5113904781249999 0.860899915625 0.5498643046875 0.8580422078125001 0.5952534265625 0.84313755625 0.6335014265625001 0.8384412921875001 0.62418635 0.7369378640625001 0.6131245625 0.6468468281249999 0.604997509375 0.5806573015625001 0.5919632375 0.5001398828125 0.5832539828125001 0.437754553125 0.5728694359375 0.35317921874999997 0.5663105234375 0.3220740296875 0.5483570546875 0.32446161406249996 0.5641003437500001 0.42704218593750004 0.5729046296875 0.49874734218750005 0.58058016875 0.5612595953125 0.5927113562499999 0.6344226171875 0.5947074609375 0.6677713 0.5623052687500001 0.677348571875 0.5216332953125 0.687941390625 0.49268888593750004 0.6914953171875 0.5049744953124999 0.8000994359375
10 0.643399371875 0.7737714296875 0.6520135687499999 0.8268367187500001 0.69888791875 0.8154824171874999 0.7371359187500001 0.810786153125 0.7292940859375 0.772556453125 0.7499686953125 0.7700179296874999 0.7574898218749999 0.7970891546875001 0.76899155 0.7882116390625 0.7607695624999999 0.7127024125 0.7495533328125 0.5871701390624999 0.7352240015625 0.5217422296875001 0.715797209375 0.42334664687499995 0.7071338921875 0.3257728828125 0.6895859875 0.3295166609375 0.6936138374999999 0.3794125828125 0.701740871875 0.44560197031250004 0.715416571875 0.548436409375 0.7298410328125 0.6231842796875 0.7339996515625 0.665598721875 0.692876184375 0.672514403125 0.654628184375 0.6772106671875 0.6325633140625 0.6855188203125 0.643399371875 0.7737714296875
5 0.93813730625 0.73912765625 0.94188713125 0.7312042 0.9882998890625 0.72457255 0.9846706218750001 0.703561940625 0.9826761140625001 0.6702231750000001 0.9786899968749999 0.6548536578124999 0.9706627859375001 0.64930911875 0.9739323078125001 0.6246528046875001 0.97025578125 0.5989836015625001 0.971468109375 0.5960361078124999 0.9685448265625001 0.5935964031250001 0.9691273624999999 0.589793359375 0.96069604375 0.5852313171875 0.921699025 0.5881537906250001 0.913005375 0.5985500312500001 0.907093228125 0.59741019375 0.9030521359374999 0.607235171875 0.8932300640624999 0.6084411703125 0.8920177375 0.6113886625 0.8949226937500001 0.6222265328125001 0.90380538125 0.6304646703125 0.9032701046874999 0.6389263109375001 0.907547490625 0.6523943046875 0.91263309375 0.663897303125 0.9196264015625 0.6695687890625 0.9286720859375001 0.7346925625 0.934001696875 0.7396354453125 0.93813730625 0.73912765625