10 0.6635416671875001 0.5324074078125001 0.6661458328125 0.65 0.6692708328125 0.6851851859375 0.6828125 0.6879629625 0.7411458328125 0.6851851859375 0.7651041671875001 0.6777777781250001 0.7614583328125 0.497222221875 0.7625 0.43148148124999997 0.75625 0.42222222187499997 0.7333333328125 0.427777778125 0.7265625 0.42222222187499997 0.71640625 0.4268518515625 0.6880208328124999 0.427777778125 0.6854166671875 0.4240740734375 0.6802083328124999 0.42314814843750004 0.6791666671875001 0.42592592656250006 0.6770833328125 0.42314814843750004 0.6713541671875001 0.43518518593750005 0.6786458328125 0.4379629625 0.6807291671875 0.4481481484375 0.678125 0.45648148125 0.6640625 0.4703703703125 0.6645833328124999 0.48703703750000005 0.6703125 0.5074074078125 0.6682291671875 0.521296296875 0.6635416671875001 0.5324074078125001
10 0.4380208328125 0.447222221875 0.46302083281249995 0.44629629687500005 0.4713541671875 0.4240740734375 0.4770833328125 0.41944444374999995 0.47447916718750005 0.41203703750000004 0.4625 0.41111111093749997 0.3921875 0.41111111093749997 0.3796875 0.4148148140625 0.3807291671875 0.41944444374999995 0.3859375 0.41944444374999995 0.40625 0.43518518593750005 0.4380208328125 0.447222221875
9 0.6557291671875001 0 0.6541666671875 0.009259259374999999 0.6557291671875001 0.055555556250000006 0.6645833328124999 0.0666666671875 0.6817708328125 0.0731481484375 0.7125 0.0546296296875 0.7166666671875 0.061111110937500004 0.7208333328125 0.061111110937500004 0.7229166671875 0.055555556250000006 0.7286458328125 0.061111110937500004 0.7385416671875 0.037037037499999995 0.7380208328125 0 0.6557291671875001 0
9 0.8651041671874999 0.127777778125 0.875 0.1231481484375 0.8729166671874999 0.039814814062499995 0.8359375 0.034259259375000004 0.8197916671875 0.0231481484375 0.8140625 0.021296296875000002 0.8135416671875 0.0240740734375 0.8119791671875 0.0675925921875 0.8145833328125001 0.11851851875 0.8265625 0.1231481484375 0.8651041671874999 0.127777778125
9 0.9333333328125001 0.15092592656249998 0.9380208328125 0.1481481484375 0.9505208328125001 0.15277777812499999 0.9677083328125 0.15092592656249998 0.9666666671874999 0.10185185156250001 0.9609375 0.0861111109375 0.953125 0.0824074078125 0.9442708328125 0.0675925921875 0.940625 0.055555556250000006 0.8927083328125001 0.0416666671875 0.8911458328125 0.048148148437499996 0.8927083328125001 0.1231481484375 0.896875 0.1379629625 0.9088541671874999 0.13888888906250002 0.9333333328125001 0.15092592656249998
9 0.8776041671874999 0.6953703703125 0.8947916671874999 0.6861111109375 0.8963541671874999 0.6777777781250001 0.8953125 0.6268518515625 0.890625 0.5722222218749999 0.8682291671875 0.5638888890625 0.8432291671875 0.546296296875 0.8354166671875 0.546296296875 0.828125 0.5518518515624999 0.8276041671875 0.5879629625 0.8328125 0.6925925921875 0.8364583328125 0.696296296875 0.8776041671874999 0.6953703703125
9 0.9994791671875 0.6546296296875 0.9953125 0.6351851859375001 0.99375 0.5953703703125 0.9901041671874999 0.584259259375 0.9869791671874999 0.5861111109375 0.984375 0.5759259265625001 0.9666666671874999 0.5666666671875 0.9520833328125 0.5759259265625001 0.9322916671874999 0.58148148125 0.9192708328125001 0.577777778125 0.9114583328125001 0.5824074078125 0.9130208328125 0.6740740734374999 0.915625 0.6879629625 0.9994791671875 0.6796296296875 0.9994791671875 0.6546296296875
9 0.7822916671875 0.8490740734375001 0.784375 0.872222221875 0.7895833328124999 0.8833333328125 0.790625 0.9064814812499999 0.7854166671875 0.915740740625 0.7859375 0.9305555562500001 0.7838541671875 0.93148148125 0.7854166671875 0.9453703703125 0.7744791671875 0.9620370375 0.775 0.9916666671875 0.7828125 0.9990740734375001 0.8317708328125001 0.9990740734375001 0.8380208328125001 0.990740740625 0.8375 0.9703703703125001 0.8354166671875 0.9629629625 0.8369791671875 0.9583333328125001 0.8354166671875 0.847222221875 0.8328125 0.8222222218749999 0.834375 0.7824074078125001 0.8307291671874999 0.7509259265625 0.8333333328125001 0.747222221875 0.8333333328125001 0.740740740625 0.8307291671874999 0.7268518515625 0.8317708328125001 0.7046296296875 0.8291666671875 0.696296296875 0.8307291671874999 0.6879629625 0.8239583328125001 0.6447530859375 0.8177083328125001 0.46944444374999994 0.8140625 0.45370370312499997 0.80625 0.4574074078125 0.7984375 0.4703703703125 0.79375 0.51944444375 0.7942708328125 0.5694444437499999 0.7973958328124999 0.5879629625 0.7958333328125 0.6 0.7984375 0.6166666671875001 0.7984375 0.6416666671875 0.8015625 0.6537037031249999 0.8010416671874999 0.6777777781250001 0.8052083328125 0.7111111109375 0.8046875 0.722222221875 0.8072916671874999 0.728703703125 0.803125 0.7425925921875 0.7932291671875 0.74351851875 0.7838541671875 0.75 0.7786458328125 0.746296296875 0.7786458328125 0.7740740734375 0.78125 0.7824074078125001 0.7822916671875 0.8046296296875 0.7822916671875 0.8490740734375001
9 0.38125 0.0240740734375 0.41197916718750005 0.0324074078125 0.415625 0.0361111109375 0.4526041671875 0.0379629625 0.4640625 0.040740740625 0.46979166718750004 0.046296296875 0.5213541671875 0.053703703125 0.5708333328124999 0.07962962968750001 0.5869791671875 0.0824074078125 0.6135416671875 0.08055555625000001 0.6177083328124999 0.0861111109375 0.6213541671875 0.0861111109375 0.6359375 0.0759259265625 0.6385416671875 0.0675925921875 0.6369791671875 0.0490740734375 0.6296875 0.0388888890625 0.634375 0.013888889062500001 0.6265625 0.015740740625 0.496875 0 0.3427083328125 0.0009259265625 0.34375 0.0129629625 0.3526041671875 0.0203703703125 0.38125 0.0240740734375
9 0.14114583281249998 0.4046296296875 0.1427083328125 0.41203703750000004 0.1463541671875 0.4129629625 0.1760416671875 0.4148148140625 0.1848958328125 0.41944444374999995 0.1994791671875 0.4166666671875 0.23020833281250003 0.41944444374999995 0.2520833328125 0.40833333281249995 0.3125 0.41203703750000004 0.31979166718749996 0.403703703125 0.3182291671875 0.3851851859375 0.3104166671875 0.3740740734375 0.1666666671875 0.3703703703125 0.12291666718750001 0.35555555625 0.11875 0.3611111109375 0.11875 0.3851851859375 0.1260416671875 0.3990740734375 0.13125 0.397222221875 0.14114583281249998 0.4046296296875
10 0.5703125 0.46296296249999996 0.578125 0.46296296249999996 0.5916666671875 0.4509259265625 0.5979166671875 0.4361111109375 0.6083333328125 0.43333333281249997 0.6104166671875 0.425 0.596875 0.4166666671875 0.5432291671875 0.41944444374999995 0.5390625 0.42129629687500003 0.5354166671875 0.43055555625 0.5354166671875 0.45 0.5401041671875 0.4546296296875 0.553125 0.4546296296875 0.5703125 0.46296296249999996