9 0.559939134375 0.0609135125 0.46904453281249997 0.131286171875 0.47167498906249994 0.1555761453125 0.4897858125 0.2168465265625 0.5022133203125 0.2450699234375 0.6331498343749999 0.2104142015625 0.6393738109375 0.20188682343750003 0.628939146875 0.1711655078125 0.62603390625 0.1421381265625 0.6193884093750001 0.1170729640625 0.60158171875 0.06631101874999999 0.5900079109374999 0.058070871875 0.559939134375 0.0609135125
9 0.59543425 0.1884788046875 0.586923078125 0.19091934375 0.581631940625 0.185693871875 0.5600067359375 0.12350474375 0.570019878125 0.12063352187500001 0.5667020218750001 0.10906277812500001 0.543809625 0.09347254375 0.541571340625 0.09700408125 0.5352886703124999 0.09398940624999999 0.507860134375 0.123045696875 0.4765739546875 0.13298010625 0.47010454218750003 0.1425411015625 0.470389109375 0.149202184375 0.47547393906249996 0.1631559765625 0.478742884375 0.16510834218749998 0.4980808921875 0.22121063125 0.510145575 0.22738354218749998 0.5637550203125 0.219717203125 0.5937846640625 0.20917986093750002 0.598526234375 0.2049305171875 0.598477321875 0.195312140625 0.59543425 0.1884788046875
9 0 0.3197239796875 0.0127191359375 0.31607682656249997 0.02201553125 0.320153809375 0.06806620468749999 0.3050225109375 0.1645649828125 0.3014329375 0.20762149531250002 0.28908668125000003 0.220108578125 0.279726625 0.317510846875 0.25661317499999997 0.3459006890625 0.2687005640625 0.34964094375 0.2647383421875 0.3614308421875 0.2661738453125 0.364670440625 0.262355184375 0.4560746046875 0.24288814374999998 0.45754722968749995 0.236686434375 0.46956300000000006 0.23324096718749998 0.4680121171875 0.22405327343749998 0.4588339890625 0.193934890625 0.39551728750000004 0.1167298828125 0.3053509703125 0.0838270046875 0.241924909375 0.0837125703125 0.20413996874999998 0.0974369484375 0.154742090625 0.095226478125 0.08109658125 0.1067115859375 0.043056420312499996 0.11954590624999999 0.036331787500000004 0.1282168453125 0.0363807 0.137835221875 0.0323754421875 0.1389837109375 0.033651540625 0.143433996875 0.01303568125 0.181132428125 0.00791084375 0.2086094375 0 0.213650046875 0 0.3197239796875
10 1 0.5434934140625 0.8490440593749999 0.13738451406250002 0.8244728312499999 0.14557011875 0.8441304140625 0.20234743281249998 0.96836925 0.5968074046875 0.8491239953124999 0.6220027265625 0.9318852859375 0.8953453640625 1 0.87508490625 1 0.5434934140625
10 1 0.5842787328125 0.9975509812500001 0.583691003125 0.9675213359375 0.5942283453125 0.9676093781249999 0.6115414234375 0.899677403125 0.612719040625 0.8943666984374999 0.6036462171875 0.8933751671874999 0.605857015625 0.90895335625 0.662074175 0.9428193281249999 0.7650623703125 0.9809849046875 0.875486834375 0.9845188515625001 0.8802529328125 1 0.8758137843749999 1 0.5842787328125
9 0.96581305625 0.60338735 0.956752315625 0.5963530718750001 0.911124040625 0.5959514078125 0.9043798421875 0.6007749953125 0.895917584375 0.6128339109375001 0.8989802203125 0.6235145953125001 0.9027596046875 0.6272470765625 0.9068626875 0.645335340625 0.9093757546875001 0.6465412109375 0.93343664375 0.645421303125 0.9567025265625 0.6358601984375001 0.9699161390625 0.6214756140625 0.9713887625 0.6152739046875 0.96581305625 0.60338735
9 0.79166175625 0.717861525 0.8134256687500001 0.7087311046875 0.81313131875 0.70014634375 0.78975870625 0.6394215187500001 0.7707533 0.6487241921875 0.6523625609375 0.6855619109375 0.631364309375 0.6973625046875 0.65536475 0.7829515484375 0.6578191234374999 0.7726153671875 0.6713270828125 0.766815540625 0.6733003656250001 0.7604702703124999 0.7135005484375 0.7287150078125 0.7527874609375 0.714559946875 0.758569475 0.7177181828125 0.76085666875 0.723805021875 0.7816290484375 0.716885396875 0.79166175625 0.717861525
9 0.41360692656250003 0.8147081203125 0.43440865312500004 0.813559521875 0.49843319375000006 0.8327671484374999 0.5057465265625 0.841265728125 0.513609428125 0.8592391218750001 0.52464345 0.8599281281250001 0.6295760171875 0.789383109375 0.631294078125 0.7821477812500001 0.6164815484374999 0.7286007921875 0.6030331609374999 0.6968171671875 0.59929290625 0.7007793890625 0.5860010359375 0.6997745703125 0.22619485625000002 0.8356975 0.13209088125 0.8665343421875 0.10784324999999999 0.8802299203124999 0.10438756093749998 0.8908532250000001 0.11200502500000001 0.9098602375 0.139580296875 0.9096590750000001 0.15333369531250002 0.9028256328125 0.22018609531250002 0.8865457343750001 0.23241795625 0.8762956234375 0.2919863734375 0.8572881750000001 0.30673130312499997 0.8482439328125 0.3413059921875 0.8441092421875 0.368547784375 0.827628621875 0.41360692656250003 0.8147081203125
0 0.549861159375 0.396121203125 0.6717956265625 0.3659732578125 0.6897801546875 0.35311035468749996 0.6501028234375 0.24119289843749997 0.6470793171875 0.23820691562500002 0.514326915625 0.260861209375 0.5065911875 0.2678955953125 0.5415465125 0.3879097453125 0.549861159375 0.396121203125
9 0.6019261703125001 0 0.6027706546875 0.0043227234375 0.6070702609375 0.01175899375 0.6060885109374999 0.015893465625 0.63328854375 0.1390946515625 0.6368322734375 0.145784425 0.6363707453125 0.1536226890625 0.6677823421875 0.26694706562500004 0.6751445859375 0.285064021875 0.6781583109375 0.28612632968749996 0.714026909375 0.3885402796875 0.7521231328125 0.53462451875 0.754901203125 0.538644121875 0.755715775 0.55093266875 0.7584840640625 0.5530285953125 0.776840321875 0.6132653593749999 0.8772901843750001 0.893661934375 0.8793515062499999 0.9046297421875 0.886390053125 0.9083909125 0.928445253125 0.896331778125 0.9326665999999999 0.8883786453125 0.8967784359375001 0.7821173453125 0.8447429484375 0.606316715625 0.8356430781249999 0.5915877390625 0.8198781468749999 0.5479462484375001 0.661660575 0.049083684375 0.656340090625 0.038087185937500004 0.634910534375 0.014371565624999999 0.6312461359375 0 0.6019261703125001 0
0 0.600695140625 0 0.6210282109375 0.094448234375 0.6327781031249999 0.1373145375 0.6338576781249999 0.15241681875 0.64174014375 0.1742375640625 0.654029821875 0.22465500781249997 0.6738880515625 0.28446108593749997 0.6913612625 0.318943571875 0.7089420796875 0.3745864875 0.731921640625 0.4566153046875 0.7364764687500001 0.46494163125 0.7488052765625001 0.5230537765625 0.7569429624999999 0.545764578125 0.756471653125 0.551679165625 0.768653725 0.5809361796875 0.7755642234375 0.6088150734375 0.8357871843750001 0.7678193765625 0.871911003125 0.8711233843749999 0.880352821875 0.9043426203125 0.886390053125 0.9083909125 0.9254413093749999 0.89719314375 0.9324211625000001 0.8894122640625 0.9173827609374999 0.84074624375 0.8917033875 0.770087228125 0.842750103125 0.6088146359375 0.8287814921875001 0.573327221875 0.66140535625 0.048193628125 0.6558394328125 0.038230746875 0.6452767203125 0.031627153125 0.63209815 0 0.600695140625 0
10 0.8648279296875 0.6121163234375 0.852821940625 0.6174854671875 0.8511136609375001 0.62664446875 0.891674040625 0.7643162015625 0.9339231328125001 0.8889815796875 0.938959053125 0.8933169937500001 0.9654938796874999 0.8857082546875 0.9636682125 0.8717831546875001 0.934641634375 0.7837823687500001 0.908196603125 0.71045318125 0.8951901765624999 0.66698394375 0.8804656890624999 0.630750034375 0.8648279296875 0.6121163234375