10 0.7744791671875 0.5175925921875 0.7802083328125 0.5240740734375 0.7802083328125 0.5305555562500001 0.8385416671874999 0.5296296296875 0.8463541671874999 0.5361111109375 0.8572916671874999 0.5361111109375 0.8583333328125 0.5074074078125 0.85625 0.4370370375 0.8588541671875 0.43518518593750005 0.859375 0.41944444374999995 0.8578125 0.4166666671875 0.8385416671874999 0.4148148140625 0.8291666671875 0.41944444374999995 0.8041666671875 0.4203703703125 0.7963541671875001 0.415740740625 0.7838541671875 0.415740740625 0.778125 0.41944444374999995 0.7776041671875 0.427777778125 0.7739583328124999 0.43055555625 0.771875 0.4388888890625 0.775 0.4611111109375 0.7739583328124999 0.5101851859375001 0.7744791671875 0.5175925921875
10 0.49322916718750004 0.5370370375 0.4984375 0.5379629625 0.5088541671875 0.5305555562500001 0.5171875 0.5361111109375 0.5244791671875 0.5324074078125001 0.5494791671875 0.534259259375 0.5578125 0.5305555562500001 0.5635416671875 0.5351851859375001 0.5921875 0.534259259375 0.5947916671875 0.5370370375 0.6583333328125 0.5370370375 0.6760416671875 0.5333333328125 0.6979166671875 0.5361111109375 0.709375 0.5333333328125 0.7411458328125 0.5379629625 0.7526041671875 0.5333333328125 0.7536458328125 0.4388888890625 0.7515625 0.42314814843750004 0.7442708328125 0.4175925921875 0.7171875 0.42222222187499997 0.5744791671875 0.4129629625 0.5645833328125 0.40833333281249995 0.5104166671875 0.4074074078125 0.503125 0.403703703125 0.48802083281249997 0.40833333281249995 0.4859375 0.42314814843750004 0.4875 0.4796296296875 0.4895833328125 0.5287037031249999 0.49322916718750004 0.5370370375
10 0.9083333328125001 0.409259259375 0.9083333328125001 0.415740740625 0.9119791671874999 0.42222222187499997 0.9166666671874999 0.41944444374999995 0.9182291671874999 0.3981481484375 0.9182291671874999 0.2768518515625 0.915625 0.26944444375 0.9114583328125001 0.2666666671875 0.9005208328125001 0.2703703703125 0.8989583328125 0.275 0.8979166671875 0.33703703749999997 0.8994791671875 0.38703703749999996 0.9005208328125001 0.3953703703125 0.9083333328125001 0.409259259375
10 0.9359375 0.4296296296875 0.9453125 0.42129629687500003 0.9557291671874999 0.42129629687500003 0.9802083328125001 0.42870370312499995 0.9947916671874999 0.4370370375 0.996875 0.4138888890625 0.9953125 0.3648148140625 0.996875 0.32685185156249996 0.9953125 0.2666666671875 0.99375 0.2518518515625 0.9901041671874999 0.24259259218749998 0.990625 0.23148148124999998 0.9848958328125 0.23611111093749998 0.9854166671875 0.24814814843750002 0.9828125 0.2648148140625 0.9697916671875 0.2648148140625 0.965625 0.26851851875 0.9625 0.26574074062499997 0.9526041671875 0.26851851875 0.9307291671875 0.26574074062499997 0.9291666671875 0.396296296875 0.93125 0.43518518593750005 0.9359375 0.4361111109375 0.9359375 0.4296296296875
10 0.7838541671875 0.9 0.7817708328124999 0.915740740625 0.7822916671875 0.98148148125 0.7911458328125 0.9888888890624999 0.803125 0.9861111109375 0.803125 0.9824074078124999 0.8078125 0.9796296296874999 0.8104166671874999 0.9824074078124999 0.8234375 0.9768518515625001 0.8255208328125001 0.9731481484375 0.8322916671874999 0.978703703125 0.83125 0.9824074078124999 0.8375 0.996296296875 0.8484375 0.99351851875 0.8526041671875 0.9833333328125 0.8572916671874999 0.9851851859374999 0.859375 0.9703703703125001 0.8572916671874999 0.9675925921875 0.8505208328125 0.9703703703125001 0.8453125 0.9583333328125001 0.846875 0.9546296296874999 0.8432291671875 0.9444444437499999 0.8432291671875 0.91851851875 0.8484375 0.9037037031249999 0.8572916671874999 0.9046296296874999 0.859375 0.9009259265624999 0.8598958328125 0.8861111109375001 0.8614583328125001 0.8796296296874999 0.8651041671874999 0.8768518515625001 0.8651041671874999 0.8601851859374999 0.8703125 0.85648148125 0.8708333328125001 0.8490740734375001 0.8666666671875 0.8379629625 0.8598958328125 0.8351851859374999 0.8572916671874999 0.828703703125 0.8359375 0.8296296296874999 0.8010416671874999 0.8416666671874999 0.790625 0.8388888890624999 0.7822916671875 0.8435185187500001 0.78125 0.8490740734375001 0.78125 0.8731481484374999 0.7890625 0.8824074078124999 0.7875 0.8981481484374999 0.7838541671875 0.9
10 0.775 0.9064814812499999 0.7739583328124999 0.9129629625 0.7744791671875 0.9277777781250001 0.7791666671875 0.9481481484375 0.775 0.9648148140625 0.775 0.9861111109375 0.7786458328125 0.9990740734375001 0.86875 0.9990740734375001 0.8703125 0.9916666671875 0.8708333328125001 0.8648148140625 0.8682291671875 0.859259259375 0.8640625 0.8574074078124999 0.8609375 0.8509259265625 0.8526041671875 0.852777778125 0.85 0.8370370375 0.8453125 0.8388888890624999 0.8348958328125 0.8351851859374999 0.8296875 0.840740740625 0.8229166671874999 0.8333333328125001 0.8182291671874999 0.8351851859374999 0.8260416671874999 0.8518518515625001 0.8182291671874999 0.8611111109375 0.8078125 0.859259259375 0.7916666671875 0.8398148140625 0.7854166671875 0.8425925921875 0.7864583328125 0.8518518515625001 0.7817708328124999 0.85648148125 0.7807291671875001 0.8731481484374999 0.7880208328125 0.88148148125 0.7880208328125 0.8916666671875 0.775 0.9064814812499999
9 0.30625 0 0.3114583328125 0.0268518515625 0.3088541671875 0.08796296249999999 0.3057291671875 0.102777778125 0.3078125 0.1324074078125 0.3057291671875 0.140740740625 0.2989583328125 0.146296296875 0.2984375 0.190740740625 0.3010416671875 0.20833333281250002 0.3098958328125 0.22407407343750002 0.3125 0.23611111093749998 0.3161458328125 0.2388888890625 0.31875 0.25216049375 0.3177083328125 0.275 0.31979166718749996 0.284259259375 0.3177083328125 0.29722222187499997 0.3088541671875 0.31851851875000003 0.3083333328125 0.32592592656249997 0.3109375 0.3361111109375 0.3114583328125 0.3620370375 0.3171875 0.36944444375 0.3260416671875 0.40648148125 0.3244791671875 0.415740740625 0.3265625 0.4203703703125 0.3239583328125 0.43055555625 0.3260416671875 0.4361111109375 0.325 0.48055555625 0.3270833328125 0.4888888890625 0.3255208328125 0.49351851875 0.3265625 0.50648148125 0.325 0.509259259375 0.3270833328125 0.5129629625 0.3255208328125 0.5259259265625 0.3302083328125 0.5287037031249999 0.3338541671875 0.497222221875 0.33541666718749996 0.3916666671875 0.3375 0.365740740625 0.33645833281250004 0.328703703125 0.3421875 0.3083333328125 0.3421875 0.29814814843750004 0.3359375 0.2629629625 0.33541666718749996 0.23333333281250002 0.3390625 0.2166666671875 0.3421875 0.184259259375 0.3427083328125 0.1111111109375 0.3411458328125 0.10833333281249999 0.340625 0.0731481484375 0.34322916718749996 0.0546296296875 0.34322916718749996 0.0175925921875 0.3416666671875 0 0.30625 0
10 0.3380208328125 0.9277777781250001 0.35989583281250004 0.9277777781250001 0.3776041671875 0.9324074078125 0.3828125 0.9370370375 0.3890625 0.9351851859375 0.3921875 0.9268518515625 0.4046875 0.9231481484374999 0.41770833281249997 0.9129629625 0.44322916718750005 0.9111111109375001 0.471875 0.9037037031249999 0.4713541671875 0.8916666671875 0.4625 0.878703703125 0.45625 0.8759259265624999 0.43854166718750004 0.8833333328125 0.4244791671875 0.8981481484374999 0.40833333281249995 0.8851851859375 0.40416666718750005 0.877777778125 0.3765625 0.8759259265624999 0.353125 0.8824074078124999 0.34375 0.9 0.34427083281250004 0.9046296296874999 0.3395833328125 0.9231481484374999 0.3375 0.9240740734375 0.3380208328125 0.9277777781250001
10 0.5723958328125 0.91944444375 0.5921875 0.9148148140625001 0.5973958328125 0.8990740734375 0.603125 0.8916666671875 0.6203125 0.890740740625 0.6265625 0.8861111109375001 0.6489583328124999 0.8879629625 0.65625 0.8981481484374999 0.65625 0.9074074078125 0.6588541671875 0.9120370375 0.6916666671875 0.915740740625 0.7015625 0.9083333328125001 0.7098958328125 0.8925925921875001 0.7369791671875 0.875 0.7557291671875 0.8731481484374999 0.7557291671875 0.852777778125 0.7322916671875 0.8398148140625 0.7015625 0.847222221875 0.6848958328125 0.8444444437499999 0.6723958328124999 0.852777778125 0.6020833328124999 0.852777778125 0.5484375 0.871296296875 0.5015625 0.8675925921875001 0.49322916718750004 0.8833333328125 0.49375 0.9037037031249999 0.5244791671875 0.9037037031249999 0.5567708328125 0.91851851875 0.5723958328125 0.91944444375
9 0.7875 0.275 0.790625 0.27777777812500004 0.8416666671874999 0.28148148125 0.8578125 0.27777777812500004 0.8578125 0.2675925921875 0.8494791671874999 0.25555555625 0.7927083328125 0.2518518515625 0.7822916671875 0.2611111109375 0.7817708328124999 0.2638888890625 0.7859375 0.2629629625 0.7885416671875001 0.272222221875 0.7875 0.275
10 0.6895833328125 0.29814814843750004 0.7015625 0.3009259265625 0.725 0.2851851859375 0.7515625 0.28796296250000003 0.7526041671875 0.284259259375 0.7515625 0.25648148125 0.7317708328125 0.25833333281250004 0.725 0.2518518515625 0.7166666671875 0.2518518515625 0.6859375 0.25740740781250004 0.6765625 0.2509259265625 0.6682291671875 0.25740740781250004 0.6666666671875 0.2629629625 0.678125 0.29722222187499997 0.68125 0.3009259265625 0.6895833328125 0.29814814843750004
10 0.9697916671875 0 0.959375 0.015740740625 0.9583333328125001 0.072222221875 0.9619791671875 0.1074074078125 0.9671875 0.1148148140625 0.9671875 0.12222222187500001 0.9703125 0.1296296296875 0.9692708328125 0.146296296875 0.971875 0.15 0.9734375 0.1861111109375 0.971875 0.21851851875 0.96875 0.221296296875 0.9666666671874999 0.2175925921875 0.9625 0.22407407343750002 0.9661458328125001 0.22870370312500002 0.9666666671874999 0.24259259218749998 0.9625 0.24722222187499998 0.9625 0.25555555625 0.9651041671874999 0.2675925921875 0.9708333328125001 0.2768518515625 0.9802083328125001 0.28148148125 0.9848958328125 0.290740740625 0.9848958328125 0.2953703703125 0.9760416671875 0.30648148124999997 0.975 0.3296296296875 0.978125 0.3351851859375 0.990625 0.3330246921875 0.9916666671875 0.35555555625 0.9942708328125001 0.3601851859375 0.996875 0.33148148125 0.9963541671874999 0.252777778125 0.9932291671875 0.2101851859375 0.99375 0.15648148125 0.9901041671874999 0.00555555625 0.9880208328125001 0 0.9697916671875 0