9 0.3693713265625 0.2810882875 0.36644289375 0.2769412359375 0.36809707812500003 0.2690736453125 0.37252178125 0.2672703125 0.36564239062500004 0.25917496875 0.36593945781250004 0.25251443125 0.361612471875 0.25618528125 0.3562762546875 0.24920485937499998 0.35316568125000003 0.2304727421875 0.3491959609375 0.22369832656250002 0.3283732828125 0.22302956406250002 0.29763332343750004 0.2450401625 0.2878817828125 0.241276134375 0.2814495453125 0.249129228125 0.27273929375 0.247992559375 0.2509691328125 0.25882704375 0.2496120140625 0.260034096875 0.2510629359375 0.27295765312500003 0.24376608437499997 0.2790922984375 0.24504033125000002 0.29110694062500003 0.2426606859375 0.29251275312499997 0.24970892500000003 0.32604319375 0.2489381140625 0.3384553546875 0.25211826406250004 0.3548158078125 0.2562646609375 0.3624991359375 0.3812085515625 0.341985528125 0.3844715703125 0.3451242875 0.38524238125 0.33271212499999997 0.379776390625 0.33188809531249996 0.373491134375 0.310471675 0.3693713265625 0.2810882875
9 0 0.39668071562499996 0.0036063625000000003 0.39746209062500004 0.03685729375 0.3938285328125 0.04433081875 0.3886028015625 0.22202872187499997 0.371983696875 0.23388942968749998 0.359302390625 0.22118759062499999 0.2966867 0.21194731406249998 0.292823290625 0.20473333437500002 0.285736240625 0.1888732125 0.26146470625 0.184271834375 0.2623591234375 0.1801442 0.25750191718750004 0.164118334375 0.2596737734375 0.1324090234375 0.23848300937500003 0.1201011625 0.235215878125 0.1085187625 0.238410525 0.099613075 0.233538821875 0.0945981515625 0.2364001359375 0.0818579828125 0.23227378125000003 0 0.24169101406250001 0 0.39668071562499996
9 0.4995576203125 1 0.48871603124999996 0.9851405546875001 0.488268875 0.9691921171875 0.49196811875 0.960927009375 0.49605823125 0.960131971875 0.49411480625 0.9501339171875 0.49765613281250004 0.943786015625 0.496697715625 0.92793695625 0.5059004703125 0.926148121875 0.49214168750000004 0.9099574359375 0.491220790625 0.899760621875 0.49476211875000004 0.8934127203125 0.49167577187499995 0.8911828765625 0.49177740312499996 0.8807873031250001 0.48747309375 0.8750211828125 0.48320630624999994 0.8749073046875001 0.4514891671875 0.878242725 0.446414046875 0.8848887640624999 0.4375646421875 0.8884954265625 0.41176847812500006 0.8840771328124999 0.40242656875 0.8906092953125 0.397193534375 0.89917254375 0.3962272890625 0.9078496703125 0.38206980625 0.9087150921875 0.374438365625 0.9158580328125 0.360765559375 0.9383241359375001 0.3719816796875 1 0.4995576203125 1
9 0.350746365625 1 0.34932541875 0.988653940625 0.3406495828125 0.9412910296874999 0.3347739578125 0.9301708046874999 0.3240374109375 0.9322577781250001 0.2927861859375 0.9543677562499999 0.10669789062499999 1 0.350746365625 1
9 0.6590248921875 0.832242328125 0.6554085234375 0.8272857437500001 0.5438513046875 0.8593460875 0.5406633281250001 0.8675118171875 0.550557128125 0.9184110046875 0.5560794015625 0.9277134015625 0.5751759562500001 0.9768237546874999 0.5777510375 0.979152978125 0.635133015625 0.9604530015625 0.6449861890624999 0.9538214578125 0.6729290406249999 0.9474466609375 0.6797333906249999 0.9442375171874999 0.6803838078125 0.9393948078125 0.6590248921875 0.832242328125
9 0.6693877140625 0.9537945625 0.6807559171875 0.9440387578125 0.6641484671875 0.8586008359375 0.66137795 0.8525365765625 0.6525285453125 0.8561432390625001 0.64580706875 0.8461306875 0.6454161968750001 0.8386606171875 0.642841115625 0.8363313921875 0.5464263859375 0.8616753109375 0.5406633281250001 0.8675118171875 0.5554665046875 0.9382083546875 0.562661725 0.9424692828125 0.5685373499999999 0.9535895062499999 0.5727400265625 0.9697512015624999 0.571912934375 0.9736849953125001 0.57639391875 0.98036003125 0.5833937046875 0.9808859218749999 0.5857545890625 0.9766539890624999 0.6092352187500001 0.966430278125 0.6693877140625 0.9537945625
9 1 0.7188517156249999 0.9302059890625 0.7342537671875 0.953377 0.831621446875 0.958936796875 0.8465760875000001 1 0.8209528875000001 1 0.7188517156249999
9 0.8133578375000001 0.8946821500000001 0.7985546593749999 0.8239856140624999 0.7947616125 0.8181201140625 0.7830775812499999 0.8317103343750001 0.7723035125 0.8281450625 0.76314610625 0.8110599593750001 0.7495905859375 0.7740781250000001 0.7463650875 0.7765916109375001 0.7482897515625 0.78376354375 0.7457897140624999 0.7927388078125001 0.7275984 0.8028776343749999 0.684847646875 0.8149605624999999 0.679595853125 0.8206976890625001 0.6794754609375 0.828267140625 0.695319928125 0.9015910406250001 0.7066912375000001 0.9437137234374999 0.71530143125 0.9297777406250001 0.731453940625 0.9209784750000001 0.752220334375 0.9131688703125 0.7764264265625 0.9094069390625 0.791903503125 0.9016822203125001 0.8103277734375001 0.9009306734375 0.8133578375000001 0.8946821500000001
9 0.9308250953125 0.8275157875 0.9142551671874999 0.7477301093750001 0.9102666859375 0.7381295734375 0.8080701375 0.7664838765625 0.8093443828125 0.77849851875 0.81458835 0.797287575 0.8166631015625001 0.8270684828125001 0.8224933765625 0.857062646875 0.8320979359375 0.8900961890625 0.840789428125 0.8884067343750001 0.8645858843750001 0.874348609375 0.8809650984375 0.8739945796875 0.9146710109375 0.861783278125 0.9183327312499999 0.847865925 0.9308250953125 0.8275157875
10 0.52589625625 0.7990214046874999 0.5365378359374999 0.859226221875 0.5747186 0.8536916765625 0.618957459375 0.8356571468749999 0.6567846953124999 0.8283042765624999 0.6404117874999999 0.7276978921875 0.6230925125 0.638597946875 0.610368109375 0.5731365687500001 0.5917489765624999 0.49372451093749997 0.57870915625 0.4320986765625 0.5624502296875 0.3484537515625 0.55373750625 0.317881859375 0.5359943203124999 0.321516 0.55885491875 0.42274849375 0.57263965625 0.4936648234375 0.5846571328125 0.5554893812499999 0.6018623625 0.627627953125 0.60617989375 0.6607561578125 0.57452470625 0.6725703640625 0.5346907265625 0.6859745125 0.5060647328125001 0.691538840625 0.52589625625 0.7990214046874999
10 0.6621473875 0.7631015015625 0.6744422484375 0.8154366312500001 0.720410378125 0.8008401968750001 0.7582376140625 0.793487328125 0.7477481140625 0.755897771875 0.7681952828124999 0.7519232453125 0.77758648125 0.778403878125 0.7884409265625 0.7687456671875 0.7749717109375001 0.693993915625 0.755026115625 0.5695498375 0.7361676687500001 0.5052808703125 0.7099244703125 0.40848011875 0.6944758546875 0.31174836250000004 0.6772318484375 0.3167071 0.68473045 0.366200509375 0.6974548265625 0.43166174843749994 0.71827058125 0.5332917203124999 0.737874053125 0.6068513078125 0.7449812234375 0.648872340625 0.70444034375 0.6586398046874999 0.6666131078124999 0.665992675 0.645181534375 0.67581975625 0.6621473875 0.7631015015625
5 1 0.678662609375 0.9976897515625 0.6692571609375 0.9933745078125 0.6361387359374999 0.9883259765625001 0.621084715625 0.979931553125 0.6161136328125 0.9814731734375 0.5912893109375 0.976015009375 0.565939096875 0.9770187765625 0.562914215625 0.9739324296874999 0.5606843718750001 0.9742482593749999 0.55684995625 0.965519246875 0.5528871671875 0.926821084375 0.5585228156250001 0.9188738171875 0.5695001703125 0.9128965609374999 0.56877551875 0.90955066875 0.57885845625 0.8998366499999999 0.5807466703124999 0.89883288125 0.58377155 0.9024867734375001 0.5943803796875 0.9119224859375 0.601978825 0.9119787687500001 0.6104571921875 0.9171852156250001 0.6235940046875 0.9230608390624999 0.634714228125 0.9304327328124999 0.6398840703124999 0.9439991875 0.7042182109375 0.9496606140624999 0.7087772765625 0.9537507281250001 0.7079822390625 0.9569387062500001 0.699816509375 1 0.6905601078125 1 0.678662609375