10 0.85632416875 0.538610028125 0.8603819453125 0.4683258640625 0.8631376015625 0.46670802812499995 0.8650283484375001 0.4510725765625 0.86371389375 0.448169190625 0.8446777921875 0.44464482031249997 0.8349349687500001 0.448439746875 0.8099494 0.44718325625000005 0.8025701281250001 0.441890340625 0.7901176953125 0.44080089375 0.7840875296875 0.44399117343750005 0.7828423812499999 0.452247403125 0.7789683203125 0.4546968546875 0.7761666171875 0.46281690312499996 0.77734293125 0.4852269234375 0.772028140625 0.5340234703125 0.7719013953125 0.5414480828125 0.7770438625 0.5484042296875 0.7764789640624999 0.5548610484375 0.834671021875 0.5590227296875 0.84188889375 0.5661604515625001 0.8527847734374999 0.5671137171875 0.85632416875 0.538610028125
10 0.5549294140625001 0.5354779749999999 0.56023328125 0.5405893171875 0.5888508078125 0.5421635625000001 0.591202965625 0.5451577390625 0.6545028359375 0.550695759375 0.6724665843750001 0.54854953125 0.6940162437499999 0.553223271875 0.7056730734375 0.5514547234375 0.7369195093750001 0.558835746875 0.748737740625 0.55522239375 0.75800681875 0.46122812656249995 0.757303309375 0.44536570937500003 0.7505235875 0.43919578281250005 0.723139815625 0.44144732812500004 0.5817815296875 0.4197854515625 0.5723268499999999 0.41431096093750003 0.5184470046875 0.4086676234375 0.511505884375 0.4043425015625 0.49605569374999997 0.4076380984375 0.49268909218749996 0.422214965625 0.4893229609375 0.4786176984375 0.48712127812499995 0.5276866046875 0.4900269421875 0.5363059828125001 0.49513475625 0.537682321875 0.5061573828125 0.531210975 0.51397480625 0.5374716859374999 0.521561525 0.5344175875 0.5463049921875001 0.5384412859375 0.5549294140625001 0.5354779749999999
10 0.9341376625000001 0.3065458828125 0.93022895 0.303415528125 0.9190102703124999 0.3061518703125 0.91705021875 0.310627703125 0.9106056328125 0.3723378828125 0.9078044000000001 0.4222837984375 0.9081158031250001 0.4306762078125 0.914688078125 0.44519315 0.9141231796874999 0.45164996718749995 0.9171902421875 0.458424540625 0.9221020046874999 0.456065875 0.925514653125 0.4349867984375 0.936086321875 0.314152071875 0.9341376625000001 0.3065458828125
10 1 0.3076607765625 0.9885017078124999 0.30665480624999997 0.9840280968749999 0.30998126875 0.9811570875 0.3069416984375 0.9710568125 0.30884642812499996 0.949507153125 0.3041726890625 0.9365719312499999 0.4340952609375 0.935257946875 0.473017740625 0.939846909375 0.47434868437500005 0.9404118078125 0.46789186718750003 0.9504774312500001 0.4604073296875 0.960854459375 0.46131520156250005 0.9845948765625 0.4708279203125 0.99839641875 0.480400565625 1 0.47143686875 1 0.3076607765625
10 0.816989371875 1 0.817011990625 0.9999020640625 0.815178684375 0.99695328125 0.808191515625 0.999130371875 0.8040521 0.986685203125 0.8059314531249999 0.983131775 0.803187190625 0.9726675921875 0.8054467843750001 0.946840321875 0.81192649375 0.9325358171874999 0.8206662687499999 0.9342299125 0.8230644734375 0.9307218781250001 0.8248745203125001 0.9160088296875 0.826995971875 0.9096881937499999 0.8308700328124999 0.907238740625 0.8323226281249999 0.890635496875 0.8378339406249999 0.887399821875 0.838998390625 0.8800659953125001 0.8358159765625001 0.8686340171875001 0.8293130062499999 0.8652766937499999 0.8272836484375 0.85859290625 0.805930040625 0.857654171875 0.7701179 0.8666040328125 0.759982971875 0.8629289515625 0.7512778499999999 0.8668146671875 0.7497559484375 0.8722582937500001 0.7476577546875001 0.8962407593749999 0.7546335281250001 0.9061456890624999 0.751705078125 0.9216903500000001 0.74791171875 0.9232174000000001 0.7444644171875 0.9387166671875 0.7395917171875 1 0.7828522359375001 1 0.78304455 0.9997186875 0.783332125 1 0.816989371875 1
10 0.8280740453125001 1 0.83762649375 0.8957468375 0.8355164359374999 0.88998545625 0.8315270234375 0.8877775015625 0.8289788140625 0.8810483234375001 0.8205157921874999 0.8821668296875 0.81929343125 0.8662590203124999 0.8144623687499999 0.86769528125 0.8044081390625 0.8630978 0.7987354265625 0.868178278125 0.7926359578125 0.860208940625 0.7878048953125 0.8616452046875 0.7941350703125 0.878929353125 0.7855453015625 0.8874724734375 0.7753296734374999 0.884719796875 0.760939975 0.863942140625 0.7544716593749999 0.866164625 0.7547023625 0.8754794374999999 0.7496292015625 0.8796829078125 0.7471389046875 0.8961953656249999 0.753676525 0.9051324984375 0.7527888265625 0.9152789265625 0.738526346875 0.928902525 0.7369237453124999 0.9352685562499999 0.7361514015624999 0.950072390625 0.73904566875 0.9707737875 0.7334422609375 0.9870138828125 0.7323061234375 1 0.8280740453125001 1
9 0.3521339515625 0 0.35341336874999996 0.012219834374999999 0.345492928125 0.07287143125 0.3410886234375 0.087357509375 0.34058163750000003 0.1170559640625 0.337779934375 0.1251760125 0.330550665625 0.1301203109375 0.3261582265625 0.17435023593750001 0.32721918906249997 0.1921028515625 0.334667765625 0.208555384375 0.3362129265625 0.22077358593750002 0.33960278593750004 0.22385854843750003 0.34104034687499996 0.23730661875 0.33801205 0.2599684265625 0.339280459375 0.2693740265625 0.33607525625 0.2821060875 0.3253986875 0.302549653125 0.3242342375 0.30988347968749996 0.3259407984375 0.320256875 0.3242000546875 0.3461295390625 0.3292618234375 0.3540080875 0.33485430781250003 0.3916758796875 0.3324907546875 0.4007637234375 0.3341626609375 0.40555731093749997 0.33068070625 0.41547677031249997 0.3322719140625 0.42119275937499995 0.3273606234375 0.46537729375000003 0.3287097296875 0.4738604890625 0.3267496765625 0.47833632187499997 0.32665758437500003 0.49134074375000003 0.3248589296875 0.4939717703125 0.32661153593750003 0.49784295468749995 0.32392518593749997 0.510620409375 0.3283527484375 0.5137961578125 0.3347285015625 0.482752228125 0.345484828125 0.37773452500000004 0.3498198265625 0.3520888296875 0.3520101140625 0.3151019421875 0.359492875 0.2953084171875 0.360380571875 0.285161990625 0.357220946875 0.2495659703125 0.35928448749999997 0.22000369687500002 0.3643690421875 0.203718209375 0.37030664375 0.1717064828125 0.37720077500000004 0.098882078125 0.3758863203125 0.0959786890625 0.3784340609375 0.060882001562499996 0.38264231249999997 0.0426609203125 0.38587030312500004 0.0057648203125 0.3858627125 0 0.3521339515625 0
10 0.36817040156249997 0.9132309109375001 0.382029384375 0.9042193218750001 0.407614503125 0.9045988046875 0.436796928125 0.8997162328125 0.4373271734375 0.8876796078125 0.429636496875 0.8739942812500001 0.423652378125 0.8706823515625001 0.40536583281249994 0.8765181875 0.39006564843749997 0.890051 0.3751110515625 0.8757301640625 0.3716058390625 0.86798779375 0.3442681140625 0.8637371281249999 0.3203549015625 0.8681512328125001 0.30948228125 0.8848597937499999 0.30959763281249997 0.8895172 0.303313975 0.9075567078125 0.3011578703125 0.9082975359375001 0.301353921875 0.912032540625 0.32314568125 0.913939071875 0.34038313124999997 0.9200944671875 0.34516814687499997 0.925160415625 0.3515557625 0.923860334375 0.35539516875 0.9158310734375 0.36817040156249997 0.9132309109375001
10 0.6145783015624999 0.8994692203125 0.6209545234375 0.910251159375 0.6201475265624999 0.919475184375 0.6223382843749999 0.924314165625 0.6547031249999999 0.930863571875 0.6652068984375 0.92434683125 0.6748804171875 0.9093922859375001 0.7033939859375 0.8942271078124999 0.7222340359375 0.8940164718749999 0.7240094312500001 0.8737236171875 0.7017909140625 0.85876726875 0.6705330828125 0.863468265625 0.6541719374999999 0.8592484625000001 0.6409932046875 0.8664606390625 0.570948265625 0.8603325015625 0.5158925765625 0.8741050093749999 0.4695187484375 0.866329971875 0.45984523125 0.8812845171875001 0.4585886875 0.9016227656250001 0.4892009203125 0.9043009890624999 0.5200785109375 0.9218738328124999 0.5355633531249999 0.92415804375 0.55568320625 0.9212709890624999 0.562243615625 0.9060440828124999 0.5685965796875 0.8991641937500001 0.585799375 0.8997397796875 0.592429090625 0.8956724906250001 0.6145783015624999 0.8994692203125
9 0.813222025 0.27830734218750003 0.8020379999999999 0.28662349531250003 0.8012770484375 0.28934530937499997 0.8055085609375 0.28878605468749996 0.8072958203124999 0.2982370484375 0.8060160171874999 0.30091346875 0.8088870265624999 0.3039530390625 0.8594116656249999 0.312091221875 0.8758188578125001 0.30980881562499996 0.8767065562499999 0.2996623875 0.8694540312499999 0.2869448578125 0.813222025 0.27830734218750003
10 0.7519515125 0.27945310624999997 0.74577134375 0.272406171875 0.7374697218749999 0.271679875 0.7063732890625001 0.2745360671875 0.6975988625 0.26726216406250003 0.6887323421875 0.272992684375 0.6866915890625 0.2783909171875 0.695120428125 0.31351846875 0.6979107375 0.3174804421875 0.706454459375 0.31543953125 0.7181459421875 0.31925079218749997 0.7428661515625 0.3056126625 0.769085475 0.31069494375 0.7704459765625 0.307096121875 0.771829265625 0.27933325937500003 0.7519515125 0.27945310624999997