9 0.7161458328125 0.2518518515625 0.7145833328125 0.21944444375 0.7197916671875 0.190740740625 0.7203125 0.1648148140625 0.7171875 0.1111111109375 0.7083333328125 0.1 0.6786458328125 0.09444444375 0.571875 0.13703703750000001 0.5677083328125 0.1611111109375 0.5682291671875 0.225 0.5723958328125 0.25555555625 0.7078125 0.25833333281250004 0.7161458328125 0.2518518515625
9 0.575 0.23148148124999998 0.5848958328125 0.240740740625 0.6385416671875 0.24814814843750002 0.6703125 0.246296296875 0.6760416671875 0.24351851875000002 0.6786458328125 0.234259259375 0.6776041671875 0.22685185156249998 0.66875 0.22685185156249998 0.6651041671875 0.2203703703125 0.6614583328125 0.1546296296875 0.671875 0.1546296296875 0.671875 0.1425925921875 0.6541666671875 0.12129629687500001 0.6510416671875 0.12407407343750002 0.6458333328125 0.11944444375 0.6114583328125 0.13981481406250001 0.5786458328124999 0.140740740625 0.5697916671875001 0.1481481484375 0.5682291671875 0.1546296296875 0.5692708328125 0.16944444375 0.571875 0.172222221875 0.575 0.23148148124999998
9 0.0822916671875 0.1888888890625 0.0901041671875 0.19537037031249999 0.1385416671875 0.19351851874999998 0.2322916671875 0.2166666671875 0.2770833328125 0.2166666671875 0.2916666671875 0.21111111093749999 0.3916666671875 0.21574074062499998 0.415625 0.23518518593749999 0.4203125 0.23240740781250002 0.43125 0.2370370375 0.43541666718750005 0.234259259375 0.5286458328125 0.240740740625 0.5317708328124999 0.23518518593749999 0.5442708328125 0.23518518593749999 0.5453125 0.2259259265625 0.5447916671875 0.19444444375 0.5052083328125 0.102777778125 0.42760416718750005 0.046296296875 0.36666666718749996 0.028703703125 0.3265625 0.03148148125 0.2796875 0.015740740625 0.20572916718749998 0.00648148125 0.165625 0.0083333328125 0.15677083281249998 0.0148148140625 0.1541666671875 0.0240740734375 0.15 0.0240740734375 0.15 0.028703703125 0.1197916671875 0.059259259375 0.10729166718750001 0.08425925937499999 0.08541666718749999 0.09074074062500001 0.0760416671875 0.08333333281250001 0.059375 0.0888888890625 0.052604167187499995 0.1379629625 0.0515625 0.1666666671875 0.05625 0.19351851874999998 0.0640625 0.1888888890625 0.0822916671875 0.1888888890625
10 0.9930292156249999 0.9972318093749999 0.9354730578125 0.2476412046875 0.90959741875 0.24873696406249998 0.9128435515625 0.3087331859375 0.9235416828125 0.7221573109375 0.801971015625 0.7135081624999999 0.8061828312499999 0.9990740734375001 0.9930292156249999 0.9972318093749999
10 0.8609375 0.9990740734375001 0.9041666671874999 0.9990740734375001 0.9385416671875 0.99351851875 0.9864583328125001 0.99444444375 0.978125 0.840740740625 0.9666666671874999 0.7240740734375 0.9552083328125001 0.7175925921874999 0.9234375 0.7194444437499999 0.91875 0.7361111109375 0.853125 0.7185185187500001 0.8505208328125 0.7083333328125 0.8489583328125001 0.7101851859375 0.8484375 0.76851851875 0.8526041671875 0.8768518515625001 0.8588541671875 0.99351851875 0.8609375 0.9990740734375001
9 0.8510416671875 0.7518518515625 0.853125 0.753703703125 0.8765625 0.759259259375 0.9015625 0.75648148125 0.9182291671874999 0.746296296875 0.9213541671875 0.740740740625 0.9192708328125001 0.727777778125 0.9125 0.7185185187500001 0.86875 0.70555555625 0.8609375 0.7083333328125 0.8494791671874999 0.7175925921874999 0.8494791671874999 0.728703703125 0.8520833328125 0.7333333328125 0.8510416671875 0.7518518515625
9 0.5947916671875 0.7981481484375 0.6421875 0.7787037031249999 0.6838541671875 0.7759259265625 0.6885416671875 0.7805555562500001 0.6890625 0.7870370375 0.7109375 0.7861111109375 0.7203125 0.7898148140625 0.74375 0.7870370375 0.7458333328125 0.7787037031249999 0.7401041671875 0.7138888890625 0.7192708328124999 0.7175925921874999 0.5953125 0.7203703703125 0.571875 0.7259259265625 0.5713541671875 0.8148148140625 0.5765625 0.8055555562500001 0.5911458328125 0.803703703125 0.5947916671875 0.7981481484375
9 0.1244791671875 0.79444444375 0.1390625 0.7879629625 0.2015625 0.7861111109375 0.2182291671875 0.7814814812499999 0.2526041671875 0.7870370375 0.2833333328125 0.7787037031249999 0.3302083328125 0.7787037031249999 0.3505208328125 0.7833333328125 0.4067708328125 0.8194444437499999 0.4114583328125 0.8296296296874999 0.4140625 0.8490740734375001 0.4244791671875 0.852777778125 0.5447916671875 0.8138888890624999 0.5484375 0.8074074078125 0.5489583328125 0.7518518515625 0.5447916671875 0.7175925921874999 0.5401041671875 0.7203703703125 0.5276041671875 0.715740740625 0.1442708328125 0.747222221875 0.0453125 0.7509259265625 0.0182291671875 0.7574074078125 0.0119791671875 0.7666666671875 0.0140625 0.7870370375 0.040625 0.79444444375 0.0557291671875 0.7916666671875 0.1244791671875 0.79444444375
0 0.7229166671875 0.41111111093749997 0.715625 0.2925925921875 0.7135416671875 0.2888888890625 0.5796875 0.2740740734375 0.5703125 0.27870370312500004 0.5708333328124999 0.403703703125 0.5765625 0.4138888890625 0.7020833328125 0.41851851875 0.7229166671875 0.41111111093749997
9 0.7364583328125 0.45185185156249996 0.7328125 0.602777778125 0.734375 0.6074074078125 0.7317708328125 0.61944444375 0.7338541671875001 0.622222221875 0.7348958328124999 0.6851851859375 0.7541666671875 0.9824074078124999 0.753125 0.99351851875 0.7588541671875 0.9990740734375001 0.8026041671874999 0.9990740734375001 0.8088541671874999 0.9925925921875001 0.8036458328125 0.88055555625 0.8020833328125001 0.6972222218749999 0.7973958328124999 0.6805555562500001 0.7942708328125 0.634259259375 0.7796875 0.1111111109375 0.7776041671875 0.0990740734375 0.7635416671875 0.0703703703125 0.7651041671875001 0.0175925921875 0.7515625 0.00648148125 0.74375 0.0111111109375 0.7364583328125 0.039814814062499995 0.7354166671875 0.051851851562499995 0.7375 0.060185185937499996 0.7354166671875 0.0638888890625 0.7276041671875 0.1898148140625 0.7291666671875 0.197222221875 0.7265625 0.2046296296875 0.7255208328125 0.322222221875 0.7276041671875 0.3416666671875 0.7302083328125 0.34351851875 0.7364583328125 0.45185185156249996
0 0.7338541671875001 0.378703703125 0.7354166671875 0.4370370375 0.7348958328124999 0.522222221875 0.7369791671875 0.5314814812499999 0.7328125 0.590740740625 0.734375 0.6148148140624999 0.7322916671875 0.6203703703125 0.7359375 0.6518518515625 0.7348958328124999 0.6805555562500001 0.7489583328125 0.85 0.7552083328125 0.959259259375 0.7541666671875 0.99351851875 0.7588541671875 0.9990740734375001 0.7994791671875 0.9990740734375001 0.8083333328125001 0.99351851875 0.8072916671874999 0.9425925921875 0.8020833328125001 0.8675925921875001 0.7994791671875 0.6990740734374999 0.7958333328125 0.6611111109375 0.7796875 0.1101851859375 0.7770833328125 0.0990740734375 0.76875 0.0898148140625 0.7619791671875 0.03148148125 0.7635416671875 0.0175925921875 0.7515625 0.0083333328125 0.7427083328124999 0.0129629625 0.7354166671875 0.0351851859375 0.728125 0.14351851875 0.7276041671875 0.1879629625 0.7244791671875 0.20277777812500003 0.7260416671875001 0.2259259265625 0.7239583328125 0.27777777812500004 0.7265625 0.340740740625 0.7338541671875001 0.378703703125
10 0.8411458328125001 0.9990740734375001 0.8432291671875 0.9851851859374999 0.8395833328125001 0.8925925921875001 0.834375 0.8148148140625 0.8338541671874999 0.76944444375 0.8296875 0.73055555625 0.8197916671875 0.7083333328125 0.8067708328125001 0.7101851859375 0.8026041671874999 0.7185185187500001 0.8036458328125 0.8620370375 0.8098958328125001 0.99351851875 0.8135416671875 0.9990740734375001 0.8411458328125001 0.9990740734375001