9 0 0.10370370312499999 0.009375 0.1101851859375 0.0223958328125 0.1101851859375 0.0307291671875 0.1148148140625 0.0869791671875 0.1148148140625 0.1 0.1231481484375 0.0994791671875 0.11944444375 0.1041666671875 0.1074074078125 0.10364583281249999 0.072222221875 0.096875 0.077777778125 0.0916666671875 0.07685185156249999 0.0822916671875 0.04444444375 0.0770833328125 0.0379629625 0.07552083281250001 0.03148148125 0.0640625 0.0296296296875 0.0557291671875 0.040740740625 0.0421875 0.0416666671875 0.0333333328125 0.0324074078125 0.0286458328125 0.0388888890625 0.0166666671875 0.039814814062499995 0.013020832812499999 0.051851851562499995 0 0.0620370375 0 0.10370370312499999
9 0 0.1111111109375 0.0734375 0.1148148140625 0.08125 0.109259259375 0.0875 0.1148148140625 0.0916666671875 0.1111111109375 0.0947916671875 0.1166666671875 0.1 0.1148148140625 0.10052083281249999 0.109259259375 0.0979166671875 0.10092592656249999 0.1010416671875 0.0888888890625 0.10052083281249999 0.07962962968750001 0.09114583281250001 0.0703703703125 0.07552083281250001 0.0351851859375 0.0640625 0.0259259265625 0.0515625 0.0379629625 0.0385416671875 0.0361111109375 0.0317708328125 0.030555556249999997 0.0276041671875 0.022222221875 0.0182291671875 0.015740740625 0.0119791671875 0.00555555625 0.0046875 0.00555555625 0 0.00648148125 0 0.1111111109375
9 0.153125 0.1268518515625 0.24626736093749999 0.1324074078125 0.2510416671875 0.1425925921875 0.2557291671875 0.1425925921875 0.2604166671875 0.134259259375 0.2671875 0.1324074078125 0.29375 0.1324074078125 0.30520833281250004 0.1425925921875 0.32083333281250004 0.146296296875 0.3921875 0.1490740734375 0.4166666671875 0.1481481484375 0.4213541671875 0.1416666671875 0.4234375 0.14351851875 0.42760416718750005 0.1296296296875 0.4244791671875 0.1166666671875 0.42760416718750005 0.0990740734375 0.42760416718750005 0.027777778125000003 0.42395833281249995 0.022222221875 0.403125 0.025 0.390625 0.0324074078125 0.3708333328125 0.0379629625 0.3671875 0.0416666671875 0.3651041671875 0.055555556250000006 0.3489583328125 0.0888888890625 0.340625 0.09444444375 0.31875 0.08796296249999999 0.3104166671875 0.0638888890625 0.3067708328125 0.0629629625 0.303125 0.0509259265625 0.28958333281250004 0.0324074078125 0.2869791671875 0.022222221875 0.2770833328125 0.0296296296875 0.265625 0.015740740625 0.23177083281250002 0.0166666671875 0.225 0.022222221875 0.2166666671875 0.0203703703125 0.20677083281250003 0.027777778125000003 0.1979166671875 0.0296296296875 0.1848958328125 0.0175925921875 0.1692708328125 0.0120370375 0.1661458328125 0.022222221875 0.1598958328125 0.027777778125000003 0.1578125 0.025 0.1473958328125 0.05 0.1421875 0.047222221875 0.1385416671875 0.0574074078125 0.1302083328125 0.0574074078125 0.12552083281249998 0.0638888890625 0.1260416671875 0.1148148140625 0.1385416671875 0.1148148140625 0.1442708328125 0.12222222187500001 0.153125 0.1268518515625
9 0.1619791671875 0.08055555625000001 0.1604166671875 0.0870370375 0.1640625 0.09444444375 0.1651041671875 0.1101851859375 0.17135416718750002 0.1120370375 0.1729166671875 0.1111111109375 0.1708333328125 0.025 0.1604166671875 0.028703703125 0.16354166718750002 0.030555556249999997 0.1640625 0.0388888890625 0.1598958328125 0.048148148437499996 0.1619791671875 0.08055555625000001
9 0.18125 0.0675925921875 0.1848958328125 0.0824074078125 0.1838541671875 0.0953703703125 0.1859375 0.09629629687499999 0.1854166671875 0.10833333281249999 0.1828125 0.1111111109375 0.1885416671875 0.1148148140625 0.1927083328125 0.1111111109375 0.196875 0.11574074062499999 0.209375 0.1111111109375 0.2114583328125 0.11574074062499999 0.21458333281250003 0.1148148140625 0.2166666671875 0.1268518515625 0.271875 0.1324074078125 0.2869791671875 0.12870370312499999 0.29635416718749996 0.12222222187500001 0.2989583328125 0.12407407343750002 0.303125 0.11851851875 0.303125 0.0925925921875 0.3067708328125 0.0861111109375 0.3104166671875 0.09074074062500001 0.3145833328125 0.08055555625000001 0.3145833328125 0.071296296875 0.296875 0.0425925921875 0.28854166718749996 0.019444443750000002 0.2791666671875 0.0111111109375 0.2713541671875 0.0101851859375 0.2578125 0.0166666671875 0.2484375 0.0129629625 0.22395833281250002 0.0166666671875 0.18697916718750002 0.0333333328125 0.2010416671875 0.040740740625 0.2049479171875 0.0620370375 0.1848958328125 0.0638888890625 0.18125 0.0675925921875
9 0.6651041671875 0.178703703125 0.6760416671875 0.1740740734375 0.6817708328125 0.178703703125 0.6854166671875 0.1759259265625 0.6869791671875001 0.165740740625 0.6989583328125 0.1620370375 0.6973958328125 0.15555555625 0.6890625 0.1574074078125 0.6869791671875001 0.15370370312499998 0.6875 0.12592592656249998 0.6890625 0.1231481484375 0.696875 0.125 0.6979166671875 0.11944444375 0.696875 0.1101851859375 0.6895833328125 0.1111111109375 0.6854166671875 0.10370370312499999 0.6848958328125 0.0703703703125 0.6729166671875 0.072222221875 0.6692708328125 0.065740740625 0.6630208328125 0.077777778125 0.6572916671875 0.07962962968750001 0.6552083328125 0.0861111109375 0.6494791671875 0.08333333281250001 0.6463541671875 0.072222221875 0.6401041671875001 0.06944444375 0.6385416671875 0.0629629625 0.6286458328125 0.0666666671875 0.6046875 0.10185185156250001 0.6015625 0.10185185156250001 0.5989583328125 0.10648148125000001 0.596875 0.12222222187500001 0.5958333328125 0.1611111109375 0.6166666671875001 0.16388888906250001 0.61875 0.1675925921875 0.6651041671875 0.178703703125
9 0.4557291671875 0.1611111109375 0.525 0.16388888906250001 0.553125 0.1611111109375 0.5567708328125 0.12407407343750002 0.5567708328125 0.078703703125 0.553125 0.04444444375 0.5484375 0.0361111109375 0.5364583328125 0.04444444375 0.525 0.045370370312500005 0.5041666671875 0.0425925921875 0.4927083328125 0.0351851859375 0.4791666671875 0.0324074078125 0.4682291671875 0.0231481484375 0.4546875 0.025 0.446875 0.0203703703125 0.4447916671875 0.028703703125 0.44375 0.13055555624999998 0.4458333328125 0.146296296875 0.4526041671875 0.1518518515625 0.4557291671875 0.1611111109375
9 0.7989583328125 0.1879629625 0.8473958328125001 0.1870370375 0.8760416671875 0.19351851874999998 0.9088541671874999 0.19537037031249999 0.9151041671875 0.1990740734375 0.9317708328125001 0.1925925921875 0.9338541671874999 0.1851851859375 0.9333333328125001 0.1768518515625 0.9302083328125 0.171296296875 0.9291666671875 0.15370370312499998 0.9161458328125001 0.13703703750000001 0.9119791671874999 0.1175925921875 0.9041666671874999 0.1120370375 0.8994791671875 0.11388888906250001 0.8802083328125001 0.09444444375 0.8625 0.08796296249999999 0.8536458328125001 0.07962962968750001 0.8255208328125001 0.08148148125 0.8119791671875 0.075 0.77734375 0.075 0.7635416671875 0.0648148140625 0.7427083328124999 0.0759259265625 0.7395833328125 0.08333333281250001 0.7390625 0.0925925921875 0.7255208328125 0.109259259375 0.7203125 0.10833333281249999 0.7182291671875001 0.11388888906250001 0.7171875 0.1629629625 0.7208333328125 0.177777778125 0.7609375 0.178703703125 0.7989583328125 0.1879629625
9 0.9994791671875 0.13888888906250002 0.9890625 0.1324074078125 0.9697916671875 0.13703703750000001 0.9614583328125 0.13148148125 0.9567708328125001 0.1361111109375 0.9510416671874999 0.1361111109375 0.9510416671874999 0.19351851874999998 0.9536458328125 0.1990740734375 0.9994791671875 0.20370370312500002 0.9994791671875 0.13888888906250002
9 0.6916666671875 0.7351851859375 0.7010416671875 0.73148148125 0.7010416671875 0.7194444437499999 0.6963541671875 0.703703703125 0.6817708328125 0.702777778125 0.6744791671875 0.6972222218749999 0.6546875 0.6990740734374999 0.6463541671875 0.696296296875 0.6411458328124999 0.7083333328125 0.6416666671875 0.7268518515625 0.65 0.725 0.6609375 0.73148148125 0.6916666671875 0.7351851859375
9 0.9588541671874999 0.6148148140624999 0.9546875 0.61851851875 0.9536458328125 0.6379629625 0.9541666671875 0.7175925921874999 0.9994791671875 0.7166666671875 0.9994791671875 0.6231481484375 0.9588541671874999 0.6148148140624999
9 0.9239583328125001 0.725 0.9296875 0.7240740734375 0.9359375 0.715740740625 0.9359375 0.63055555625 0.9291666671875 0.622222221875 0.903125 0.625 0.7203125 0.61851851875 0.7166666671875 0.628703703125 0.7166666671875 0.7129629625 0.7171875 0.7259259265625 0.7197916671875 0.7324074078125 0.9239583328125001 0.725
9 0.9994791671875 0.4888888890625 0.9994791671875 0.46481481406249997 0.9588541671874999 0.4620370375 0.9541666671875 0.465740740625 0.9546875 0.497222221875 0.9822916671874999 0.490740740625 0.9875 0.48518518593750004 0.9994791671875 0.4888888890625
9 0.6369791671875 0.48333333281249996 0.6520833328125 0.48703703750000005 0.6541666671875 0.4916666671875 0.6854166671875 0.4861111109375 0.6890625 0.47592592656250005 0.69375 0.48148148125 0.7005208328125 0.475 0.7015625 0.4675925921875 0.7010416671875 0.4546296296875 0.651909721875 0.4611111109375 0.6145833328125 0.459259259375 0.5942708328124999 0.46296296249999996 0.5921875 0.4703703703125 0.5942708328124999 0.48148148125 0.6223958328125 0.48518518593750004 0.6369791671875 0.48333333281249996
9 0.790625 0.4768518515625 0.8020833328125001 0.48055555625 0.8276041671875 0.477777778125 0.8609375 0.4861111109375 0.8697916671874999 0.502777778125 0.871875 0.5083333328124999 0.8708333328125001 0.5129629625 0.8729166671874999 0.5148148140625 0.890625 0.5138888890625 0.9057291671875 0.5009259265625 0.9322916671874999 0.5018518515625 0.9359375 0.4981481484375 0.9364583328125 0.4861111109375 0.9354166671874999 0.4601851859375 0.9322916671874999 0.4546296296875 0.8967447921874999 0.46296296249999996 0.8526041671875 0.46388888906250003 0.8177083328125001 0.4583333328125 0.7729166671875001 0.4611111109375 0.7234375 0.4583333328125 0.7177083328125 0.46296296249999996 0.7171875 0.47407407343749997 0.7197916671875 0.4768518515625 0.7421875 0.4796296296875 0.790625 0.4768518515625
5 0.5239583328124999 0.5101851859375001 0.5234375 0.5175925921875 0.5364583328125 0.5268518515625 0.5578125 0.50648148125 0.5598958328125 0.48981481406249994 0.55625 0.475 0.534027778125 0.48055555625 0.48758680625000006 0.4796296296875 0.48020833281249997 0.475 0.47239583281249997 0.478703703125 0.4671875 0.475 0.4546875 0.47592592656250005 0.44427083281249996 0.48518518593750004 0.446875 0.49351851875 0.46875 0.5009259265625 0.5161458328124999 0.49259259218749996 0.5239583328124999 0.5101851859375001
5 0 0.527777778125 0.0135416671875 0.5240740734375 0.040625 0.5240740734375 0.053125 0.515740740625 0.0666666671875 0.5009259265625 0.07552083281250001 0.5018518515625 0.0927083328125 0.48518518593750004 0.0921875 0.475 0.0890625 0.47222222187499996 0.0703125 0.4731481484375 0.056770832812500005 0.48148148125 0.0317708328125 0.4768518515625 0.0046875 0.477777778125 0 0.478703703125 0 0.527777778125
10 0.8322916671874999 0.8138888890624999 0.8317708328125001 0.7361111109375 0.8302083328125001 0.728703703125 0.8098958328125001 0.7324074078125 0.8036458328125 0.7740740734375 0.8036458328125 0.99444444375 0.8046875 0.9990740734375001 0.83125 0.9990740734375001 0.8322916671874999 0.8138888890624999
9 0.5619791671875001 0 0.5604166671875 0.002777778125 0.5640625 0.0111111109375 0.5614583328125 0.015740740625 0.5635416671875 0.0268518515625 0.5609375 0.040740740625 0.559375 0.077777778125 0.5609375 0.0916666671875 0.5588541671875 0.0953703703125 0.5583333328125 0.140740740625 0.5583333328125 0.20833333281250002 0.5682291671875 0.22407407343750002 0.5703125 0.23333333281250002 0.5666666671875 0.23611111093749998 0.5697916671875001 0.25740740781250004 0.5635416671875 0.2675925921875 0.5604166671875 0.2648148140625 0.559375 0.26944444375 0.5604166671875 0.2870370375 0.5682291671875 0.2888888890625 0.5666666671875 0.3638888890625 0.5682291671875 0.375 0.5713541671875 0.378703703125 0.5671875 0.3925925921875 0.5682291671875 0.4046296296875 0.5661458328125 0.41944444374999995 0.5692708328125 0.46481481406249997 0.5661458328125 0.4731481484375 0.5609375 0.477777778125 0.5598958328125 0.4861111109375 0.5640625 0.6601851859375001 0.5604166671875 0.6731481484375 0.5604166671875 0.6851851859375 0.5651041671875 0.6861111109375 0.5682291671875 0.68148148125 0.5734375 0.6888888890625 0.5723958328125 0.728703703125 0.5697916671875001 0.7361111109375 0.571875 0.771296296875 0.5661458328125 0.7787037031249999 0.5645833328125 0.7925925921875 0.5604166671875 0.8018518515625 0.5614583328125 0.8435185187500001 0.5583333328125 0.8601851859374999 0.5583333328125 0.884259259375 0.55625 0.8981481484374999 0.5567708328125 0.95 0.5619791671875001 0.9648148140625 0.5630208328124999 0.9824074078124999 0.5677083328125 0.99444444375 0.575 0.9990740734375001 0.6015625 0.9990740734375001 0.603125 0.99351851875 0.6015625 0.8388888890624999 0.6036458328125 0.652777778125 0.5916666671875 0.6259259265625 0.5880208328125 0.60601851875 0.5890625 0.5944444437499999 0.584375 0.590740740625 0.5885416671875 0.5796296296875 0.5880208328125 0.54444444375 0.590625 0.527777778125 0.5875 0.471296296875 0.5880208328125 0.43981481406249995 0.5828125 0.434259259375 0.584375 0.4138888890625 0.5864583328124999 0.41111111093749997 0.5875 0.384259259375 0.590625 0.38055555625 0.5895833328125 0.3703703703125 0.5927083328125 0.3453703703125 0.5911458328125 0.290740740625 0.584375 0.28055555625 0.5828125 0.271296296875 0.5859375 0.2601851859375 0.5848958328125 0.2388888890625 0.590625 0.147222221875 0.5932291671875001 0.13333333281249998 0.5916666671875 0 0.5619791671875001 0