10 0.7593004296875 0.5336372218750001 0.769481303125 0.46868123749999996 0.7645807671875 0.45864225625 0.7411139390625 0.46095436406249995 0.7351821843749999 0.45451055625 0.724480453125 0.45768165312500003 0.6962424171875 0.4546480828125 0.6941790515624999 0.4506179921875 0.68915026875 0.4489762171875 0.6877321484375 0.451581990625 0.6860556812499999 0.44854130156250005 0.6787070390625 0.45966385 0.6855411499999999 0.46342939687499995 0.68618670625 0.47380540625 0.6824481062500001 0.48169520937500004 0.666589503125 0.49349181093750005 0.6647857140625 0.510068765625 0.6676241187499999 0.5310382375 0.6636281015625001 0.5445020171875 0.6574398515625 0.5548526218750001 0.6436529484375 0.6716632406249999 0.6418507046874999 0.7069409234374999 0.6548739921875 0.711576303125 0.7130262218750001 0.7169439890625 0.73778230625 0.7129430265625001 0.7593004296875 0.5336372218750001
10 0.405607665625 0.396971571875 0.39271385937500003 0.3988995671875 0.39310106875 0.4036291125 0.39825871562500004 0.4043539734375 0.41618284687499996 0.42276848125 0.44596925625 0.43911001875 0.470854821875 0.4416724328125 0.48219979375 0.42082625 0.4885175234375 0.41703902187499997 0.4869696125 0.4093412734375 0.47523588906249997 0.40675717968749997 0.405607665625 0.396971571875
9 0.775639609375 0.09553651875 0.7797657250000001 0.0961164078125 0.78260196875 0.0909048625 0.7875021953125 0.097203696875 0.8006521875000001 0.0747411453125 0.80529098125 0.0379920625 0.723800171875 0.026539276562500002 0.7209642390625 0.0354909671875 0.7160683328124999 0.0815541703125 0.7232899625 0.0937894109375 0.739408146875 0.1025998515625 0.7724155406250001 0.088538228125 0.775639609375 0.09553651875
9 0.8767263875 0.0723423171875 0.8691224875 0.11521985937500001 0.8646137906250001 0.1660126078125 0.8758320562499999 0.1722643609375 0.9133543187500001 0.1822128984375 0.9237981671875 0.1790055578125 0.9333328671875 0.0961932734375 0.8974867625 0.0855452796875 0.883044428125 0.07229523593750001 0.8776287437500001 0.06966406093750001 0.8767263875 0.0723423171875
9 1 0.1328176375 0.9981915796875 0.12120400625000001 0.9526741937500001 0.100781571875 0.9502248515625 0.10698251875 0.9413341624999999 0.18147008125 0.94339845625 0.19672060625 0.9551321796875 0.1993047 0.9776978843749999 0.21463143437499999 0.9827263578125001 0.2125330640625 0.9944603890625 0.2188573015625 1 0.21903627343749998 1 0.1328176375
9 0.8334456859375001 0.5936140125 0.825709215625 0.592526721875 0.8177153265625 0.59701340625 0.8121738671875001 0.6327006015625 0.8027698828125001 0.7370368421875 0.8058647796875 0.7412119046875 0.8467390484375 0.7460213828125 0.865047921875 0.7392442703125 0.8677549906250001 0.7312094953125 0.8738109796875 0.6806342046875 0.8767720734375001 0.6258838531250001 0.855753971875 0.614514721875 0.8334456859375001 0.5936140125
9 0.9528468921875 0.6309653187500001 0.9371168421875 0.638104859375 0.9167446046875 0.6408518812499999 0.90436594375 0.635372071875 0.8959851546875001 0.6388693562500001 0.8847749140625 0.7298613859375 0.8854207781250001 0.743977540625 0.9696186578124999 0.7473955515624999 0.9730979859375 0.7226388499999999 0.9716780109375 0.70280375 0.9756718687499999 0.6631589515625 0.973607884375 0.6516485703125 0.9702555687500001 0.653047484375 0.9690942484375 0.6425989921874999 0.9528468921875 0.6309653187500001
9 0.7700093984375 1 0.783828421875 0.89052405625 0.7847289265625 0.865404925 0.7918173703125 0.82619504375 0.79258839375 0.7945125359375 0.7956826718750001 0.79120730625 0.7965847203124999 0.7847889015625 0.7959388578125 0.7706727484375 0.800063121875 0.7488117640625 0.798644075 0.7401970999999999 0.8013511453125 0.7321623234375 0.80065985625 0.6884306453125 0.8188689281249999 0.5139582625 0.8174492640625 0.4978633078125 0.8091973390625 0.500443678125 0.7996567734375 0.512193196875 0.7881851015625 0.5601373109375001 0.7817422109375001 0.6097232 0.78225951875 0.6284964125 0.77903699375 0.6401988484375 0.779296265625 0.6570657468750001 0.7758169374999999 0.6818224500000001 0.7772362937499999 0.6941772578125 0.773370065625 0.717944559375 0.772857078125 0.7515333828124999 0.7707949468749999 0.762463875 0.772471721875 0.769244709375 0.7664126453125 0.78241854375 0.756484253125 0.781958225 0.7462984421875001 0.7870718812499999 0.7416562515625 0.7826793624999999 0.73779033125 0.8101868078125 0.7392093796875 0.8188014734375001 0.7371481734375 0.8409524015625 0.730962703125 0.884964315625 0.7298041609375 0.9081771312500001 0.7334154390625 0.9199049703125001 0.73122536875 0.9429728140625 0.7247790843749999 0.9514171031249999 0.7232330234375001 0.9661602281249999 0.7210411015625 0.9667871984374999 0.7206554359374999 0.9807583796875001 0.707504828125 0.9957406421874999 0.7069823765625001 1 0.7700093984375 1
9 0.416704184375 0 0.42079015625 0.0045245578125 0.448641753125 0.012178946875 0.477912090625 0.0247078546875 0.4810069875 0.028882915624999998 0.517368546875 0.03586325 0.5283287765625 0.0402086875 0.533229003125 0.0465075234375 0.5832587890625 0.061018953125 0.6286482359375001 0.0935787390625 0.6442503484375 0.09857655 0.670812071875 0.10043950625 0.6741650031249999 0.10652088281250001 0.67777535625 0.107028284375 0.69363426875 0.0989718296875 0.69737286875 0.091082025 0.6984028546875 0.07252626875 0.692599653125 0.0614254015625 0.7007208625 0.037321074999999995 0.692726665625 0.0380676140625 0.5664919625 0.004431050000000001 0.5335280796874999 0 0.416704184375 0
9 0.24404509375 0.3826806625 0.267253575 0.3747220953125 0.326566815625 0.38679813125 0.33494729687499997 0.3795607 0.3359772828125 0.3610049453125 0.32978718125 0.348914675 0.1879516015625 0.3252408828125 0.14668919687499998 0.3044814234375 0.14178989687500002 0.3094030234375 0.13843943281249999 0.33324281093749997 0.143727178125 0.3480113375 0.1491425515625 0.3469023671875 0.1579111671875 0.35561492031249997 0.1584275484375 0.36316769843749996 0.1619090390625 0.36459201406249997 0.19104989375 0.37055754531249996 0.199173571875 0.37637438125 0.21400157343749998 0.3756532453125 0.24404509375 0.3826806625
10 0.607529978125 0.43096005625 0.5540196296875 0.42624474218749997 0.549635784375 0.42749868593749996 0.5447367937500001 0.4361604328125 0.54203065 0.45541564375 0.5460282109375 0.4606525921875 0.5589223265625 0.4624647421875 0.5747827828125 0.4731090125 0.5825192515625 0.474196303125 0.5976043640625 0.464161046875 0.6058553640625 0.4503602390625 0.616557246875 0.4490592140625 0.6197800828125 0.441096925 0.607529978125 0.43096005625