9 0.0358476515625 0.1313805125 0.0232103359375 0.146246928125 0.01534376875 0.1613778859375 0.0162451984375 0.17527658125 0.026560184375 0.17756700625 0.1107580625 0.17414899687500002 0.112435146875 0.163628015625 0.1077954265625 0.13809937187500002 0.103798790625 0.132115884375 0.0937409171875 0.139139578125 0.07942868125 0.1383459546875 0.05286788437499999 0.128988475 0.0358476515625 0.1313805125
9 0.1415760015625 0.157662484375 0.1426066046875 0.16873795 0.147248178125 0.171825721875 0.179354140625 0.1719886515625 0.19740590156249999 0.169451640625 0.1985666046875 0.16648343906250002 0.1949565609375 0.16325069375 0.19186320625 0.148725028125 0.1789703265625 0.1355765953125 0.1513767640625 0.1413246703125 0.1415760015625 0.157662484375
9 0.3615476046875 0.15105815625000002 0.35652005781249996 0.13773934999999998 0.3566501578125 0.12369568281250001 0.34465932499999996 0.116965653125 0.3369228546875 0.1180529421875 0.3317645921875 0.12625809375 0.3311193453125 0.13289395625 0.3227376296875 0.1406171078125 0.320545090625 0.1474704296875 0.30881105937500003 0.15379466718749998 0.303008784375 0.1536750984375 0.290115903125 0.1405266640625 0.283669 0.1395626671875 0.2765780859375 0.13027395 0.264716115625 0.12446083593749999 0.2635560328125 0.1199487484375 0.25117829999999997 0.11420812031250001 0.24305492812499999 0.1162848125 0.23789666562499998 0.1244899625 0.2375069859375 0.1591406734375 0.2350570265625 0.1604200171875 0.23737688750000002 0.1731843390625 0.2356994953125 0.1874454640625 0.23892109375 0.2103683375 0.2518136671875 0.227256915625 0.305194534375 0.229104978125 0.3402665265625 0.22417593125000002 0.3687621359375 0.2248462625 0.3753388296875 0.2155067390625 0.3767584953125 0.199411784375 0.36760668281250003 0.164231990625 0.3660606234375 0.1494888671875 0.3615476046875 0.15105815625000002
9 0.50930660625 0.22192448593749997 0.513819625 0.22035519531249997 0.5170436921875 0.2133569046875 0.5313562390625 0.21041038125 0.5634618921875 0.21431345624999998 0.6189064328125 0.20839128593749998 0.6200671343749999 0.20542308281250002 0.612976221875 0.1961343640625 0.6003398328125 0.19978034375 0.5975035906249999 0.1945687984375 0.5929905734375 0.1961380875 0.5917006984375 0.2019295203125 0.580482740625 0.20444112812499998 0.5728763703124999 0.19148475 0.573908825 0.1801193421875 0.57055681875 0.17498028125 0.5701705359375 0.1684893921875 0.5611451187500001 0.1641476796875 0.5583082578125 0.166416425 0.5505736421874999 0.1450628421875 0.5322660031249999 0.1233251484375 0.516795225 0.09931870937500001 0.5045460484375 0.0982351421875 0.4980985265625 0.10475143437500001 0.4813363296875 0.10523715781250001 0.462897359375 0.11250371249999999 0.45206568437500005 0.1215062109375 0.39391592656249996 0.0969527328125 0.3817956109375 0.09678608125 0.3807637734375 0.100671196875 0.38772273749999997 0.14644445625 0.39287544375 0.20556192499999998 0.3958405515625 0.21169038437499998 0.40190055312500006 0.21364378281250002 0.40473679687499997 0.218855328125 0.45051005625 0.222707596875 0.4875935328125 0.21749585468750002 0.493575940625 0.222265234375 0.5051811078124999 0.21502408125 0.50930660625 0.22192448593749997
9 0.64418846875 0.088894959375 0.6289732578125 0.09290336875 0.596865753125 0.11144116875000001 0.5940285859375 0.117450059375 0.5941562140625 0.13332755624999998 0.5895130984375 0.1489405125 0.5799700624999999 0.1671121578125 0.5758420953125001 0.19013291875 0.5777750546875 0.2038866421875 0.5688778828125 0.207942134375 0.5751956125000001 0.21172936406249998 0.6510120859375 0.21229435937500002 0.6617145890625 0.2061150921875 0.664809484375 0.20194003125 0.6645520640625 0.19636605625 0.649603534375 0.0937440765625 0.64418846875 0.088894959375
9 0.7005254890625 0.2053357046875 0.7130330140625001 0.200772809375 0.7749238421875 0.2032949265625 0.7790502671875 0.19897489375 0.7766018515625001 0.1815535109375 0.7705421578125 0.17585996718750002 0.76500100625 0.1364326265625 0.7670643734375 0.1324025375 0.75855688125 0.10180732031249999 0.7524974953125 0.0923736296875 0.753916234375 0.0874991109375 0.7416661296875 0.0976359828125 0.7192305234374999 0.0989190484375 0.7074974187499999 0.09402285 0.6948613406249999 0.093928684375 0.6841600734375 0.08514736875 0.6774551328125 0.08608968593750001 0.6681710609375 0.09113458125 0.6716513140625 0.1046708453125 0.6697168109375 0.10961784999999999 0.6725527437500001 0.118569540625 0.671391734375 0.12527788906249998 0.6737112859375001 0.14178235625 0.6765478375 0.14325375625 0.6783519328125001 0.1560905640625 0.6764177375 0.157297425 0.6855698593749999 0.1887370703125 0.685440378125 0.1953004453125 0.692660465625 0.20176593281250002 0.7005254890625 0.2053357046875
9 0.9180477515625001 0.192530428125 0.9165020015625001 0.1740471609375 0.9091555203125001 0.13674359375 0.9049017734374999 0.12144598437500001 0.901162865625 0.117296325 0.9023241843750001 0.10684783281250002 0.89742611875 0.08696565 0.8869822703124999 0.08375830937499999 0.8735723921874999 0.0856429453125 0.87009059375 0.09080740781249999 0.8703480140625001 0.09638138125 0.8580972906250001 0.11399854218750001 0.835405809375 0.09100690781250001 0.8292175593750001 0.080656303125 0.8250914421875001 0.0812361921875 0.8142594593749999 0.093978834375 0.8154186187500001 0.10971135781250001 0.8239261109375 0.1403065765625 0.8277279078124999 0.16361541875000002 0.8276622390625 0.17811754375 0.823793234375 0.188011553125 0.82405034375 0.19732567343750002 0.8267577234375001 0.20162030312499998 0.841327378125 0.2079879015625 0.8914851015625 0.20561382031250003 0.9165001484375 0.1964880328125 0.9180477515625001 0.192530428125
9 0.9388072015625 0.1905479046875 0.961113634375 0.1920880671875 0.9468097328124999 0.090310515625 0.9381702890625 0.0961998375 0.9371381421875 0.1038251015625 0.9388139921875001 0.108264703125 0.927723046875 0.134134096875 0.934295109375 0.18089675624999998 0.9388072015625 0.1905479046875
9 0.753539371875 0 0.7543096171875 0.007966656249999999 0.7911616296874999 0.307605765625 0.8200308656249999 0.4681129515625 0.825961078125 0.4803698734375 0.853425775 0.473704884375 0.8593553703125 0.49344209687499996 0.8681230609374999 0.4959499796875 0.8651601156250001 0.4636405 0.8571696234375 0.418012215625 0.8563973656250001 0.40129028906249997 0.8592360765624999 0.3765806703125 0.7990431578125 0 0.753539371875 0
9 0.8213408062499999 0.21921206249999997 0.8237910734374999 0.21419257187500002 0.8212137937499999 0.1958542734375 0.8223748046875 0.1891459265625 0.8199257703124999 0.1792048328125 0.825728971875 0.1681039671875 0.8155468656249999 0.1181085640625 0.8115502296875 0.11212507499999999 0.8047167343750001 0.10841033281250001 0.7902774859374999 0.084258921875 0.7867959984375 0.0856832390625 0.7811235125 0.0752601484375 0.77712656875 0.07301680625 0.7741586828125 0.10054965468749999 0.7744130171875 0.1435250859375 0.7723496484375 0.14755517499999998 0.7843364687500001 0.20290709375 0.7851093437500001 0.21214872968749998 0.78317453125 0.220835878125 0.7897465953125 0.26759853906250003 0.7959339187500001 0.2891695796875 0.8138577421875001 0.27449521875 0.828428325 0.2696423796875 0.8213408062499999 0.21921206249999997
9 0.8922246390625 0.6187911703125 0.8866825609375001 0.5905842671875 0.89081053125 0.56756350625 0.8816593359375 0.5249034234375001 0.8646415718749999 0.497374296875 0.8572907687500001 0.51243276875 0.848522771875 0.5136650296874999 0.848522153125 0.5211453203125 0.8572886078125 0.5386137859375 0.8585760140625001 0.5627435171874999 0.8656672375 0.5682920890625 0.872757225 0.5888012421875 0.8875790531250001 0.664325290625 0.891446825 0.6693918640625001 0.9011177968749999 0.66335756875 0.9101444484375 0.6527387 0.8922246390625 0.6187911703125
9 0.336220096875 1 0.3323416171875 0.9461943890625 0.32731345156249997 0.9403558734375 0.32163973125 0.9448933640625 0.31454974375 0.9243842093750001 0.3131337828125 0.8955974187500001 0.31997005624999997 0.8656508515624999 0.3168791734375 0.8212040203125 0.3106930859375 0.7846723984375 0.2890470234375 0.59322924375 0.28518017812499996 0.5769422343749999 0.2792493484375 0.5721656046875 0.2566848765625 0.57253175625 0.2415985296875 0.5774570812500001 0.2454635234375 0.6161849640625 0.25564655625 0.6549599296874999 0.268920471875 0.738181725 0.269564175 0.7502465921875 0.26672639062500003 0.7637357734375 0.2685270890625 0.8177141828125001 0.26388242968750003 0.852027865625 0.267744953125 0.9206769124999999 0.27742906093749997 1 0.336220096875 1
5 0.40857585937499996 0.5717554328125 0.40586879062500003 0.5637206578125 0.3994218875 0.562756659375 0.347845115625 0.573745403125 0.299621278125 0.5786527718750001 0.290594625 0.589271640625 0.291238328125 0.60133650625 0.2943307546875 0.6270826078125 0.2981985265625 0.63214918125 0.30657993281249996 0.6281661749999999 0.32282605625 0.631493084375 0.3649902 0.6208921734375 0.376208775 0.610900275 0.3827857765625 0.59782060625 0.395809065625 0.5931852265625001 0.40831751406250005 0.5774018953125 0.40857585937499996 0.5717554328125
5 0.24211151718749999 0.6110459046875001 0.2440463296875 0.6023587546875 0.24159791406250003 0.5849373734375 0.23682747656249997 0.5809326859375 0.193761284375 0.58511519375 0.1292903984375 0.5979160875 0.12619550156249998 0.6020911484375 0.12671064999999998 0.6094989546875 0.1310941859375 0.6144930421875 0.15095065937500002 0.6173125484375 0.19378514375 0.608487478125 0.2195458109375 0.626372640625 0.227024553125 0.6234515203125001 0.23050635000000003 0.6182870578124999 0.22999089375 0.6146193984375 0.23656727812499997 0.6090200203125 0.24211151718749999 0.6110459046875001
5 0.0563092421875 0.6137830734375 0.0408366125 0.6122175078125001 0.014919207812499998 0.6186650375 0.011953484375 0.62001686875 0.015690540625 0.6466073999999999 0.0204612859375 0.646871940625 0.0422522640625 0.6447444453125 0.0454760234375 0.6414862984374999 0.0477977375 0.6318097468749999 0.061208542187500006 0.618704675 0.0563092421875 0.6137830734375
5 0.9559331453125001 0.46958369375000003 0.9149295484375 0.4790864765625 0.8843707265624999 0.48057616249999996 0.8745715078125 0.47821325156250005 0.872895659375 0.4737736484375 0.871863821875 0.47765876562500004 0.8750854203125 0.5005816375000001 0.8798558562500001 0.5045863234375 0.8977781374999999 0.5086126906249999 0.917506365625 0.5030349921874999 0.9282076328125 0.5118163078125 0.9582514609375 0.50104874375 0.9720497859374999 0.47947397968749994 0.9720504046875 0.4719936890625 0.9705034187500001 0.4684710015625 0.9559331453125001 0.46958369375000003
5 0.8423320515625001 0.5332355890625 0.8400124999999999 0.516731121875 0.8311165624999999 0.50582603125 0.7488522609375 0.5155174734375 0.73479744375 0.5202978265625 0.7358277375 0.5351134359375 0.75581276875 0.5425900046875001 0.7685780203125 0.5398609390625 0.780312359375 0.52979655625 0.8041663953124999 0.527379115625 0.8085499328125 0.5323732031249999 0.8128033703125 0.55141095625 0.824536475 0.55630715625 0.839236846875 0.5411507953125 0.8423320515625001 0.5332355890625
9 1 0.7222549609375 0.99781764375 0.7226992828125 0.9869872031250001 0.7167411984375 0.9713850921875 0.721739009375 0.959522815625 0.7196660406250001 0.957330584375 0.7227792156249999 0.9578438796875 0.7526278937499999 0.9604220859374999 0.7597457546874999 1 0.7592782046875 1 0.7222549609375
2 0.7648412734375001 0.5095302640625 0.7868902875 0.50549645 0.7981085546875 0.4992446984375 0.7933384265625001 0.4914998671875 0.778510425 0.4907787296875 0.7647136437500001 0.4936527671875 0.762134203125 0.5014954859375 0.762004721875 0.5080588625 0.7648412734375001 0.5095302640625
2 0.6289377593750001 0.523020103125 0.62752025625 0.512934040625 0.6268756265625 0.5120896109374999 0.611144959375 0.5124303609374999 0.6059873140625001 0.5131552203124999 0.6056004140625 0.5141446203125 0.6025058265625 0.5145795359374999 0.6016031609375 0.5156414234375 0.601345125 0.5175477390625 0.60198944375 0.5221323140624999 0.6036652921875 0.5265719171875001 0.6076622375 0.528815259375 0.617848665625 0.526448625 0.6184932953125 0.527293053125 0.6221036468750001 0.5267856515625 0.622748275 0.5276300796875 0.6279059218749999 0.5269052203125 0.6289377593750001 0.523020103125
11 0.693925028125 0.50266643125 0.6966320968749999 0.5107012078125 0.702563234375 0.511737690625 0.7166183625 0.5032171937500001 0.71300831875 0.49998445 0.693925028125 0.50266643125
11 0.22909255 0.5633192484375 0.2241935578125 0.5546575015624999 0.187703134375 0.560720921875 0.18628439531250002 0.565595440625 0.19092535 0.576163503125 0.22548158125 0.5713069421875 0.22909255 0.5633192484375