9 0 0.14614898125 0.0050031265625 0.14848778437500001 0.06111610468749999 0.1445639828125 0.0746865234375 0.1519687296875 0.0739086015625 0.1483103796875 0.077745021875 0.13597568124999998 0.0747710625 0.1009125359375 0.068404259375 0.10692686874999999 0.0631440234375 0.1063665125 0.051531234375 0.0746920140625 0.0458834625 0.0685896375 0.04387264375 0.062232939062500006 0.03231304375 0.061184890625 0.024775082812499998 0.0728502390625 0.011330990624999999 0.07471852968750001 0.0018524984375000002 0.0660994609375 0 0.06907852187499999 0 0.14614898125
9 0 0.1464333703125 0.047607424999999995 0.1455086015625 0.0550133578125 0.1394216078125 0.06163566875 0.1445276515625 0.0655338296875 0.14054231875 0.06903875312499999 0.14586635312500001 0.0741052203125 0.1436556953125 0.0742372484375 0.1380773421875 0.071058121875 0.129945965625 0.07333584843749999 0.11772026093750002 0.07217038906249999 0.10851988906250001 0.062172332812499995 0.0999371515625 0.044131 0.065927621875 0.0320546859375 0.057490209375000004 0.020424796875 0.0703698796875 0.007306503125 0.0694308265625 0.0001646265625 0.06436111562499999 0 0.064082359375 0 0.1464333703125
9 0.26861045156249996 0.1476901171875 0.2807513546875 0.15705119843749998 0.29659665 0.1596559359375 0.36797077031250003 0.15744953125 0.39232571875 0.15481828125 0.396549675 0.14802560468749998 0.3987571109375 0.1497276203125 0.4019447890625 0.1355819109375 0.39792315 0.12286851562500001 0.399813340625 0.1051007875 0.3948399625 0.033978165625 0.3908154734375 0.028690462500000003 0.3702266578125 0.032914734375 0.358273821875 0.041176054687500005 0.3389179015625 0.0480986734375 0.3355393078125 0.0520476765625 0.33442988906250004 0.0660480578125 0.32064860156249997 0.10042646875000001 0.3127231046875 0.1065497953125 0.290449265625 0.101610025 0.280456909375 0.0781758984375 0.2767553671875 0.0775065484375 0.272278753125 0.06575315468750001 0.2574782875 0.048224364062500004 0.25416998281250003 0.038245646875 0.24481496875 0.046325309375 0.23241570781249998 0.033269545312499996 0.198708596875 0.0365547640625 0.19234179375 0.0425690953125 0.18389958125 0.0413030578125 0.1745445671875 0.0493827203125 0.1658411484375 0.051847696875 0.15201237031249998 0.0407482671875 0.136037896875 0.036296190625 0.13363099218750002 0.046674554687499994 0.127783753125 0.0526525546875 0.1255117265625 0.050026868749999995 0.1168643453125 0.0756926 0.11147493281250001 0.0732849046875 0.10854846250000001 0.0836996 0.100235428125 0.084280903125 0.096011471875 0.09107357968749999 0.10008345 0.1418391203125 0.1125530015625 0.1409671640625 0.118784925 0.14795688125 0.1279404703125 0.1519575984375 0.22124347812499998 0.1510023390625 0.2267166359375 0.16082967343750001 0.23139271875 0.160502690625 0.2354874953125 0.15186267343749998 0.24211265625 0.14954302343749998 0.26861045156249996 0.1476901171875
9 0.138500840625 0.0491185828125 0.12836790781250002 0.05353989375 0.1316144734375 0.055169246875 0.1327153421875 0.0634459484375 0.12920471718749998 0.07297330468749999 0.133543603125 0.10515644375 0.132437034375 0.11173112968750001 0.1365907015625 0.118866171875 0.13872785 0.1344959078125 0.145091803125 0.1359072703125 0.1465859078125 0.1348746046875 0.138500840625 0.0491185828125
9 0.16243120312499998 0.137479340625 0.16632936250000002 0.1334940078125 0.17080882656250002 0.1378217078125 0.1829554296875 0.13233140000000002 0.185356634375 0.1368044265625 0.1884094328125 0.135662765625 0.1913273546875 0.14752515625 0.24678873750000002 0.149216040625 0.2615977546875 0.14446774375 0.2704977921875 0.13734808437499998 0.27322479375 0.1390137671875 0.276993775 0.13318109375 0.2751852734375 0.10731832187499998 0.2783701 0.100598309375 0.28233 0.10496234062500001 0.28577603281249997 0.09451131406249999 0.28513014062500003 0.0852746109375 0.265462675 0.057876096875000005 0.2555349078125 0.035365640625 0.245601440625 0.027706575 0.23774338281250001 0.0273278765625 0.224686828125 0.0347381890625 0.21507630781249998 0.0316974734375 0.190915128125 0.0370997359375 0.1551886484375 0.0563053390625 0.1697336078125 0.0627137515625 0.175115896875 0.0836856859375 0.1552418375 0.0869317890625 0.15186324375 0.090880790625 0.1565336234375 0.1054051984375 0.156398746875 0.11840924687500001 0.15854159375000001 0.11918759062499999 0.158861690625 0.1312316375 0.1564576359375 0.13418430625 0.16243120312499998 0.137479340625
9 0.67288775625 0.14262496875 0.6647039015625 0.14505361249999998 0.6623672875 0.14150425625000002 0.660949171875 0.1137578140625 0.662314096875 0.1108778078125 0.6702367453125 0.112180175 0.6708883390625 0.1065654890625 0.669203315625 0.09740145 0.661994 0.098833759375 0.65732076875 0.0917350484375 0.6544759874999999 0.0585192453125 0.64265518125 0.061202209375000004 0.638566103125 0.0549908375 0.6331709890624999 0.06743453125 0.6275849578125 0.06968151875 0.6259588234375 0.07629253750000001 0.6200498453125001 0.073921171875 0.6161573859375 0.0630551171875 0.6097288437499999 0.0607200828125 0.6077180234374999 0.054363384375000004 0.5981046531249999 0.058748365625 0.576659075 0.09551908906249999 0.5735416875 0.095737078125 0.5712668109375 0.10053708750000001 0.570286571875 0.1163848109375 0.5719601937500001 0.15525163125000002 0.5929365468750001 0.1565693828125 0.5952731625000001 0.16011873906250002 0.642289484375 0.1679692796875 0.6528773953125 0.1625879671875 0.6589155515625 0.166806671875 0.6623587375 0.1637813421875 0.6632069484375 0.15351197187500001 0.6748985765625 0.1489816671875 0.67288775625 0.14262496875
9 0.51596025625 0.0338622921875 0.5045915734374999 0.04301095 0.4932257421875 0.044733914062500005 0.47224938906249997 0.0434161609375 0.46030225312499995 0.0368260921875 0.44659980624999995 0.0349997 0.43504305624999995 0.02652595625 0.42166355468749994 0.029317915625000003 0.4135471375 0.0252445359375 0.41205018437499996 0.033702895312499995 0.41811588125 0.13537930625 0.42129215625 0.1509363765625 0.42843403437500005 0.1560060890625 0.43219731406250006 0.1650248046875 0.501493175 0.1629637265625 0.5293558968750001 0.1582308140625 0.530409275 0.12102967656250001 0.5272443984375 0.0757698265625 0.521217640625 0.0418483421875 0.51596025625 0.0338622921875
9 0.9108369484375001 0.155687921875 0.9097360796875 0.14741121875000002 0.90623115625 0.1420871859375 0.9039648296875 0.12461010937500001 0.8898131062499999 0.10889233125 0.8843002140625 0.089785903125 0.8761192093749999 0.0847888546875 0.87157230625 0.086963178125 0.8509920390625 0.06891036406249999 0.8328747171875 0.0636799421875 0.8234608140624999 0.055984543750000004 0.7955335046875 0.059793785937499996 0.7815727 0.0542727125 0.747021653125 0.05668875625000001 0.732542709375 0.047491165625 0.7125351953125 0.060028471875 0.709934521875 0.06763582343749999 0.7100608515625 0.076908859375 0.6977147796875001 0.094479546875 0.69245454375 0.09391919062500001 0.690763821875 0.0996065390625 0.6931479265625 0.148633734375 0.6978183078125 0.163158140625 0.7378893734374999 0.161284284375 0.77646348125 0.167868790625 0.8247184015625001 0.163566290625 0.85374658125 0.1680337515625 0.8866083296875 0.1675922078125 0.8931014625 0.1708509109375 0.9092754046874999 0.16322261093749998 0.9108369484375001 0.155687921875
9 0.928563884375 0.16280201562500002 0.9315492421875 0.1681623796875 0.9775938765625 0.1695835609375 0.9730726234375 0.1049266328125 0.9622292046875 0.09918756875 0.9433282625 0.1051501875 0.9346276906250001 0.10018946718749999 0.93027455625 0.10513480312500001 0.924559346875 0.10553444999999999 0.928563884375 0.16280201562500002
9 0.66819739375 0.6877986843749999 0.6596905937499999 0.685608978125 0.6553346078125 0.6979800078125 0.657145959375 0.716417084375 0.6653298140625 0.713988440625 0.6766927968750001 0.719691171875 0.707605465625 0.7212422953125001 0.716699271875 0.716893646875 0.7158596109375 0.7048859296875001 0.7100855109374999 0.6895105171875 0.6954731109375001 0.6896041296875 0.687811671875 0.684570746875 0.66819739375 0.6877986843749999
9 1 0.5870928484375 0.9657454984375 0.5825270828125 0.9618473375000001 0.5865124171875 0.9621645843750001 0.6059821578125 0.9682388312500001 0.6853814828125 1 0.6825074046874999 1 0.5870928484375
9 0.7280432640625001 0.602861590625 0.7251167953125 0.613276284375 0.7309944234375 0.6973302921875 0.7324182375 0.7102253484375 0.7354681875 0.7165093828125 0.9386207984375 0.6948780734375 0.9442714203125 0.6935547546875 0.9499248921874999 0.6848057437499999 0.9439826734375 0.5998280671875 0.9366470296875 0.591987340625 0.9108625671875 0.596574928125 0.7280432640625001 0.602861590625
9 0.9852790453125 0.45121499375 0.9974873890625 0.45407405 0.9958080671875 0.43005861875000007 0.955088259375 0.4301214640625 0.9506705343749999 0.4341431296875 0.9533861359375001 0.4655115921875 0.9804709359375 0.4571203296875 0.9852790453125 0.45121499375
9 0.6982884625 0.46107327187499997 0.698810878125 0.45361124531249997 0.6973870625 0.44071619218749997 0.648826925 0.45060915625 0.6114622828125 0.451365571875 0.5914576203124999 0.45647718125000003 0.589896078125 0.46401187187500004 0.5927494078125 0.47495059062499995 0.621064253125 0.476683371875 0.635482884375 0.47381874843749994 0.650808615625 0.47645981718749997 0.6532098203125 0.48093284374999995 0.6839961609375 0.47321093125 0.6869226312500001 0.4627962359375 0.6919862484375 0.468011275 0.6982884625 0.46107327187499997
9 0.8708342515625 0.487063359375 0.8730416906249999 0.48876537343750004 0.8906422968750001 0.48660643437499995 0.9048054203125 0.472621434375 0.9313678046874999 0.47169219843750004 0.9347464000000001 0.467743196875 0.9344263015625 0.45569914999999994 0.9315786734374999 0.42990904218750003 0.92807375 0.42458500781249997 0.8931947687499999 0.435377665625 0.8492262578125 0.43938043125000004 0.8140278921874999 0.4362726171875 0.7695391046875 0.44216813750000006 0.7199866984375001 0.44284861875 0.7145944328125 0.4478666171875 0.714849940625 0.45898699374999996 0.7176415328125 0.461576346875 0.740176578125 0.46278510468749995 0.78830231875 0.45663526406250005 0.799991096875 0.459530653125 0.8252559953124999 0.4549793984375 0.859089434375 0.46096721562500004 0.8690846406249999 0.47697564843749996 0.871550434375 0.4823723453125 0.8708342515625 0.487063359375
5 0.5325885125 0.4782292640625 0.48619607968749995 0.4805451515625 0.4785126328125 0.47644149531249996 0.4709775203125 0.48068114843750004 0.46552351718749996 0.47734978281249996 0.45311855625 0.47914540937499994 0.44337315781250003 0.48910874375 0.44655228437499994 0.4972401203125 0.46889071250000003 0.5031035609375001 0.5155897875 0.49148435937499996 0.5246104546875 0.5084891265625 0.5246076046875 0.5159148203125 0.5382426125 0.5242432375 0.558123796875 0.502432896875 0.559039446875 0.48566150312499995 0.554369065625 0.471137096875 0.5325885125 0.4782292640625
5 0 0.517460384375 0.0031556546875 0.56258835 0.016405978125 0.5579490484375 0.0434233375 0.5560598109375 0.055311584375 0.546874821875 0.06778683437500001 0.5311514765625 0.076684021875 0.5314575109375 0.0926670453125 0.5136325046875 0.0914369984375 0.5035084609375 0.08812584375 0.5009554374999999 0.06948610625 0.50318704375 0.056558729687499996 0.5124446953125 0.0312966828125 0.5095702546875 0.0043439125 0.5123831640625001 0 0.5135612484375 0 0.517460384375
10 0.83875894375 0.976604428125 0.8652567390625 0.9747515218749999 0.853378003125 0.7899447765625001 0.847432934375 0.7123927921875 0.845357525 0.7051124234375 0.8253528640625 0.710224034375 0.8220246078125 0.7522251796874999 0.8373968671875 0.9720587390625001 0.83875894375 0.976604428125
9 0.5257030453125 0 0.52980328125 0.0078332453125 0.5275284046875 0.012633254687500001 0.5303817359375 0.023571973437499998 0.528752753125 0.0376086875 0.5297776328125 0.0746645 0.532305165625 0.08841056093750001 0.530485265625 0.09225056875 0.5331305765625001 0.13754675 0.537845596875 0.20497469062499998 0.5488153453125 0.21998678906250002 0.5515394953125 0.22907816718750001 0.5480963125 0.23210350000000002 0.5526992546875 0.25312993125 0.5471749609375001 0.2637262828125 0.54386380625 0.261173259375 0.5431476234375 0.265864275 0.54541395 0.2833413515625 0.5533365984375 0.28464371875 0.5570096390625 0.3595700171875 0.5593434046875 0.3705450671875 0.5627191500000001 0.37402175937500004 0.559531471875 0.38816746874999997 0.5614102640625 0.4001025203125 0.5603654328125 0.4150265734375 0.5666476984375 0.460068434375 0.5641116140625 0.4685994578125 0.559238915625 0.47358112500000005 0.5587810890625 0.48196682187500006 0.5750803999999999 0.655326209375 0.5723477 0.6685119140625 0.5731873609375 0.6805196312499999 0.57792803125 0.6811163171875 0.5807224718749999 0.676279975 0.5864348328125 0.6833060234375 0.58817304375 0.7230965140625 0.5860919359375 0.7306675359375 0.5906245890624999 0.7656216859375 0.5854260921875001 0.7734106953125 0.5848362390624999 0.7873747453125 0.581325615625 0.7969021015625 0.5852712640625 0.8383946078125 0.5833164843749999 0.8552386656250001 0.58499580625 0.8792540953125 0.5838863890625 0.893254478125 0.5880229546875 0.9449436890625 0.59425203125 0.9593591 0.59651835625 0.9768361765625 0.6020341 0.9885169078124999 0.6096309515625 0.9926266187499999 0.636128746875 0.9907737125 0.6372999046875 0.9851226953125 0.6249547921875 0.8309787312499999 0.6140505953125001 0.6451756515625 0.6002275203125 0.619224834375 0.595201896875 0.599620240625 0.595433659375 0.5880016953125 0.5904992203125 0.5846339984375 0.593880665625 0.5732593015624999 0.59090670625 0.53819615625 0.592341921875 0.5213884328125 0.5852845859375 0.4652625265625 0.5836081125 0.43382139999999997 0.57802493125 0.4286426921875 0.578162659375 0.4082129484375 0.5800471484374999 0.4052966109375 0.5792131890625 0.37843750625 0.58207221875 0.3745248359375 0.58032260625 0.3644371234375 0.5816960828125 0.339280034375 0.57632661875 0.2848924734375 0.568861796875 0.275204409375 0.566657209375 0.2660767 0.568999525 0.254774665625 0.566474840625 0.233602909375 0.5657957078125 0.141759890625 0.5674246921874999 0.1277231765625 0.5569881078125001 0 0.5257030453125 0