8 0.4804453578125 0.695859590625 0.4888669078125 0.6751130546875 0.5239367578125 0.6590227718749999 0.551745384375 0.6881874031249999 0.5629894375 0.4736380890625 0.5282603171875 0.48322687656249996 0.5077601265625 0.524528290625 0.471077559375 0.501417946875 0.45803543593749996 0.5170328171875 0.423594084375 0.4744818765625 0.4107108359375 0.6270114484375 0.2280266703125 0.6141777 0.23882183281249997 0.6880861515625 0.28313283125 0.6822592046875 0.3213222 0.6532937046875 0.38870958906249997 0.650305978125 0.42893758593750003 0.6524142390625001 0.43707136406249997 0.6838074296875 0.4804453578125 0.695859590625
8 0.3168167859375 0.972505796875 0.33343081875 0.9587079609375 0.3109242234375 0.9216720078125 0.319968528125 0.9123669734375 0.3465051671875 0.895829484375 0.3641413859375 0.862527165625 0.3939621625 0.8999464375 0.44090806406249994 0.9138156328125 0.44346353125000004 0.865054425 0.44905333281250004 0.8050433765625 0.4034381234375 0.8124318109375 0.402448159375 0.7846726859375 0.40032435 0.7552243015625 0.35204775625 0.7200974765625 0.35244144374999997 0.759234215625 0.32287046875000003 0.7870215468749999 0.3153329640625 0.744250740625 0.2954612734375 0.7269109312500001 0.284260934375 0.7540311890625 0.26857816093750003 0.8200326406249999 0.26305280625 0.785516475 0.219849178125 0.770213565625 0.20848421875 0.7305018453125001 0.160856859375 0.7296356390625001 0.1388233890625 0.8001937765625 0.11612919375 0.9766567453125001 0.1867477640625 0.981987546875 0.25184672343750003 0.88271945625 0.2618222875 0.9256180359374999 0.2418067109375 0.9343480906250001 0.23278888437499998 0.9664722421875 0.2839029703125 0.97078085625 0.3168167859375 0.972505796875
8 0.6891156875 1 0.701650375 0.4401590546875 0.6740385921875001 0.43056279531249997 0.673566721875 0.99935145625 0.674477553125 1 0.6891156875 1
8 0.8536067375 0.7594217703125 0.8623103140625 0.7566182312499999 0.8667075656250001 0.7193624125 0.8497850281250001 0.6923981343750001 0.8745915421875001 0.685549 0.8609853671875 0.6652778765625 0.8476612171875001 0.66294975 0.8211832812500001 0.6550427484375 0.7435912609375 0.6428271343749999 0.730023053125 0.5052096781250001 0.7250674953125 0.43649678124999997 0.7192958390624999 0.6399240265625 0.7231175484375 0.7069476640625 0.739672878125 0.71759431875 0.7438675421875 0.7308528546875 0.747380746875 0.7571143796875 0.756084321875 0.7543108375 0.789764778125 0.741407415625 0.7939859203124999 0.7774850671875 0.82185325 0.7822052078125 0.8397714953125 0.7668458859375 0.8536067375 0.7594217703125
8 0 0.9698600734375 0.0163390828125 0.9681672921875 0.02127390625 0.9439783484375001 0.0476137015625 0.9078724890625001 0.048950137500000004 0.85904739375 0.0593573578125 0.8237363828125 0.08745375625 0.8007612859375 0.0906054984375 0.7406224625 0 0.737350078125 0 0.9698600734375
8 0.430638984375 0.99313950625 0.4208015609375 0.9942537859374999 0.539132671875 0.9988254187500001 0.5555498609375 0.9654592125000001 0.54931656875 0.9211269203124999 0.518729153125 0.8983360093750001 0.484170396875 0.9046740515625 0.4623395140625 0.9247178343750001 0.43920442031249995 0.9463231046875 0.430638984375 0.99313950625
8 0.24747288437499998 0 0.24128511874999997 0.0346502890625 0.252650078125 0.07436200781249999 0.2669054875 0.12889375 0.242806909375 0.1455590125 0.224973846875 0.1592929609375 0.2053784359375 0.22997887343749998 0.256290940625 0.265483765625 0.2711802046875 0.252486521875 0.284445034375 0.237382253125 0.3238212078125 0.25574425 0.3223647640625 0.256342953125 0.357357778125 0.268910690625 0.4141998078125 0.257221115625 0.462194375 0.27440494375 0.46138052187499995 0.1733123484375 0.36635486875 0.1438846984375 0.3549899109375 0.104172978125 0.40732302656249997 0.10854547968749999 0.430064434375 0.04780346875 0.43168289687500006 0.016921371875 0.391785940625 0 0.24747288437499998 0
8 0.1517998109375 0.20272337031249998 0.1317312765625 0.165815190625 0.031115821874999998 0.196398590625 0.0203621265625 0.308293821875 0.1279775125 0.307414353125 0.1526723671875 0.279371475 0.1517998109375 0.20272337031249998
11 0.006665025 0.3597307953125 0.898962903125 0.45375944218750003 0.903274971875 0.418128996875 0.010125271875 0.3403540859375 0.006665025 0.3597307953125
8 0.901174140625 0.1083497140625 0.8760061625000001 0.028798501562500002 0.8406542874999999 0.026945789062499996 0.794160775 0.027768842187499997 0.7243618046875 0.05344791250000001 0.729376065625 0.09771632031250001 0.7777378406250001 0.131217771875 0.86213295 0.1535689484375 0.901174140625 0.1083497140625
8 0.4560423078125 0 0.4430213765625 0.0338139734375 0.4538165390625 0.107722425 0.45092034375 0.1629851265625 0.46905616562499997 0.260096015625 0.5819735828125 0.25134522656249997 0.593488171875 0.19490435781249998 0.5126914515625 0.1971893328125 0.5092634281249999 0.169302434375 0.5335910734375 0.12494193437500001 0.574441825 0.1384916953125 0.599647771875 0.100696575 0.5902684828125 0.0464203796875 0.5694333078125 0.0241405640625 0.512159740625 0 0.4560423078125 0