9 0 0.3828125 0.005615234375 0.3844401046875 0.01025390625 0.3883463546875 0.01318359375 0.388671875 0.01708984375 0.3912760421875 0.025634765625 0.3912760421875 0.02978515625 0.392578125 0.032958984375 0.3984375 0.048828125 0.4134114578125 0.050537109375 0.4127604171875 0.052001953125 0.4143880203125 0.051513671875 0.416015625 0.05224609375 0.4169921875 0.054931640625 0.416015625 0.056640625 0.4186197921875 0.05615234375 0.4195963546875 0.060546875 0.4195963546875 0.064697265625 0.4222005203125 0.072509765625 0.4231770828125 0.075927734375 0.4254557296875 0.077880859375 0.4345703125 0.079345703125 0.4361979171875 0.10234375 0.4381510421875 0.131103515625 0.4488932296875 0.133544921875 0.451171875 0.138671875 0.4518229171875 0.140625 0.435546875 0.140869140625 0.4228515625 0.14013671875 0.4205729171875 0.14013671875 0.4078776046875 0.136474609375 0.4020182296875 0.138671875 0.4000651046875 0.14013671875 0.392578125 0.138671875 0.3785807296875 0.14111328125 0.3577473953125 0.1416015625 0.3134765625 0.139404296875 0.3063151046875 0.1328125 0.2972005203125 0.12841796875 0.2932942703125 0.12158203125 0.2819010421875 0.108642578125 0.2669270828125 0.100341796875 0.2594401046875 0.07568359375 0.2431640625 0.07080078125 0.2412109375 0.046630859375 0.22428385468749998 0.03564453125 0.220703125 0.00390625 0.19921875 0.001953125 0.1956380203125 0 0.1956380203125 0 0.3828125
9 0.232421875 0.24153645781250002 0.234375 0.24772135468749998 0.236083984375 0.25 0.24365234375 0.2516276046875 0.248291015625 0.2568359375 0.24951171875 0.2633463546875 0.251708984375 0.2662760421875 0.26416015625 0.2662760421875 0.265869140625 0.267578125 0.267578125 0.2750651046875 0.271728515625 0.271484375 0.2724609375 0.2679036453125 0.2802734375 0.2633463546875 0.281982421875 0.251953125 0.2685546875 0.24576822968749998 0.266357421875 0.23860677031250002 0.263671875 0.2353515625 0.25146484375 0.2314453125 0.240966796875 0.21907552031250002 0.231689453125 0.21744791718749998 0.224609375 0.212890625 0.220947265625 0.21484375 0.221923828125 0.22135416718749998 0.22119140625 0.22493489531250002 0.2236328125 0.23209635468749998 0.232421875 0.24153645781250002
9 0.34375 0 0.34228515625 0.0055338546875 0.3447265625 0.009440104687500001 0.3447265625 0.0172526046875 0.342041015625 0.0266927078125 0.342041015625 0.029296875 0.34375 0.0328776046875 0.342529296875 0.06087239531250001 0.343994140625 0.107421875 0.34521484375 0.1110026046875 0.344970703125 0.1155598953125 0.3466796875 0.1188151046875 0.3466796875 0.123046875 0.3486328125 0.1259765625 0.346435546875 0.1305338546875 0.347412109375 0.1354166671875 0.345703125 0.1383463546875 0.346435546875 0.1416015625 0.345458984375 0.1468098953125 0.34912109375 0.1494140625 0.349853515625 0.15234375 0.3486328125 0.1585286453125 0.3466796875 0.1617838546875 0.345458984375 0.1611328125 0.345703125 0.1650390625 0.34375 0.1686197921875 0.343994140625 0.1819661453125 0.345458984375 0.1897786453125 0.345458984375 0.216796875 0.3466796875 0.21940104218749998 0.34765625 0.228515625 0.348876953125 0.2555338546875 0.35107421875 0.26171875 0.3466796875 0.2828776046875 0.349365234375 0.294921875 0.3486328125 0.2985026046875 0.343505859375 0.3063151046875 0.343505859375 0.310546875 0.3466796875 0.314453125 0.347412109375 0.3180338546875 0.352294921875 0.3225911453125 0.353271484375 0.3258463546875 0.35693359375 0.3264973953125 0.364990234375 0.3326822921875 0.37060546875 0.3414713546875 0.375244140625 0.3444010421875 0.37744140625 0.3486328125 0.377197265625 0.3619791671875 0.378173828125 0.3736979171875 0.376953125 0.3776041671875 0.376708984375 0.3883463546875 0.37939453125 0.4039713546875 0.380859375 0.4075520828125 0.38134765625 0.416015625 0.383544921875 0.4235026046875 0.383056640625 0.4274088546875 0.384765625 0.4342447921875 0.385498046875 0.4596354171875 0.384033203125 0.462890625 0.384765625 0.466796875 0.3837890625 0.4742838546875 0.384521484375 0.4850260421875 0.3818359375 0.486328125 0.376953125 0.486328125 0.37548828125 0.482421875 0.375244140625 0.4781901046875 0.37353515625 0.4759114578125 0.369140625 0.4733072921875 0.361572265625 0.4736328125 0.351806640625 0.4658203125 0.341552734375 0.4534505203125 0.33056640625 0.4459635421875 0.3212890625 0.4309895828125 0.316162109375 0.4274088546875 0.30712890625 0.4254557296875 0.299560546875 0.4212239578125 0.28759765625 0.4078776046875 0.2841796875 0.4059244796875 0.280029296875 0.3977864578125 0.275146484375 0.3919270828125 0.268310546875 0.3889973953125 0.265625 0.3824869796875 0.248046875 0.3668619796875 0.232177734375 0.3580729171875 0.220947265625 0.3577473953125 0.21923828125 0.3531901046875 0.211669921875 0.3450520828125 0.202880859375 0.3421223953125 0.200927734375 0.3395182296875 0.1904296875 0.3326822921875 0.185302734375 0.3277994796875 0.1767578125 0.3255208328125 0.173828125 0.326171875 0.172607421875 0.330078125 0.171875 0.341796875 0.173583984375 0.3564814453125 0.172607421875 0.3955078125 0.173583984375 0.4156901046875 0.17236328125 0.4788411453125 0.173828125 0.5218098953125 0.18115234375 0.525390625 0.1865234375 0.5302734375 0.191162109375 0.5309244796875 0.193359375 0.5325520828125 0.196533203125 0.53125 0.20361328125 0.5325520828125 0.204833984375 0.5380859375 0.206298828125 0.5377604171875 0.208740234375 0.5413411453125 0.2138671875 0.5432942703125 0.218505859375 0.5491536453125 0.219970703125 0.5546875 0.228271484375 0.5582682296875 0.231689453125 0.5647786453125 0.237060546875 0.5638020828125 0.241455078125 0.5660807296875 0.243896484375 0.5693359375 0.247314453125 0.5677083328125 0.2529296875 0.57421875 0.26318359375 0.5787760421875 0.265625 0.5852864578125 0.26611328125 0.5921223953125 0.27099609375 0.5947265625 0.27392578125 0.5947265625 0.280029296875 0.6005859375 0.281005859375 0.607421875 0.283203125 0.609375 0.287841796875 0.6106770828125 0.290771484375 0.6158854171875 0.294677734375 0.615234375 0.29638671875 0.6168619796875 0.29931640625 0.6171875 0.302490234375 0.6204427078125 0.306884765625 0.6188151046875 0.312744140625 0.6253255203125 0.32080078125 0.626953125 0.322021484375 0.6285807296875 0.326416015625 0.6285807296875 0.3291015625 0.6389973953125 0.337646484375 0.640625 0.34130859375 0.642578125 0.343505859375 0.6477864578125 0.34619140625 0.6497395828125 0.34765625 0.6533203125 0.3583984375 0.6614583328125 0.361083984375 0.6663411453125 0.361328125 0.669921875 0.364013671875 0.6673177078125 0.369140625 0.6666666671875 0.372802734375 0.6689453125 0.375 0.6725260421875 0.38232421875 0.6731770828125 0.391357421875 0.7180989578125 0.386962890625 0.720703125 0.387939453125 0.7239583328125 0.387451171875 0.7288411453125 0.388427734375 0.7311197921875 0.392822265625 0.7333984375 0.39208984375 0.744140625 0.395263671875 0.7470703125 0.39599609375 0.7522786453125 0.39697265625 0.751953125 0.396728515625 0.748046875 0.39794921875 0.7464192703125 0.4013671875 0.7434895828125 0.404296875 0.7431640625 0.408447265625 0.7473958328125 0.408203125 0.7532552078125 0.409423828125 0.7552083328125 0.408447265625 0.7594401046875 0.411865234375 0.7643229171875 0.415283203125 0.7613932296875 0.420654296875 0.759765625 0.427490234375 0.7532552078125 0.43017578125 0.7470703125 0.435302734375 0.7451171875 0.438232421875 0.7392578125 0.443603515625 0.736328125 0.446044921875 0.7320963546875 0.44921875 0.7298177078125 0.457275390625 0.7281901046875 0.45751953125 0.7268880203125 0.486328125 0.6995442703125 0.492431640625 0.689453125 0.490966796875 0.6848958328125 0.49267578125 0.6783854171875 0.492431640625 0.6725260421875 0.499755859375 0.6705729171875 0.501953125 0.681640625 0.50439453125 0.6767578125 0.507568359375 0.6735026046875 0.509033203125 0.6669921875 0.5087890625 0.6591796875 0.506591796875 0.6539713546875 0.5068359375 0.6416015625 0.50390625 0.6315104171875 0.504150390625 0.626953125 0.502197265625 0.6233723953125 0.50244140625 0.6103515625 0.505859375 0.6110026046875 0.508056640625 0.607421875 0.505126953125 0.5836588546875 0.505859375 0.5797526046875 0.503173828125 0.5758463546875 0.503662109375 0.5670572921875 0.50244140625 0.5511067703125 0.501708984375 0.5472005203125 0.500244140625 0.5530598953125 0.49609375 0.552734375 0.49462890625 0.5491536453125 0.4951171875 0.5442708328125 0.493408203125 0.5413411453125 0.494384765625 0.5358072921875 0.4931640625 0.53515625 0.482666015625 0.5061848953125 0.4833984375 0.5016276046875 0.48486328125 0.4996744796875 0.491455078125 0.4977213546875 0.491455078125 0.4918619796875 0.494873046875 0.490234375 0.4931640625 0.4833984375 0.49462890625 0.4736328125 0.491943359375 0.4664713546875 0.49169921875 0.4632161453125 0.492431640625 0.45703125 0.491943359375 0.4391276046875 0.489990234375 0.4365234375 0.486328125 0.4361979171875 0.483642578125 0.4381510421875 0.4404296875 0.3658854171875 0.441162109375 0.3649088546875 0.439208984375 0.3597005203125 0.443115234375 0.3502604171875 0.445556640625 0.3375651046875 0.44091796875 0.3238932296875 0.44140625 0.2913411453125 0.4404296875 0.2845052078125 0.4384765625 0.2809244796875 0.436279296875 0.271484375 0.43505859375 0.2526041671875 0.429443359375 0.23209635468749998 0.426513671875 0.1842447921875 0.425048828125 0.1774088546875 0.42431640625 0.1575520828125 0.422119140625 0.1432291671875 0.420166015625 0.1110026046875 0.41748046875 0.1028645828125 0.41650390625 0.08072916718749999 0.41455078125 0.072265625 0.41455078125 0.06412760468749999 0.41357421875 0.06087239531250001 0.413330078125 0.0478515625 0.4169921875 0.0328776046875 0.41552734375 0.0221354171875 0.408935546875 0 0.34375 0
9 0 0.04195703125 0.02678125 0.06929329375 0.14590209999999998 0.1486982421875 0.14394921875 0.0862154953125 0.10400390625 0.0654296875 0.0922001953125 0.07580175781250001 0.0677900390625 0.051069010937500006 0 0 0 0.04195703125
9 0.0587880859375 0.9138258468749999 0.1427585453125 0.9750068359374999 0.157404540625 0.9151276046874999 0.091009521875 0.8890934250000001 0.002685546875 0.8483072921874999 0 0.8851881515625 0.016802978125 0.9047138671875 0.0587880859375 0.9138258468749999
9 0.534912109375 0.666015625 0.534912109375 0.6692708328125 0.5390625 0.6803385421875 0.53955078125 0.6852213546875 0.542236328125 0.689453125 0.545166015625 0.7008463546875 0.549560546875 0.7320963546875 0.552001953125 0.7399088546875 0.55517578125 0.7447916671875 0.5546875 0.7477213546875 0.55224609375 0.7509765625 0.55224609375 0.7561848953125 0.556396484375 0.7867838546875 0.562744140625 0.7913411453125 0.564697265625 0.7978515625 0.563232421875 0.802734375 0.564453125 0.8046875 0.568359375 0.8056640625 0.56787109375 0.8089192703125001 0.564453125 0.810546875 0.57421875 0.8138020828125001 0.575927734375 0.8180338546874999 0.57763671875 0.8134765625 0.580322265625 0.8125 0.586669921875 0.81640625 0.587646484375 0.818359375 0.593994140625 0.8199869796874999 0.6015625 0.8199869796874999 0.6181640625 0.8600260421874999 0.6171875 0.8610026046874999 0.6181640625 0.8649088546874999 0.62109375 0.8684895828125001 0.625 0.8701171875 0.625732421875 0.873046875 0.638427734375 0.8844401046874999 0.64306640625 0.8850911453125001 0.646728515625 0.8824869796874999 0.649658203125 0.888671875 0.654052734375 0.888671875 0.657470703125 0.8909505203125001 0.685302734375 0.8902994796874999 0.68701171875 0.8916015625 0.688232421875 0.9007161453125001 0.689697265625 0.904296875 0.685546875 0.908203125 0.687255859375 0.9117838546874999 0.687744140625 0.9192708328125001 0.6865234375 0.9244791671874999 0.689453125 0.9345703125 0.692626953125 0.9319661453125001 0.69482421875 0.9208984375 0.6962890625 0.9186197921874999 0.704833984375 0.9222005203125001 0.7060546875 0.9202473953125001 0.705322265625 0.9055989578125001 0.70263671875 0.8974609375 0.7021484375 0.8841145828125001 0.698486328125 0.873046875 0.69775390625 0.8600260421874999 0.693603515625 0.830078125 0.69140625 0.8235677078125001 0.68896484375 0.8072916671874999 0.687255859375 0.802734375 0.686279296875 0.7906901046875 0.682861328125 0.7874348953125 0.681396484375 0.7828776046875 0.68115234375 0.7747395828125 0.6796875 0.771484375 0.677978515625 0.7594401046875 0.675537109375 0.759765625 0.673828125 0.7630208328125 0.671630859375 0.7776692703125 0.6689453125 0.7809244796875 0.667236328125 0.7799479171875 0.662109375 0.7734375 0.651611328125 0.7662760421875 0.6513671875 0.7633463546875 0.649169921875 0.7587890625 0.652099609375 0.7555338546875 0.651611328125 0.7532552078125 0.6494140625 0.7513020828125 0.64990234375 0.7477213546875 0.642578125 0.7415364578125 0.638671875 0.7408854171875 0.633544921875 0.7376302078125 0.6171875 0.7190755203125 0.611328125 0.716796875 0.608154296875 0.7109375 0.603271484375 0.7073567703125 0.60009765625 0.703125 0.596923828125 0.7018229171875 0.583740234375 0.689453125 0.5771484375 0.6858723953125 0.576904296875 0.6809895828125 0.575927734375 0.6790364578125 0.564453125 0.6754557296875 0.555419921875 0.666015625 0.549072265625 0.6630859375 0.54443359375 0.654296875 0.544921875 0.650390625 0.539794921875 0.6455078125 0.5390625 0.6422526046875 0.534912109375 0.6416015625 0.531982421875 0.6442057296875 0.53173828125 0.646484375 0.532958984375 0.6494140625 0.53271484375 0.662109375 0.534912109375 0.666015625
9 0.742919921875 0.9514973953125001 0.743408203125 0.958984375 0.746826171875 0.9677734375 0.74853515625 0.9680989578125001 0.74951171875 0.9632161453125001 0.749755859375 0.9407552078125001 0.751953125 0.9352213546874999 0.754638671875 0.9352213546874999 0.76416015625 0.9407552078125001 0.76708984375 0.9443359375 0.771484375 0.9469401046874999 0.774658203125 0.951171875 0.779052734375 0.9524739578125001 0.78271484375 0.9576822921874999 0.78662109375 0.9599609375 0.790771484375 0.96484375 0.794921875 0.9658203125 0.79931640625 0.9723307296874999 0.81103515625 0.9788411453125001 0.814697265625 0.9833984375 0.826171875 0.98828125 0.830078125 0.9954427078125001 0.83740234375 0.9973958328125001 0.838134765625 0.9996744796874999 0.88525390625 0.9996744796874999 0.88427734375 0.9908854171874999 0.8828125 0.9866536453125001 0.8759765625 0.9827473953125001 0.874755859375 0.9755859375 0.871826171875 0.9694010421874999 0.86962890625 0.9677734375 0.865478515625 0.955078125 0.861083984375 0.9521484375 0.858154296875 0.9313151046874999 0.853515625 0.9290364578125001 0.85205078125 0.9248046875 0.85302734375 0.9212239578125001 0.85498046875 0.919921875 0.85302734375 0.9124348953125001 0.850341796875 0.9104817703125001 0.845458984375 0.9036458328125001 0.837890625 0.8974609375 0.83642578125 0.8922526046874999 0.814453125 0.8528645828125001 0.813232421875 0.8580729171874999 0.810791015625 0.8623046875 0.807861328125 0.8623046875 0.80322265625 0.8590494796874999 0.798828125 0.8577473953125001 0.7939453125 0.8486328125 0.794677734375 0.8453776046874999 0.7919921875 0.8470052078125001 0.782470703125 0.841796875 0.779296875 0.8294270828125001 0.760986328125 0.8271484375 0.75732421875 0.8245442703125001 0.755859375 0.8209635421874999 0.752197265625 0.8190104171874999 0.74755859375 0.8111979171874999 0.74365234375 0.8089192703125001 0.737548828125 0.8024088546874999 0.7353515625 0.8017578125 0.73291015625 0.8033854171874999 0.729736328125 0.8030598953125001 0.726806640625 0.80078125 0.72412109375 0.7965494796875 0.72119140625 0.7952473953125 0.719970703125 0.7955729171875 0.71875 0.7981770828125 0.71826171875 0.8043619796874999 0.71923828125 0.818359375 0.72705078125 0.8727213546874999 0.742919921875 0.9514973953125001
10 0.547607421875 0.294921875 0.54931640625 0.2985026046875 0.551513671875 0.3186848953125 0.552978515625 0.322265625 0.5546875 0.341796875 0.556396484375 0.34375 0.560791015625 0.3453776046875 0.56103515625 0.3811848953125 0.5654296875 0.416015625 0.565185546875 0.4241536453125 0.563720703125 0.427734375 0.56396484375 0.4352213546875 0.566162109375 0.4508463546875 0.568603515625 0.4547526046875 0.56982421875 0.466796875 0.57177734375 0.4703776046875 0.571044921875 0.4752604171875 0.572021484375 0.478515625 0.5712890625 0.4817708328125 0.561767578125 0.4934895828125 0.554931640625 0.490234375 0.548828125 0.4899088546875 0.544921875 0.484375 0.536376953125 0.4817708328125 0.53515625 0.4788411453125 0.53271484375 0.4772135421875 0.53173828125 0.4710286453125 0.530029296875 0.4680989578125 0.5234375 0.466796875 0.521484375 0.4622395828125 0.517333984375 0.4645182296875 0.513427734375 0.4602864578125 0.51123046875 0.4625651046875 0.518798828125 0.552734375 0.52734375 0.6272786453125 0.53076171875 0.6354166671875 0.537109375 0.6373697921875 0.541015625 0.6429036453125 0.544921875 0.6432291671875 0.548828125 0.6458333328125 0.551513671875 0.6455078125 0.5546875 0.6500651046875 0.559814453125 0.6529947921875 0.56005859375 0.6555989578125 0.556640625 0.658203125 0.584716796875 0.6819661453125 0.587158203125 0.685546875 0.590087890625 0.6865234375 0.591552734375 0.689453125 0.5927734375 0.6858723953125 0.59619140625 0.6842447921875 0.598388671875 0.6852213546875 0.600830078125 0.6884765625 0.607177734375 0.6910807296875 0.60888671875 0.7018229171875 0.615966796875 0.705078125 0.61865234375 0.7096354171875 0.620849609375 0.7099609375 0.62353515625 0.7135416671875 0.625 0.7174479171875 0.62890625 0.7184244796875 0.6396484375 0.7281901046875 0.64208984375 0.7330729171875 0.646240234375 0.7340494796875 0.654052734375 0.7386067703125 0.65771484375 0.7486979171875 0.662109375 0.7490234375 0.671142578125 0.7526041671875 0.6728515625 0.755859375 0.673583984375 0.7652994796875 0.67578125 0.7646484375 0.67822265625 0.7626953125 0.680419921875 0.7526041671875 0.6787109375 0.7428385421875 0.678955078125 0.7360026046875 0.67333984375 0.7083333328125 0.667724609375 0.6731770828125 0.6630859375 0.65625 0.658935546875 0.6266276046875 0.65576171875 0.6149088546875 0.6533203125 0.5875651046875 0.644287109375 0.5348307296875 0.6396484375 0.5179036453125 0.634521484375 0.490234375 0.628173828125 0.4391276046875 0.597900390625 0.2672526046875 0.5947265625 0.2574869796875 0.579345703125 0.24576822968749998 0.576904296875 0.2392578125 0.56494140625 0.234375 0.561767578125 0.236328125 0.560546875 0.2412109375 0.548828125 0.2568359375 0.54736328125 0.26171875 0.54638671875 0.2708333328125 0.54736328125 0.2822265625 0.546875 0.2884114578125 0.547607421875 0.294921875
10 0.70166015625 0.7093098953125 0.70458984375 0.7203776046875 0.705078125 0.7262369796875 0.706787109375 0.73046875 0.70703125 0.7366536453125 0.70947265625 0.7438151046875 0.71142578125 0.767578125 0.713623046875 0.7711588546875 0.71435546875 0.7750651046875 0.716552734375 0.77734375 0.71875 0.7760416671875 0.748291015625 0.7972005203125 0.751708984375 0.7985026046875 0.752197265625 0.8014322921874999 0.75732421875 0.8030598953125001 0.75927734375 0.8059895828125001 0.77197265625 0.8089192703125001 0.771484375 0.814453125 0.775390625 0.8138020828125001 0.778076171875 0.8154296875 0.780517578125 0.814453125 0.8125 0.8362630203125001 0.814208984375 0.8424479171874999 0.822021484375 0.8440755203125001 0.826171875 0.8427734375 0.834228515625 0.8356119796874999 0.839599609375 0.8333333328125001 0.841552734375 0.8297526046874999 0.854248046875 0.8343098953125001 0.8564453125 0.8356119796874999 0.861572265625 0.8424479171874999 0.864990234375 0.8440755203125001 0.867431640625 0.8434244796874999 0.87353515625 0.8470052078125001 0.874755859375 0.8505859375 0.874755859375 0.857421875 0.87646484375 0.8606770828125001 0.884521484375 0.8655598953125001 0.885009765625 0.8606770828125001 0.882080078125 0.8492838546874999 0.880859375 0.8385416671874999 0.8779296875 0.8307291671874999 0.876953125 0.8238932296874999 0.875 0.82421875 0.87255859375 0.828125 0.86865234375 0.8268229171874999 0.8662109375 0.818359375 0.868408203125 0.8115234375 0.8701171875 0.810546875 0.869140625 0.80859375 0.86962890625 0.8024088546874999 0.868408203125 0.7913411453125 0.86962890625 0.7874348953125 0.869873046875 0.7724609375 0.869140625 0.7672526046875 0.867431640625 0.765625 0.861572265625 0.7275390625 0.861083984375 0.7262369796875 0.857177734375 0.7259114578125 0.855712890625 0.7233072921875 0.853759765625 0.7223307296875 0.855712890625 0.716796875 0.857421875 0.7171223953125 0.857666015625 0.7122395828125 0.853759765625 0.7047526046875 0.845458984375 0.6995442703125 0.84375 0.7008463546875 0.842041015625 0.705078125 0.836181640625 0.7054036453125 0.834716796875 0.6966145828125 0.83203125 0.6949869796875 0.83154296875 0.6923828125 0.8284504390625 0.6920572921875 0.826171875 0.6891276046875 0.830322265625 0.685546875 0.8271484375 0.6829427078125 0.82373046875 0.6770833328125 0.822998046875 0.6744791671875 0.823486328125 0.6656901046875 0.8193359375 0.6533203125 0.81787109375 0.6422526046875 0.814453125 0.6373697921875 0.812744140625 0.6263020828125 0.80908203125 0.6217447921875 0.806640625 0.6110026046875 0.80322265625 0.603515625 0.802490234375 0.5960286453125 0.800537109375 0.5921223953125 0.80126953125 0.5791015625 0.803466796875 0.576171875 0.803955078125 0.5641276046875 0.79833984375 0.5572916671875 0.798095703125 0.5475260421875 0.799560546875 0.5445963546875 0.79833984375 0.5426432296875 0.79833984375 0.537109375 0.796630859375 0.5325520828125 0.797607421875 0.529296875 0.7958984375 0.525390625 0.7958984375 0.5208333328125 0.79443359375 0.5159505203125 0.7900390625 0.5091145828125 0.78857421875 0.5045572921875 0.785400390625 0.4996744796875 0.782958984375 0.498046875 0.780517578125 0.4856770828125 0.775146484375 0.4791666671875 0.767822265625 0.4736328125 0.763427734375 0.4677734375 0.755615234375 0.4661458328125 0.74951171875 0.4609375 0.747802734375 0.4554036453125 0.743896484375 0.4576822921875 0.743896484375 0.462890625 0.741943359375 0.4729817703125 0.742919921875 0.4772135421875 0.74267578125 0.4827473953125 0.74755859375 0.4944661453125 0.751220703125 0.5133463546875 0.755126953125 0.5208333328125 0.758056640625 0.5445963546875 0.760986328125 0.5501302078125 0.762451171875 0.560546875 0.7666015625 0.5638020828125 0.7666015625 0.568359375 0.767822265625 0.5725911453125 0.76708984375 0.5758463546875 0.77001953125 0.5817057296875 0.771728515625 0.5914713546875 0.773681640625 0.5960286453125 0.77490234375 0.6077473953125 0.7783203125 0.6106770828125 0.779296875 0.6129557296875 0.781005859375 0.6344401046875 0.78369140625 0.6461588546875 0.785888671875 0.6510416671875 0.786376953125 0.6569010421875 0.789794921875 0.6712239578125 0.78759765625 0.6735026046875 0.782958984375 0.6695963546875 0.78173828125 0.6722005203125 0.780029296875 0.6731770828125 0.774169921875 0.6741536453125 0.773193359375 0.6715494796875 0.771484375 0.6708984375 0.769775390625 0.6735026046875 0.76708984375 0.6741536453125 0.76611328125 0.6715494796875 0.755126953125 0.669921875 0.7490234375 0.6578776046875 0.73876953125 0.6549479171875 0.734619140625 0.6484375 0.731201171875 0.6455078125 0.728515625 0.6448567703125 0.724365234375 0.6409505203125 0.72021484375 0.6399739578125 0.716552734375 0.6272786453125 0.713134765625 0.626953125 0.708740234375 0.623046875 0.70458984375 0.6233723953125 0.7041015625 0.6145833328125 0.70263671875 0.611328125 0.697265625 0.6110026046875 0.691650390625 0.6031901046875 0.689453125 0.6018880203125 0.688232421875 0.6031901046875 0.687255859375 0.6204427078125 0.69091796875 0.6533203125 0.69580078125 0.6725260421875 0.70166015625 0.7093098953125
10 0.929931640625 0.9078776046874999 0.930419921875 0.9117838546874999 0.934326171875 0.9166666671874999 0.9306640625 0.9261067703125001 0.927734375 0.9293619796874999 0.927490234375 0.9329427078125001 0.935302734375 0.9811197921874999 0.93798828125 0.9860026046874999 0.93896484375 0.994140625 0.94189453125 0.9996744796874999 0.999755859375 0.9996744796874999 0.999755859375 0.9573567703125001 0.962646484375 0.908203125 0.958740234375 0.9059244796874999 0.944580078125 0.9052734375 0.937744140625 0.9013671875 0.9365234375 0.8984375 0.929443359375 0.892578125 0.92333984375 0.8916015625 0.922119140625 0.8932291671874999 0.922607421875 0.9046223953125001 0.923583984375 0.9059244796874999 0.927490234375 0.90625 0.929931640625 0.9078776046874999
9 0.631103515625 0.2945963546875 0.6328125 0.2985026046875 0.632568359375 0.302734375 0.634521484375 0.3177083328125 0.637451171875 0.3216145828125 0.63818359375 0.3382161453125 0.6416015625 0.3463541671875 0.640869140625 0.3499348953125 0.641845703125 0.357421875 0.642578125 0.359375 0.646484375 0.3580729171875 0.64794921875 0.3629557296875 0.647705078125 0.3772786453125 0.648193359375 0.380859375 0.650146484375 0.3834635421875 0.650390625 0.38671875 0.6494140625 0.3961588546875 0.650634765625 0.3994140625 0.654541015625 0.4013671875 0.655029296875 0.4052734375 0.65283203125 0.4075520828125 0.654052734375 0.4098307296875 0.658203125 0.4130859375 0.66259765625 0.4108072921875 0.666015625 0.4147135421875 0.665771484375 0.419921875 0.669677734375 0.4270833328125 0.675048828125 0.4267578125 0.6845703125 0.4313151046875 0.68994140625 0.4358723953125 0.693359375 0.4358723953125 0.6962890625 0.4319661453125 0.703125 0.4342447921875 0.7060546875 0.4407552078125 0.71630859375 0.4475911453125 0.719482421875 0.4453125 0.72607421875 0.4440104171875 0.740234375 0.4440104171875 0.743896484375 0.4534505203125 0.749755859375 0.4524739578125 0.8037109375 0.5016276046875 0.805908203125 0.5061848953125 0.810302734375 0.5055338546875 0.813232421875 0.5078125 0.8154296875 0.5078125 0.817138671875 0.5061848953125 0.822265625 0.5146484375 0.823974609375 0.5120442703125 0.826171875 0.51171875 0.829833984375 0.5084635421875 0.833984375 0.509765625 0.8359375 0.5130208328125 0.834228515625 0.5172526046875 0.835693359375 0.5221354171875 0.837646484375 0.5244140625 0.84228515625 0.5263671875 0.843994140625 0.5322265625 0.84375 0.5367838546875 0.844970703125 0.5387369796875 0.84814453125 0.5387369796875 0.852783203125 0.5439453125 0.8515625 0.548828125 0.85205078125 0.5524088546875 0.853515625 0.5540364578125 0.861572265625 0.5533854171875 0.864990234375 0.5472005203125 0.867919921875 0.5543619796875 0.8740234375 0.5592447921875 0.873779296875 0.564453125 0.877197265625 0.5654296875 0.880615234375 0.5625 0.880859375 0.5559895828125 0.879150390625 0.5524088546875 0.8779296875 0.5406901046875 0.876220703125 0.53515625 0.87353515625 0.5169270828125 0.866943359375 0.4908854171875 0.86572265625 0.4775390625 0.862548828125 0.4710286453125 0.854248046875 0.4622395828125 0.849853515625 0.4544270828125 0.83837890625 0.4456380203125 0.8330078125 0.4375 0.830322265625 0.4365234375 0.82861328125 0.43359375 0.8173828125 0.4254557296875 0.8125 0.41796875 0.8017578125 0.4104817703125 0.796875 0.4039713546875 0.71875 0.3333333328125 0.70849609375 0.322265625 0.7041015625 0.3206380203125 0.667236328125 0.2887369796875 0.634765625 0.2568359375 0.627197265625 0.2532552078125 0.62451171875 0.25390625 0.6240234375 0.255859375 0.626708984375 0.2786458328125 0.62890625 0.2822265625 0.631103515625 0.2945963546875
9 0.47802734375 0.1546223953125 0.480712890625 0.1689453125 0.482421875 0.20149739531250002 0.486328125 0.2333984375 0.501708984375 0.248046875 0.507080078125 0.24934895781250002 0.509521484375 0.251953125 0.509765625 0.25390625 0.528076171875 0.2626953125 0.533203125 0.2587890625 0.546142578125 0.2561848953125 0.549560546875 0.2513020828125 0.552978515625 0.24869791718749998 0.5576171875 0.2412109375 0.559814453125 0.236328125 0.558837890625 0.23111979218749998 0.560302734375 0.23014322968749998 0.564453125 0.23079427031250002 0.5703125 0.236328125 0.57666015625 0.23893229218749998 0.585205078125 0.2503255203125 0.59375 0.2568359375 0.595703125 0.2682291671875 0.596435546875 0.2584635421875 0.591796875 0.22916666718749998 0.588623046875 0.21256510468749998 0.587646484375 0.21126302031250002 0.582275390625 0.2099609375 0.572021484375 0.20279947968749998 0.5673828125 0.1966145828125 0.546630859375 0.1803385421875 0.520263671875 0.1565755203125 0.499755859375 0.1337890625 0.486083984375 0.1240234375 0.478759765625 0.1139322921875 0.476318359375 0.1149088546875 0.477783203125 0.1220703125 0.47607421875 0.1302083328125 0.4765625 0.1383463546875 0.47802734375 0.1546223953125
9 0.42431640625 0.1389973953125 0.4267578125 0.1624348953125 0.42822265625 0.1695963546875 0.43115234375 0.1741536453125 0.430419921875 0.1780598953125 0.431396484375 0.1796875 0.436279296875 0.1787109375 0.437744140625 0.1878255203125 0.44091796875 0.1888020828125 0.44287109375 0.1910807296875 0.455322265625 0.189453125 0.458984375 0.1917317703125 0.46142578125 0.19921875 0.46142578125 0.20865885468749998 0.463134765625 0.2099609375 0.46728515625 0.205078125 0.464111328125 0.20084635468749998 0.467529296875 0.1865234375 0.467529296875 0.1735026046875 0.458984375 0.09895833281250001 0.451904296875 0.08984375 0.4443359375 0.08333333281250001 0.424560546875 0.0625 0.419921875 0.06119791718749999 0.418212890625 0.0625 0.41796875 0.07584635468749999 0.41943359375 0.07942708281250001 0.422119140625 0.1292317703125 0.42431640625 0.1389973953125
9 0.900390625 0.5452473953125 0.89990234375 0.5533854171875 0.9052734375 0.5589192703125 0.906982421875 0.5621744796875 0.916015625 0.5625 0.919677734375 0.5654296875 0.92431640625 0.5625 0.93408203125 0.5641276046875 0.9384765625 0.5628255203125 0.9423828125 0.5667317703125 0.946533203125 0.5686848953125 0.950439453125 0.5680338546875 0.95849609375 0.5732421875 0.96484375 0.5690104171875 0.96484375 0.5641276046875 0.958740234375 0.5533854171875 0.954833984375 0.5504557296875 0.9521484375 0.5514322921875 0.932861328125 0.5335286453125 0.931396484375 0.5305989578125 0.928955078125 0.5296223953125 0.92724609375 0.5244140625 0.923583984375 0.5231119796875 0.9208984375 0.525390625 0.91796875 0.5250651046875 0.91064453125 0.5192057296875 0.906982421875 0.5179036453125 0.9033203125 0.5139973953125 0.904052734375 0.5094401046875 0.901611328125 0.5094401046875 0.895263671875 0.5061848953125 0.893310546875 0.5022786453125 0.8916015625 0.5026041671875 0.889892578125 0.5061848953125 0.8916015625 0.5289713546875 0.892333984375 0.5305989578125 0.89453125 0.5309244796875 0.900390625 0.5452473953125
9 0.6982421875 0 0.6982421875 0.0016276046874999998 0.7021484375 0.0042317703125 0.708740234375 0.0162760421875 0.716552734375 0.0192057296875 0.72265625 0.0250651046875 0.73291015625 0.0390625 0.736083984375 0.0465494796875 0.74609375 0.05598958281250001 0.75439453125 0.06901041718749999 0.7587890625 0.078125 0.763427734375 0.08333333281250001 0.76806640625 0.08203125 0.7734375 0.08756510468749999 0.7919921875 0.09798177031250001 0.796630859375 0.1067708328125 0.806640625 0.1106770828125 0.810302734375 0.1136067703125 0.818115234375 0.1236979171875 0.821044921875 0.1305338546875 0.826171875 0.1370442703125 0.833251953125 0.1399739578125 0.838134765625 0.1393229171875 0.8604328609375 0.15961360625 0.86865234375 0.1702473953125 0.87890625 0.1803385421875 0.882568359375 0.189453125 0.884033203125 0.20084635468749998 0.888671875 0.212890625 0.88916015625 0.2177734375 0.88818359375 0.220703125 0.888916015625 0.22526041718749998 0.890625 0.22786458281250002 0.892333984375 0.234375 0.896484375 0.22916666718749998 0.904052734375 0.23502604218749998 0.9091796875 0.2333984375 0.912109375 0.23404947968749998 0.922119140625 0.23046875 0.928955078125 0.2294921875 0.93115234375 0.22819010468749998 0.93408203125 0.2236328125 0.9384765625 0.22233072968749998 0.937255859375 0.1969401046875 0.93505859375 0.1901041671875 0.7978515625 0.05208333281250001 0.794677734375 0.0472005203125 0.788818359375 0.04296875 0.75537109375 0.009440104687500001 0.75048828125 0.0061848953125 0.74560546875 0 0.6982421875 0
7 0.600830078125 0.1383463546875 0.60205078125 0.1409505203125 0.602294921875 0.146484375 0.60400390625 0.1539713546875 0.6064453125 0.1585286453125 0.623779296875 0.1783854171875 0.63427734375 0.1842447921875 0.638427734375 0.1907552078125 0.644287109375 0.1949869796875 0.64697265625 0.1985677078125 0.650146484375 0.193359375 0.6494140625 0.1686197921875 0.650146484375 0.1653645828125 0.646240234375 0.1634114578125 0.638671875 0.1559244796875 0.6376953125 0.1526692703125 0.63818359375 0.1500651046875 0.63427734375 0.1422526046875 0.6240234375 0.1396484375 0.623291015625 0.1376953125 0.623779296875 0.1344401046875 0.6201171875 0.1315104171875 0.616455078125 0.125 0.6123046875 0.1220703125 0.607177734375 0.1097005203125 0.603271484375 0.1067708328125 0.598388671875 0.1077473953125 0.59521484375 0.1064453125 0.594482421875 0.107421875 0.595458984375 0.1139322921875 0.601318359375 0.1334635421875 0.600830078125 0.1383463546875
7 0.556640625 0.1194661453125 0.568115234375 0.125 0.591552734375 0.09602864531250001 0.59326171875 0.09147135468749999 0.593994140625 0.08430989531250001 0.591796875 0.07942708281250001 0.583740234375 0.07747395781250001 0.579833984375 0.07486979218749999 0.577880859375 0.07047526093749999 0.578125 0.068359375 0.57568359375 0.06412760468749999 0.57177734375 0.0615234375 0.56787109375 0.06087239531250001 0.56494140625 0.05826822968749999 0.56201171875 0.05989583281250001 0.560791015625 0.06412760468749999 0.56494140625 0.07194010468749999 0.56640625 0.087890625 0.561767578125 0.09309895781250001 0.56005859375 0.09342447968749999 0.550537109375 0.08723958281250001 0.54443359375 0.07975260468749999 0.53759765625 0.07845052031250001 0.532958984375 0.07942708281250001 0.538818359375 0.091796875 0.539306640625 0.09928385468749999 0.542236328125 0.1070963546875 0.556640625 0.1194661453125
7 0.689697265625 0.24446614531250002 0.70263671875 0.2552083328125 0.720458984375 0.2750651046875 0.729248046875 0.2809244796875 0.7353515625 0.2887369796875 0.747802734375 0.2991536453125 0.751953125 0.2994791671875 0.76025390625 0.3030598953125 0.77587890625 0.3125 0.779541015625 0.3203125 0.786865234375 0.3313802078125 0.799560546875 0.3411458328125 0.8017578125 0.3466796875 0.805908203125 0.3489583328125 0.810546875 0.353515625 0.81298828125 0.3541666671875 0.814453125 0.3564453125 0.818359375 0.3570963546875 0.8271484375 0.3619791671875 0.830322265625 0.3720703125 0.837890625 0.3746744796875 0.842041015625 0.3746744796875 0.843505859375 0.3733723953125 0.843505859375 0.361328125 0.841064453125 0.3570963546875 0.841552734375 0.3528645828125 0.839599609375 0.3453776046875 0.8349609375 0.3411458328125 0.834228515625 0.337890625 0.83056640625 0.333984375 0.828369140625 0.3287760421875 0.824951171875 0.3277994796875 0.822265625 0.3251953125 0.8134765625 0.3274739578125 0.809814453125 0.322265625 0.81103515625 0.3134765625 0.80859375 0.3138020828125 0.795654296875 0.296875 0.79541015625 0.291015625 0.792236328125 0.2880859375 0.791015625 0.2848307296875 0.78955078125 0.2887369796875 0.78173828125 0.2903645828125 0.77880859375 0.2945963546875 0.775146484375 0.2952473953125 0.773681640625 0.2932942703125 0.770751953125 0.2884114578125 0.769287109375 0.283203125 0.7724609375 0.2750651046875 0.776611328125 0.271484375 0.7783203125 0.2672526046875 0.778564453125 0.263671875 0.769287109375 0.2555338546875 0.767822265625 0.2529296875 0.76416015625 0.2509765625 0.7587890625 0.24446614531250002 0.748291015625 0.23763020781250002 0.74267578125 0.23795572968749998 0.74072265625 0.2412109375 0.73779296875 0.24055989531250002 0.737060546875 0.23828125 0.733642578125 0.2353515625 0.73046875 0.23567708281250002 0.72900390625 0.23795572968749998 0.720703125 0.2353515625 0.717529296875 0.23274739531250002 0.716796875 0.228515625 0.71142578125 0.22233072968749998 0.706787109375 0.22102864531250002 0.697021484375 0.21549479218749998 0.693359375 0.21451822968749998 0.676513671875 0.2197265625 0.67578125 0.220703125 0.678955078125 0.2236328125 0.680908203125 0.23209635468749998 0.689697265625 0.24446614531250002
7 0.873779296875 0.4270833328125 0.873291015625 0.4407552078125 0.87548828125 0.447265625 0.876953125 0.4664713546875 0.880859375 0.4703776046875 0.890625 0.4925130203125 0.89111328125 0.4990234375 0.898193359375 0.5087890625 0.900146484375 0.5139973953125 0.906494140625 0.5172526046875 0.908447265625 0.5201822921875 0.913330078125 0.5218098953125 0.91748046875 0.5276692703125 0.919677734375 0.5283203125 0.922607421875 0.5319010421875 0.923828125 0.5374348953125 0.93408203125 0.5400390625 0.939208984375 0.5465494796875 0.943603515625 0.5465494796875 0.946533203125 0.537109375 0.946533203125 0.533203125 0.94482421875 0.53125 0.9443359375 0.5250651046875 0.942138671875 0.521484375 0.94140625 0.517578125 0.937744140625 0.515625 0.935791015625 0.5061848953125 0.93603515625 0.5016276046875 0.92529296875 0.498046875 0.924560546875 0.4964192703125 0.925537109375 0.490234375 0.914794921875 0.4752604171875 0.9140625 0.470703125 0.911865234375 0.46875 0.906982421875 0.4684244796875 0.905517578125 0.4641927078125 0.905517578125 0.447265625 0.904052734375 0.4443359375 0.901611328125 0.4443359375 0.8994140625 0.44140625 0.8994140625 0.435546875 0.900634765625 0.4313151046875 0.8974609375 0.4280598953125 0.896484375 0.4225260421875 0.892333984375 0.4205729171875 0.890625 0.416015625 0.888916015625 0.4143880203125 0.88525390625 0.4153645828125 0.88330078125 0.4143880203125 0.88037109375 0.4065755203125 0.882568359375 0.4036458328125 0.876220703125 0.3912760421875 0.865478515625 0.3766276046875 0.86181640625 0.3792317703125 0.862060546875 0.388671875 0.86669921875 0.412109375 0.873046875 0.4225260421875 0.873779296875 0.4270833328125
9 0.933349609375 0.6438802078125 0.93115234375 0.646484375 0.93603515625 0.65234375 0.936767578125 0.6552734375 0.93603515625 0.6656901046875 0.938720703125 0.6774088546875 0.941162109375 0.6832682296875 0.941650390625 0.6975911453125 0.94287109375 0.6995442703125 0.94677734375 0.7164713546875 0.94921875 0.7180989578125 0.951171875 0.7213541671875 0.95458984375 0.7184244796875 0.95849609375 0.7194010421875 0.9609375 0.7242838546875 0.96044921875 0.7262369796875 0.958251953125 0.7281901046875 0.960205078125 0.73046875 0.960205078125 0.7333984375 0.958740234375 0.7356770828125 0.959228515625 0.7418619796875 0.95703125 0.7438151046875 0.95703125 0.751953125 0.9638671875 0.7867838546875 0.967529296875 0.7955729171875 0.971435546875 0.7981770828125 0.971923828125 0.7998046875 0.97021484375 0.802734375 0.97021484375 0.810546875 0.975341796875 0.8131510421874999 0.97802734375 0.8225911453125001 0.984375 0.8287760421874999 0.986328125 0.833984375 0.9892578125 0.8352864578125001 0.995849609375 0.8414713546874999 0.999755859375 0.8421223953125001 0.999755859375 0.7008463546875 0.998046875 0.7008463546875 0.993896484375 0.6936848953125 0.98974609375 0.6923828125 0.986328125 0.6881510421875 0.984130859375 0.689453125 0.98291015625 0.6930338546875 0.97412109375 0.693359375 0.970458984375 0.6819661453125 0.970703125 0.6780598953125 0.969482421875 0.6735026046875 0.958984375 0.6686197921875 0.959228515625 0.6656901046875 0.951171875 0.6354166671875 0.9521484375 0.6344401046875 0.951171875 0.6302083328125 0.953125 0.6276041671875 0.952392578125 0.6253255203125 0.947021484375 0.6246744796875 0.942626953125 0.6282552078125 0.9404296875 0.6263020828125 0.940185546875 0.6227213546875 0.93896484375 0.6220703125 0.937744140625 0.6240234375 0.9326171875 0.6256510421875 0.9306640625 0.6295572921875 0.9306640625 0.6328125 0.928466796875 0.638671875 0.932861328125 0.6419270828125 0.933349609375 0.6438802078125