7 0.3867723078125 0.32807584375 0.3802101046875 0.3123339203125 0.35759407187500003 0.27905654375 0.30243237500000003 0.277768121875 0.2916577375 0.2795334734375 0.2869572796875 0.2830327015625 0.285424484375 0.286912790625 0.2837892453125 0.3106508875 0.2823924296875 0.33471871875 0.28343683125 0.34482963125 0.287711390625 0.351741221875 0.292037078125 0.355723571875 0.30872682500000004 0.36480529375000004 0.3228734625 0.365703365625 0.355526696875 0.35552950625 0.38334899375 0.3423411890625 0.3881062625 0.3355872484375 0.3867723078125 0.32807584375
7 0.1602749375 0.1545001296875 0.1562158921875 0.1632196796875 0.1469110015625 0.2066836984375 0.1463714796875 0.22360394218750002 0.1494368828125 0.2298432890625 0.162595559375 0.2453747828125 0.18570585 0.2503361609375 0.23446404687500003 0.2547685140625 0.2547651609375 0.2341878640625 0.20738386874999998 0.1513372125 0.187677015625 0.1513971609375 0.178894971875 0.1509182984375 0.1602749375 0.1545001296875
7 0.23128838906250002 0.348350784375 0.2306756546875 0.3275086640625 0.21328859375000003 0.3208152609375 0.20111547812500002 0.3426162453125 0.1815450078125 0.3448785765625 0.23637344218749998 0.3927062265625 0.23128838906250002 0.348350784375
7 0.2408918734375 0.3576321078125 0.2512444046875 0.3799461796875 0.27290373749999997 0.3699085578125 0.2772630640625 0.34394540625 0.26216609375 0.318412715625 0.2501779703125 0.3291510703125 0.2538103640625 0.34483798125 0.2408918734375 0.3576321078125
7 0.165514703125 0.4800028 0.1433195859375 0.48237915625000005 0.12755378906249998 0.5288147921874999 0.1330251375 0.5510436109375 0.150506746875 0.556556721875 0.165514703125 0.4800028
7 0.29468750625 0.8333816421875 0.30456948281249996 0.8495833484374999 0.3117433203125 0.8861635484375 0.3269544671875 0.9098643203125001 0.3384656625 0.8657986140625 0.3270005078125 0.8512768265625 0.31903150468749997 0.860251521875 0.31839605312499997 0.840710996875 0.308043446875 0.818396875 0.29468750625 0.8333816421875
7 0.6283785953125001 0.7132104890625001 0.6252450171875 0.7108767984375 0.616712759375 0.7100767265625 0.485844909375 0.709420271875 0.47186284062499995 0.7130830593749999 0.458947896875 0.725554875 0.45742646562499995 0.728784021875 0.452782634375 0.7430280625 0.4526462875 0.7508393718749999 0.4544854921875 0.7573828828125 0.4619049890625 0.765977221875 0.49285481249999996 0.783447115625 0.614481003125 0.7679893046874999 0.6272484203124999 0.74998021875 0.63312413125 0.7351065390625 0.632113815625 0.7230428 0.6283785953125001 0.7132104890625001
7 0.72498693125 0.70415296875 0.6817181296875 0.706978984375 0.6352070703125 0.7696533624999999 0.6321528453124999 0.7767626 0.6320164984375001 0.7845739093749999 0.6334527125 0.78622683125 0.7227088015625001 0.83466694375 0.726381715625 0.8340799125 0.7342952859375 0.8283577765624999 0.76347536875 0.7373818296875 0.7640319343749999 0.7194851718749999 0.7617783765625 0.7087020109375 0.7569417578125 0.7060130234375 0.72498693125 0.70415296875
7 0.8455174046874999 0.6955130125 0.8276239984375 0.699433096875 0.8062449718750001 0.7071991859375 0.7920640624999999 0.7222534656249999 0.7790125875 0.7565361171875 0.7782912703125 0.7838714421875 0.7799657234375 0.7998536203125 0.784586459375 0.8149105140625 0.7970469125 0.8284763999999999 0.8131352 0.8160599749999999 0.8503076515625001 0.77080339375 0.8546903359375 0.75753150625 0.8532828953125 0.726252178125 0.8486282562499999 0.6991485875000001 0.8455174046874999 0.6955130125
7 0.57084111875 1 0.5743769078125001 0.9951885796875001 0.5747573578125 0.9873815312499999 0.567814890625 0.96544713125 0.5476113015624999 0.9478392453125 0.5439667921875 0.9467989187500001 0.5405266203125 0.9480411515625 0.5394420796875 0.9682075859375001 0.5451297296875001 1 0.57084111875 1
7 0.8716801359374999 0.9206745828124999 0.8594735859375 0.9311440328125 0.8650275531249999 0.9661271375 0.887299471875 0.9769315328125 0.9205148375000001 0.9762093671875001 0.925555128125 0.96718365 0.9160197999999999 0.9539975890625 0.8953367046875 0.9640522015625 0.880806525 0.957288765625 0.8803301765624999 0.9286373234375 0.8716801359374999 0.9206745828124999
7 0.9227819859374999 0.8993664718750001 0.9223901734375 0.9078244640625 0.9278735171875001 0.9434073515625 0.938295925 0.9618212187499999 0.9431723125 0.9622319062500001 0.94640246875 0.9590325859375 0.9484859625000001 0.9515808328125 0.9494627453125 0.923598828125 0.9368265484375 0.8921235015625 0.9245702453125 0.8948397 0.9227819859374999 0.8993664718750001
7 0.9262469156250001 0.74282758125 0.9351935265625 0.7478673 0.9384293640625 0.7443425078125 0.9480575234374999 0.724325203125 0.9445436812500001 0.7157990375 0.931413225 0.712639709375 0.92255714375 0.7303914984375 0.9226989859374999 0.7362542421875 0.9262469156250001 0.74282758125
7 0.9542498984375 0.80322133125 0.9573323453125001 0.8084842640625001 0.9655636890625001 0.8125347875 0.9690833968750001 0.80673595625 0.9695377031250001 0.7946977796875 0.9683853593749999 0.7907708203125 0.9657456703125 0.7881201812499999 0.9570997890624999 0.793829534375 0.954829003125 0.7980223140625 0.9542498984375 0.80322133125
7 0.806771121875 0.8908983640624999 0.7990442437499999 0.895904340625 0.8042279546875 0.9247049703125001 0.8134906562499999 0.953509878125 0.8179635765625 0.9210388999999999 0.806771121875 0.8908983640624999
11 1 0.173217590625 0.9392226578124999 0.18559896874999998 0.9396313421875 0.23222737031250001 1 0.2229937828125 1 0.173217590625