9 0.336181640625 0 0.334228515625 0.007161457812499999 0.330078125 0.005859375 0.32861328125 0.013346354687500001 0.332763671875 0.0159505203125 0.33154296875 0.0289713546875 0.33349609375 0.0299479171875 0.335205078125 0.033203125 0.334228515625 0.0367838546875 0.331787109375 0.0380859375 0.32861328125 0.0472005203125 0.32666015625 0.06022135468749999 0.32958984375 0.064453125 0.3271484375 0.07552083281250001 0.328125 0.0791015625 0.32763671875 0.08723958281250001 0.32861328125 0.09537760468749999 0.32861328125 0.1103515625 0.326904296875 0.1259765625 0.31689453125 0.1334635421875 0.31396484375 0.1373697921875 0.31103515625 0.1422526046875 0.310546875 0.1494140625 0.306640625 0.1526692703125 0.304443359375 0.1565755203125 0.297119140625 0.16015625 0.29541015625 0.1634114578125 0.293701171875 0.1627604171875 0.29296875 0.1598307296875 0.290771484375 0.1595052078125 0.287353515625 0.1686197921875 0.287353515625 0.169921875 0.29150390625 0.1725260421875 0.28955078125 0.1774088546875 0.287841796875 0.1907552078125 0.283447265625 0.1946614578125 0.280517578125 0.1920572921875 0.27978515625 0.1891276046875 0.277587890625 0.1891276046875 0.273681640625 0.1917317703125 0.27197265625 0.19921875 0.26953125 0.2021484375 0.2607421875 0.203125 0.254150390625 0.216796875 0.255859375 0.21907552031250002 0.256103515625 0.2216796875 0.253662109375 0.22395833281250002 0.25244140625 0.22298177031250002 0.251220703125 0.22395833281250002 0.251953125 0.22884114531250002 0.25 0.2392578125 0.251220703125 0.24381510468749998 0.25 0.24772135468749998 0.250732421875 0.2509765625 0.25048828125 0.2704427078125 0.251220703125 0.2789713546875 0.253173828125 0.2828776046875 0.25537109375 0.3317057296875 0.2548828125 0.341796875 0.256591796875 0.3450520828125 0.257568359375 0.359375 0.255859375 0.388671875 0.25732421875 0.3922526046875 0.260986328125 0.4117838546875 0.2587890625 0.4254557296875 0.259033203125 0.4358723953125 0.263671875 0.4469401046875 0.26611328125 0.4749348953125 0.26708984375 0.4778645828125 0.267578125 0.4977213546875 0.271240234375 0.501953125 0.272705078125 0.5133463546875 0.276611328125 0.5172526046875 0.28173828125 0.5335286453125 0.283447265625 0.5445963546875 0.28857421875 0.560546875 0.291015625 0.564453125 0.291259765625 0.5673828125 0.28857421875 0.572265625 0.282958984375 0.57421875 0.277587890625 0.5777994796875 0.26708984375 0.5914713546875 0.257080078125 0.6129557296875 0.255126953125 0.6227213546875 0.251708984375 0.6292317703125 0.252685546875 0.6461588546875 0.25390625 0.6520182296875 0.253173828125 0.6627604171875 0.254638671875 0.6722005203125 0.254638671875 0.681640625 0.2470703125 0.7135416671875 0.24365234375 0.7203776046875 0.240478515625 0.7330729171875 0.234619140625 0.744140625 0.234375 0.7483723953125 0.23291015625 0.751953125 0.231689453125 0.7789713546875 0.235107421875 0.783203125 0.235107421875 0.791015625 0.2333984375 0.8040364578125001 0.23388671875 0.8111979171874999 0.235595703125 0.8141276046874999 0.2353515625 0.8190104171874999 0.236328125 0.822265625 0.189453125 0.9039713546874999 0.179931640625 0.90234375 0.169189453125 0.8968098953125001 0.157958984375 0.8951822921874999 0.154296875 0.8916015625 0.13525390625 0.88671875 0.131103515625 0.8834635421874999 0.126708984375 0.8834635421874999 0.1220703125 0.8802083328125001 0.11865234375 0.8811848953125001 0.115478515625 0.87890625 0.111083984375 0.87890625 0.10009765625 0.8753255203125001 0.080322265625 0.873046875 0.077392578125 0.8704427078125001 0.075927734375 0.8642578125 0.074462890625 0.8684895828125001 0.064208984375 0.8688151046874999 0.060546875 0.8649088546874999 0.055908203125 0.8642578125 0.052734375 0.8603515625 0.048583984375 0.8619791671874999 0.044677734375 0.8577473953125001 0.03369140625 0.8577473953125001 0.029541015625 0.8492838546874999 0.018798828125 0.8470052078125001 0.013427734375 0.84375 0.005859375 0.8430989578125001 0 0.84375 0 0.8994140625 0.00390625 0.9020182296874999 0.005859375 0.9059244796874999 0.009033203125 0.9072265625 0.0126953125 0.90625 0.013671875 0.9046223953125001 0.014892578125 0.892578125 0.016845703125 0.8857421875 0.0234375 0.8889973953125001 0.038330078125 0.8889973953125001 0.044677734375 0.8968098953125001 0.0478515625 0.892578125 0.052001953125 0.89453125 0.05615234375 0.892578125 0.060791015625 0.8942057296874999 0.065185546875 0.8922526046874999 0.073486328125 0.8968098953125001 0.080078125 0.8974609375 0.086669921875 0.9013671875 0.0908203125 0.9020182296874999 0.09130859375 0.908203125 0.0944011234375 0.9085286453125001 0.09912109375 0.9114583328125001 0.11181640625 0.9134114578125001 0.11865234375 0.9169921875 0.131103515625 0.916015625 0.136474609375 0.91796875 0.137939453125 0.9189453125 0.135498046875 0.9235026046874999 0.137451171875 0.9248046875 0.1396484375 0.9248046875 0.140869140625 0.9228515625 0.162841796875 0.9306640625 0.166015625 0.9368489578125001 0.1669921875 0.9358723953125001 0.16943359375 0.9391276046874999 0.17138671875 0.9384765625 0.181396484375 0.9427083328125001 0.185791015625 0.9430338546874999 0.189208984375 0.9469401046874999 0.209228515625 0.9514973953125001 0.21630859375 0.9563802078125001 0.21923828125 0.9547526046874999 0.2265625 0.9583333328125001 0.228515625 0.962890625 0.238037109375 0.9661458328125001 0.23974609375 0.9684244796874999 0.24365234375 0.9817708328125001 0.24267578125 0.986328125 0.243896484375 0.9899088546874999 0.2470703125 0.9947916671874999 0.2509765625 0.9977213546874999 0.2509765625 0.9996744796874999 0.25439453125 0.9996744796874999 0.254638671875 0.9977213546874999 0.259521484375 0.9947916671874999 0.263427734375 0.99609375 0.2646484375 0.9996744796874999 0.446044921875 0.9996744796874999 0.44677734375 0.9967447921874999 0.45068359375 0.9938151046874999 0.450439453125 0.9879557296874999 0.4521484375 0.9820963546874999 0.452392578125 0.9716796875 0.45166015625 0.9684244796874999 0.44921875 0.9654947921874999 0.45166015625 0.9554036453125001 0.448974609375 0.9466145828125001 0.45068359375 0.9391276046874999 0.4482421875 0.9378255203125001 0.446044921875 0.9329427078125001 0.44384765625 0.9163411453125001 0.445068359375 0.9117838546874999 0.445068359375 0.9033203125 0.44287109375 0.8958333328125001 0.446044921875 0.865234375 0.4462890625 0.8567708328125001 0.4453125 0.8538411453125001 0.446533203125 0.8489583328125001 0.443359375 0.8382161453125001 0.4443359375 0.826171875 0.442138671875 0.818359375 0.442626953125 0.8138020828125001 0.446044921875 0.8102213546874999 0.4443359375 0.8050130203125001 0.444580078125 0.7975260421875 0.443359375 0.7893880203125 0.43701171875 0.796875 0.43115234375 0.8004557296874999 0.42822265625 0.791015625 0.428466796875 0.7877604171875 0.430419921875 0.7835286453125 0.43408203125 0.7789713546875 0.4326171875 0.7750651046875 0.43505859375 0.7711588546875 0.43115234375 0.7630208328125 0.433349609375 0.7526041671875 0.43115234375 0.7438151046875 0.43115234375 0.7399088546875 0.4326171875 0.7360026046875 0.430419921875 0.7320963546875 0.42822265625 0.701171875 0.426025390625 0.6951497390625 0.427978515625 0.689453125 0.424072265625 0.681640625 0.424072265625 0.677734375 0.422607421875 0.6741536453125 0.423583984375 0.6692708328125 0.421630859375 0.6588541671875 0.42236328125 0.6539713546875 0.42138671875 0.6497395828125 0.421142578125 0.6292317703125 0.41943359375 0.6100260421875 0.418212890625 0.6061197921875 0.41845703125 0.5716145828125 0.419921875 0.5690104171875 0.419921875 0.5667317703125 0.419189453125 0.5641276046875 0.415771484375 0.5598958328125 0.416748046875 0.5569661453125 0.416259765625 0.5416666671875 0.417236328125 0.5328776046875 0.416259765625 0.5302734375 0.41357421875 0.4814453125 0.41259765625 0.478515625 0.41162109375 0.4381510421875 0.41015625 0.4309895828125 0.409912109375 0.4235026046875 0.410888671875 0.4205729171875 0.412109375 0.4039713546875 0.408935546875 0.3649088546875 0.404296875 0.3528645828125 0.4052734375 0.349609375 0.404541015625 0.3466796875 0.396728515625 0.3277994796875 0.404052734375 0.3255208328125 0.405517578125 0.314453125 0.404541015625 0.3138020828125 0.380126953125 0.09895833281250001 0.38037109375 0.09212239531250001 0.378173828125 0.08365885468749999 0.379638671875 0.07486979218749999 0.3779296875 0.06477864531250001 0.37890625 0.05924479218749999 0.376708984375 0.0289713546875 0.373291015625 0 0.336181640625 0
9 0.59521484375 0.279296875 0.59716796875 0.29296875 0.6015625 0.3776041671875 0.60302734375 0.3841145828125 0.60302734375 0.392578125 0.60693359375 0.4244791671875 0.60888671875 0.4287109375 0.61279296875 0.4306640625 0.611328125 0.4352213546875 0.62939453125 0.44921875 0.6328125 0.4534505203125 0.634521484375 0.4586588546875 0.638671875 0.4654947921875 0.642578125 0.4680989578125 0.66015625 0.4876302078125 0.665771484375 0.48828125 0.669677734375 0.4866536453125 0.67236328125 0.478515625 0.673583984375 0.4703776046875 0.6767578125 0.4713541671875 0.681884765625 0.4703776046875 0.685791015625 0.4742838546875 0.682373046875 0.4781901046875 0.682861328125 0.4798177078125 0.685302734375 0.48046875 0.68603515625 0.4820963546875 0.683349609375 0.4860026046875 0.68701171875 0.4869791671875 0.689208984375 0.4899088546875 0.69189453125 0.48828125 0.695556640625 0.4908854171875 0.6943359375 0.494140625 0.699462890625 0.5016276046875 0.704833984375 0.5068359375 0.708984375 0.5091145828125 0.7119140625 0.5087890625 0.714599609375 0.5107421875 0.71533203125 0.5133463546875 0.716796875 0.513671875 0.71728515625 0.5055338546875 0.718994140625 0.5016276046875 0.720947265625 0.5 0.724609375 0.5013020828125 0.734619140625 0.5016276046875 0.736083984375 0.5068359375 0.739501953125 0.5029296875 0.7412109375 0.5045572921875 0.74365234375 0.513671875 0.74560546875 0.5146484375 0.747802734375 0.5182291671875 0.749755859375 0.5146484375 0.7548828125 0.5130208328125 0.763671875 0.5172526046875 0.767333984375 0.5231119796875 0.7724609375 0.5244140625 0.775146484375 0.5286458328125 0.777099609375 0.529296875 0.778564453125 0.533203125 0.782470703125 0.5374348953125 0.786865234375 0.5354817703125 0.789306640625 0.5397135421875 0.798583984375 0.5465494796875 0.8037109375 0.5455729171875 0.810546875 0.5475260421875 0.812255859375 0.5458984375 0.81298828125 0.5432942703125 0.81201171875 0.5341796875 0.8154296875 0.5279947921875 0.812744140625 0.5069661453125 0.812255859375 0.4856770828125 0.810791015625 0.4700520828125 0.794677734375 0.345703125 0.791259765625 0.34375 0.789794921875 0.3391927078125 0.789306640625 0.3297526046875 0.78662109375 0.3147786453125 0.783203125 0.3128255203125 0.77978515625 0.3193359375 0.77392578125 0.3212890625 0.769775390625 0.3186848953125 0.74951171875 0.2985026046875 0.747802734375 0.2919921875 0.7451171875 0.2893880203125 0.743896484375 0.283203125 0.740234375 0.27734375 0.732177734375 0.2727864578125 0.72802734375 0.2731119796875 0.70751953125 0.2692057296875 0.625732421875 0.21321614531250002 0.623046875 0.20865885468749998 0.60107421875 0.1969401046875 0.591552734375 0.1891276046875 0.59033203125 0.1956380203125 0.59033203125 0.21028645781250002 0.5927734375 0.23372395781250002 0.59326171875 0.2548828125 0.59521484375 0.279296875
9 0.396484375 0.06315104218749999 0.39794921875 0.07161458281250001 0.396728515625 0.08528645781250001 0.391845703125 0.091796875 0.405517578125 0.1829427078125 0.405029296875 0.1953125 0.40625 0.20670572968749998 0.405517578125 0.20865885468749998 0.4052734375 0.232421875 0.406494140625 0.24381510468749998 0.406005859375 0.24772135468749998 0.407470703125 0.2503255203125 0.409423828125 0.2513020828125 0.4091796875 0.2548828125 0.407958984375 0.2555338546875 0.40869140625 0.2578125 0.4072265625 0.2639973953125 0.41064453125 0.2701822921875 0.40771484375 0.279296875 0.41015625 0.2845052078125 0.411865234375 0.2858072921875 0.413330078125 0.2985026046875 0.412841796875 0.3108723953125 0.415283203125 0.3138020828125 0.414306640625 0.318359375 0.417724609375 0.3203125 0.421875 0.3294270828125 0.422119140625 0.3346354171875 0.423583984375 0.3369140625 0.422607421875 0.341796875 0.427490234375 0.3453776046875 0.43115234375 0.3444010421875 0.442138671875 0.3450520828125 0.445556640625 0.3489583328125 0.448486328125 0.3492838546875 0.4501953125 0.3515625 0.449951171875 0.353515625 0.4580078125 0.3626302078125 0.46533203125 0.3645833328125 0.470458984375 0.3811848953125 0.473876953125 0.3802083328125 0.478759765625 0.380859375 0.479248046875 0.3909505203125 0.47509765625 0.392578125 0.478271484375 0.3955078125 0.4814453125 0.3948567703125 0.48583984375 0.3987630203125 0.496337890625 0.3958333328125 0.502197265625 0.3961588546875 0.5107421875 0.3932291671875 0.51611328125 0.3958333328125 0.517333984375 0.3984375 0.5263671875 0.3938802078125 0.5302734375 0.3948567703125 0.532958984375 0.3974609375 0.537353515625 0.3951822921875 0.541748046875 0.3977864578125 0.544921875 0.4033203125 0.548583984375 0.3981119796875 0.559814453125 0.39453125 0.564208984375 0.3994140625 0.568115234375 0.3987630203125 0.569091796875 0.3961588546875 0.570068359375 0.3844401046875 0.566650390625 0.3297526046875 0.562744140625 0.2972005203125 0.55859375 0.236328125 0.5556640625 0.216796875 0.554931640625 0.1871744796875 0.552490234375 0.1578776046875 0.549072265625 0.1555989578125 0.544921875 0.1575520828125 0.541015625 0.1572265625 0.537841796875 0.154296875 0.537353515625 0.1500651046875 0.535888671875 0.1497395828125 0.53125 0.1572265625 0.52880859375 0.158203125 0.530029296875 0.1608072921875 0.5283203125 0.1630859375 0.525390625 0.1611328125 0.521240234375 0.1634114578125 0.518310546875 0.1595052078125 0.512939453125 0.1604817703125 0.5087890625 0.158203125 0.505615234375 0.1533203125 0.49658203125 0.1546223953125 0.492431640625 0.150390625 0.4931640625 0.1471354171875 0.49462890625 0.146484375 0.494140625 0.1455078125 0.48974609375 0.1471354171875 0.48388671875 0.1412760421875 0.478271484375 0.140625 0.470703125 0.1373697921875 0.468994140625 0.1350911453125 0.46875 0.1266276046875 0.456298828125 0.1240234375 0.453369140625 0.1214192703125 0.45263671875 0.109375 0.44384765625 0.1022135421875 0.439697265625 0.1005859375 0.436767578125 0.0947265625 0.431396484375 0.09375 0.425048828125 0.09049479218749999 0.421630859375 0.09049479218749999 0.4169921875 0.0830078125 0.413818359375 0.08170572968749999 0.4130859375 0.08040364531250001 0.412841796875 0.06998697968749999 0.410888671875 0.0693359375 0.40966796875 0.07096354218749999 0.407470703125 0.0693359375 0.40478515625 0.0478515625 0.395751953125 0.0481770828125 0.39208984375 0.05143229218749999 0.392333984375 0.05501302031250001 0.393310546875 0.05598958281250001 0.39208984375 0.060546875 0.396484375 0.06315104218749999
9 0.8330078125 0.4033203125 0.83642578125 0.4168294265625 0.836181640625 0.4195963546875 0.837646484375 0.4225260421875 0.839111328125 0.4231770828125 0.840576171875 0.4280598953125 0.83984375 0.4326171875 0.841552734375 0.451171875 0.84130859375 0.458984375 0.845458984375 0.4928385421875 0.84521484375 0.4983723953125 0.847900390625 0.5048828125 0.847900390625 0.5126953125 0.8505859375 0.5218098953125 0.850830078125 0.5289713546875 0.85205078125 0.537109375 0.85400390625 0.541015625 0.853271484375 0.5452473953125 0.854736328125 0.5498046875 0.859130859375 0.5559895828125 0.86083984375 0.5615234375 0.86669921875 0.5634765625 0.8701171875 0.5677083328125 0.88037109375 0.5712890625 0.884521484375 0.5764973953125 0.8984375 0.5751953125 0.899658203125 0.5774739578125 0.9052734375 0.5810546875 0.906982421875 0.583984375 0.9091796875 0.583984375 0.9306640625 0.6002604171875 0.935302734375 0.6044921875 0.937744140625 0.6090494796875 0.94482421875 0.6126302078125 0.947021484375 0.6165364578125 0.951171875 0.6194661453125 0.952392578125 0.6145833328125 0.988525390625 0.5537109375 0.98828125 0.5504557296875 0.986083984375 0.5478515625 0.987548828125 0.5452473953125 0.986572265625 0.5309244796875 0.989501953125 0.529296875 0.9873046875 0.5257161453125 0.9873046875 0.5159505203125 0.9892578125 0.5133463546875 0.98779296875 0.5084635421875 0.984130859375 0.5035807296875 0.983642578125 0.4840494796875 0.98193359375 0.4811197921875 0.977783203125 0.4807942703125 0.974853515625 0.4856770828125 0.97021484375 0.484375 0.969970703125 0.4739583328125 0.967529296875 0.4622395828125 0.95263671875 0.4466145828125 0.94970703125 0.4417317703125 0.943359375 0.4371744796875 0.939208984375 0.4384765625 0.9365234375 0.4352213546875 0.935302734375 0.431640625 0.92822265625 0.4361979171875 0.92138671875 0.43359375 0.919677734375 0.4313151046875 0.916015625 0.43359375 0.912353515625 0.4306640625 0.90771484375 0.435546875 0.901123046875 0.435546875 0.89892578125 0.427734375 0.89892578125 0.4235026046875 0.8955078125 0.4186197921875 0.895751953125 0.408203125 0.892333984375 0.4069010421875 0.889892578125 0.4039713546875 0.888427734375 0.4000651046875 0.876220703125 0.3870442703125 0.872802734375 0.3805338546875 0.863525390625 0.373046875 0.8583984375 0.3649088546875 0.857421875 0.3606770828125 0.85498046875 0.3606770828125 0.833984375 0.3512369796875 0.830322265625 0.3479817703125 0.8291015625 0.3489583328125 0.828125 0.3531901046875 0.82861328125 0.3727213546875 0.8310546875 0.388671875 0.832763671875 0.3935546875 0.8330078125 0.4033203125
10 0.43763232343749997 0.0003017578125 0.38490673750000004 0 0.3878359375 0.038051757812499996 0.4434907234375 0.1161549484375 0.542236328125 0.1516927078125 0.5303903812499999 0.12006022187500001 0.48645239218749997 0.06929329375 0.43763232343749997 0.0003017578125
9 0.1532307125 0.1850478515625 0.1786437984375 0.2101282546875 0.21659863281249997 0.2048483078125 0.242341796875 0.196928059375 0.261154053125 0.174928059375 0.27171533124999997 0.1507275390625 0.27501586875 0.13752734375 0.24630224687500002 0.130927409375 0.1941557609375 0.12432714843749999 0.15389086875 0.1353274734375 0.1532307125 0.1850478515625
9 0.999755859375 0.615544596875 0.9985698234375 0.5744544265625 0.9885737296875 0.5633489578125 0.9694147953125001 0.6088815109375 0.97524585 0.6466399734375 0.9985698234375 0.676624675 0.999755859375 0.615544596875
7 0.5928974609375001 0.9996744796874999 0.6270505375 0.997572590625 0.6087246093750001 0.89540234375 0.5979870609375 0.8931272781249999 0.538752196875 0.9431555984375001 0.537086425 0.9875774734375 0.5454162593749999 0.9996744796874999 0.5928974609375001 0.9996744796874999
7 0.7236789546875 0.9775826828125 0.7111838374999999 0.942045246875 0.692024903125 0.9098395187499999 0.66037060625 0.9276080734375001 0.6770307625 0.9996744796874999 0.72117993125 0.9996744796874999 0.7236789546875 0.9775826828125
9 0.6533203125 0 0.6533203125 0.0016276046874999998 0.6552734375 0.0026041671875 0.657958984375 0.0078125 0.673583984375 0.021484375 0.700439453125 0.0400390625 0.712890625 0.0517578125 0.71630859375 0.05305989531250001 0.72216796875 0.060546875 0.731201171875 0.06608072968749999 0.73779296875 0.072265625 0.74365234375 0.080078125 0.748291015625 0.08072916718749999 0.756103515625 0.08561197968749999 0.757080078125 0.08365885468749999 0.755859375 0.08138020781250001 0.756591796875 0.072265625 0.755615234375 0.06803385468749999 0.754638671875 0.06868489531250001 0.75244140625 0.0654296875 0.75390625 0.05989583281250001 0.750732421875 0.05240885468749999 0.751953125 0.046875 0.75048828125 0.0325520828125 0.748046875 0.0305989578125 0.737060546875 0.0305989578125 0.734130859375 0.0283203125 0.73486328125 0.025390625 0.733154296875 0.0240885421875 0.724853515625 0.01953125 0.7197265625 0.0182291671875 0.716796875 0.014973957812499999 0.712890625 0.014973957812499999 0.703125 0.0055338546875 0.70263671875 0 0.6533203125 0
9 0.7939453125 0.1149088546875 0.7978515625 0.1243489578125 0.839111328125 0.1565755203125 0.845703125 0.1637369796875 0.8515625 0.1669921875 0.855224609375 0.1705729171875 0.861328125 0.1735026046875 0.868896484375 0.1689453125 0.87255859375 0.1617838546875 0.872802734375 0.1578776046875 0.865234375 0.1474609375 0.794677734375 0.08463541718749999 0.791015625 0.08235677031250001 0.790283203125 0.0859375 0.79052734375 0.0947265625 0.794677734375 0.1070963546875 0.79345703125 0.1103515625 0.7939453125 0.1149088546875