7 0.5326167484375001 0.9933028234375 0.534670928125 0.9961625640625 0.539482603125 0.9940402203125001 0.57853266875 0.9930022812500001 0.5853076390624999 0.9911370984375001 0.5898298796875 0.987721984375 0.5951804015625 0.9800435984375 0.59431158125 0.9621593781250001 0.59970160625 0.9486166671875 0.607776059375 0.9489861375 0.610346365625 0.9456391890625 0.610027753125 0.922524246875 0.618850446875 0.9023472781249999 0.6227938187500001 0.8963466265625 0.6220331828125001 0.8885559265625 0.618038428125 0.886089671875 0.6206936796875 0.8781796859375 0.6235761390625 0.8767761515625001 0.6276953421875 0.86881504375 0.6240339078125 0.8269251203125 0.6159643578125 0.8057094453125 0.616202409375 0.798535309375 0.614358140625 0.79469108125 0.597845696875 0.783541815625 0.5937832968750001 0.793129534375 0.5902483843749999 0.7968358890625 0.5896245921875 0.8069549687500001 0.5508872015625 0.82394223125 0.5445488328125 0.8173234687500001 0.5418308406250001 0.8164412249999999 0.5399524890625 0.8116210296874999 0.5327290375 0.807638928125 0.528405346875 0.8097442312500001 0.5277766515625 0.8407095140624999 0.52945155 0.8676857234375 0.5280276203125001 0.8758784296875 0.5317107375 0.8904071796874999 0.530905178125 0.8953210984375 0.531960928125 0.9045672296875 0.5309624984375 0.9109536203124999 0.5325741359375 0.9151316906250001 0.5317117734375 0.918418996875 0.5286307640625 0.9211323437500001 0.5169191515625 0.9215413218749999 0.50752249375 0.9182865484375 0.5040043625 0.9154779312500001 0.49452870000000004 0.9239518109375 0.494421034375 0.9278642015624999 0.499619484375 0.9508087328125001 0.5058442484375 0.9541742718749999 0.5163423578125 0.9749794218750001 0.515236003125 0.9782752484374999 0.5170916328125 0.9824447984375 0.5188563796875 0.98401176875 0.5279654093749999 0.9836936749999999 0.53270169375 0.9887397874999999 0.5326167484375001 0.9933028234375
8 0.49762390156249997 0.8446939453125 0.49640394062500004 0.844736546875 0.49127417187500005 0.8377498578125 0.49066122187500005 0.8341883515624999 0.4827057953125 0.8302318109375 0.4739788890625 0.8321651578125 0.46679545781250004 0.8363246390624999 0.46517839843750003 0.8389868625 0.45576005625000005 0.8630932640625 0.46314797656250006 0.8647895875 0.49986036718750004 0.8667647546874999 0.5066466984375 0.86522489375 0.512763278125 0.8584969125 0.5217617984375 0.8363594875 0.5220339328125 0.8301613187499999 0.52096708125 0.8275928203125 0.5125582703125 0.8386351968750001 0.49762390156249997 0.8446939453125
8 0.42367111562500004 0.8326190671875 0.409961609375 0.8177890078125 0.4047295953125 0.8078744171875 0.396320265625 0.804910884375 0.3892899421875 0.8064592671874999 0.37974017656250003 0.80581559375 0.3773857203125 0.8153436703124999 0.3776356515625 0.8225007671875 0.382778934375 0.836869953125 0.38261283125 0.846104465625 0.3839123140625 0.8483391203125 0.3973264484375 0.85471079375 0.4125789109375 0.857761078125 0.4167154125 0.8572909093750001 0.42145892500000004 0.8532166312499999 0.4229964609375 0.84827715 0.42367111562500004 0.8326190671875
6 0.4249357609375 0.9667712359375 0.4243060296875 0.9697247000000001 0.4284879734375 0.9705558218749999 0.432102409375 0.969126725 0.44517030625 0.9725790156249999 0.4462826 0.9764488046875 0.4443706859375 0.9846585515624999 0.4522125078125 0.9853618656249999 0.45730225625000004 0.9842069703125 0.4835797984375 0.9881751281250001 0.5050170031250001 0.986449365625 0.507553228125 0.98212645 0.5111671453125 0.9666914437499999 0.511252090625 0.96212840625 0.5099298859375 0.95924310625 0.5054812296875 0.9577698609375 0.50037418125 0.9514338171875 0.498870209375 0.94334335625 0.49294030156249996 0.93443029375 0.49210014218750003 0.9243623359375001 0.4953683421875 0.9200138578124999 0.49759241093749995 0.913747525 0.4999755265625 0.912035709375 0.5068073 0.9117971390624999 0.5112673171875 0.9135957078124999 0.5165842765625 0.9189472609375 0.518513490625 0.9182284546874999 0.5239608359375 0.9203182625 0.5322338390625 0.919377925 0.5310242046875 0.8917340296875 0.527239359375 0.8882832875 0.509864553125 0.8804213296875 0.5072769484374999 0.8762773390625 0.47972264375 0.870725171875 0.4637950078125 0.8693270625 0.4364565546875 0.869956021875 0.4313781671875 0.871436240625 0.42879649999999997 0.8744578687500001 0.42588099375 0.9028972546875 0.4146746671875 0.9107801296875 0.40447296718750003 0.9264451875 0.3991278671875 0.92728328125 0.3943334921875 0.9368965609375 0.390997128125 0.9392931062500001 0.3962459234375 0.942692725 0.405914715625 0.9397493296875 0.4232786796875 0.961291875 0.4249357609375 0.9667712359375
7 0.4158037421875 0.9081349484375 0.423929059375 0.9029654171875 0.4339554484375 0.9032667265625 0.436026409375 0.8996114953125 0.43424978437500006 0.8837132921874999 0.43132730312499995 0.8769752437499999 0.42486396875 0.8667779328125 0.4199046078125 0.86467108125 0.3914425 0.8611049328125 0.381694184375 0.8617710703125001 0.37956151718750003 0.884645890625 0.37967564062500003 0.9019050265624999 0.383988490625 0.9134803125 0.382763109375 0.9203632078125 0.3878701578125 0.9266992515625001 0.3956665375 0.9261012750000001 0.4042457578125 0.9199387359375001 0.4071850203125 0.9201618140625 0.41168454062500004 0.91609605625 0.41368733906250005 0.9104888890625 0.4158037421875 0.9081349484375
1 0.784748634375 0.6092696046875 0.8063898109375 0.599393740625 0.8201778046875001 0.5884892359375 0.8440371109375 0.565181421875 0.8594135046875 0.543798434375 0.8516739265625001 0.546023021875 0.8470321406249999 0.5390192921875 0.8354849984375001 0.53714249375 0.7855867203125 0.5633139234375 0.7772001125 0.5610010359375 0.765493921875 0.5545697203125 0.7389610281250001 0.5502847625 0.72240908125 0.5449998234375 0.7185052109375001 0.5451361484375 0.717920921875 0.549390903125 0.7192772078125 0.5532521703125 0.7092681187500001 0.5604418 0.70702675 0.55921719375 0.7060962234375 0.560552565625 0.7067091734375001 0.5641140734375 0.7031006765625001 0.5727087859375 0.707203615625 0.585268559375 0.698658478125 0.592407065625 0.7165553484375 0.60122795 0.739042625 0.608585659375 0.747996740625 0.6131587640625 0.7573479562500001 0.615112246875 0.770063678125 0.6084795390625 0.772736228125 0.608060490625 0.7767082624999999 0.6098760999999999 0.784748634375 0.6092696046875
1 0.6078049171875 0.502098315625 0.6041414109375001 0.404184753125 0.5987054265625 0.4024202671875 0.595141853125 0.3983103578125 0.5955843953125 0.396992028125 0.5726545765625 0.39095265 0.47085805468749997 0.372032834375 0.45516305 0.3703008828125 0.422916096875 0.36328398906250003 0.41900086718749996 0.3630949921875 0.41712845468750004 0.36544041250000003 0.41631205312499997 0.3840349203125 0.41546906406249995 0.4508368046875 0.41695083281249995 0.47228253125 0.42054848749999996 0.47736840625 0.46580653437499997 0.4862109765625 0.50034571875 0.4889134734375 0.532848021875 0.4962471671875 0.579257865625 0.5030952015625 0.6022953484375 0.5052221875 0.6064091296874999 0.5041013734375 0.6078049171875 0.502098315625
1 0.346160375 0.354889903125 0.3448441109375 0.35917021875 0.3408212140625 0.3628936125 0.331082465625 0.4687667359375 0.3357751140625 0.47023146093749996 0.3995706046875 0.47126086562499997 0.40096587499999997 0.4552518984375 0.4008961578125 0.41128223437500006 0.4045031 0.3606697921875 0.4007523375 0.3581950171875 0.3872418984375 0.356061059375 0.3524700828125 0.35369240625 0.346160375 0.354889903125
1 0.34454463281250003 0.546469246875 0.36902230937499997 0.519882646875 0.3818516359375 0.5165031640625 0.3885243609375 0.5117100765625 0.3950439796875 0.5095280921875001 0.400246815625 0.4976205109375 0.4053019640625 0.48148373906249997 0.403491775 0.47861547812499994 0.401017775 0.47772471562499996 0.3573145640625 0.47143360312500004 0.34415036250000003 0.47221902499999996 0.32061947343749997 0.4769493734375 0.308300853125 0.48096246093749995 0.2868695859375 0.4898538390625 0.2743129125 0.5010410624999999 0.256218528125 0.52154180625 0.2525818875 0.5363261671874999 0.252690071875 0.5464196875 0.26120164687499997 0.5523111218750001 0.2879385109375 0.5484459765625 0.3055513703125 0.5491337984375 0.3075373875 0.5500416031250001 0.30943845937500003 0.55551244375 0.31094785156250004 0.5567626109375 0.339789759375 0.550218203125 0.34327380937499996 0.552050853125 0.34454463281250003 0.546469246875
1 0.456190159375 0.5256330984375001 0.46062745625 0.526781021875 0.49865017187499994 0.5173102578125001 0.502185084375 0.513603903125 0.49812216718749996 0.5091857140625 0.48040112500000004 0.4984043734375 0.4762246015625 0.490732959375 0.45801015312500004 0.4868089515625 0.4382240890625 0.48684845625 0.43706093125 0.48851767187500006 0.44243469218750003 0.49549583906250005 0.437201390625 0.50186725625 0.4300424875 0.5043972859375 0.4310411765625 0.50501385 0.4328005015625 0.5134211125 0.42923150625 0.5161514984375 0.438316009375 0.5174628578125 0.444024128125 0.513029175 0.4462541375 0.513928459375 0.450016259375 0.51672855625 0.45012444374999994 0.526822075 0.4513557640625 0.5271047953125 0.456190159375 0.5256330984375001
1 0.24198336875 0.7155161453125001 0.2440261875 0.7180505625 0.24469000156249998 0.7160730656250001 0.26267129843750003 0.7063250062499999 0.26690410625 0.7016171234375 0.2679763796875 0.6973453296875001 0.26574043125 0.689280428125 0.267124859375 0.6869520484375 0.26789633749999997 0.6810621609374999 0.27119861875 0.6776896515625 0.2670675375 0.6713195265625 0.25934474218750003 0.6670291421875 0.25679121718750003 0.663861121875 0.25086724843749997 0.662113675 0.2308092796875 0.6596386515625 0.22974956406249997 0.6479437609375001 0.2383431015625 0.6322591375 0.23495535781250002 0.6261887749999999 0.23379762187500003 0.6210176953125 0.22716439843749997 0.61994645625 0.22497983124999998 0.6203484609375 0.2212350078125 0.625039303125 0.21687181406249997 0.63300893125 0.1910902703125 0.6922129890625001 0.1874195484375 0.7060213828124999 0.1884409578125 0.7072885906249999 0.1896154765625 0.7059447 0.1953749765625 0.7099779234375 0.19495515624999998 0.7119468984374999 0.196209196875 0.7128802640624999 0.20229763437499998 0.7123419328125 0.22790000156249998 0.7179622625000001 0.237801425 0.7146850234375 0.24198336875 0.7155161453125001
3 0.600282909375 0 0.5927686875 0.0094991953125 0.5836086859375 0.01764029375 0.573427403125 0.0245135515625 0.56592408125 0.0334658640625 0.559843053125 0.045844640625 0.55226393125 0.0526270265625 0.54904155625 0.053608571875 0.55003436875 0.062657546875 0.5606684359375 0.060154778124999995 0.5701303953125 0.04200926875 0.578269115625 0.032600259375 0.5894110328125 0.025258946875 0.597610371875 0.017585853125000002 0.60894118125 0.0063273234375 0.61642914375 0 0.600282909375 0
6 1 0.9115201359375 0.9446596765624999 0.9072557328125 0.9376179921875 0.908478790625 0.9364494140625 0.9169882984375001 0.9360128124999999 0.9254722453124999 0.9388632640625 0.9791163828125 0.94052034375 0.9845957437499999 0.9900507 0.98286610625 1 0.9796597281249999 1 0.9115201359375