7 0.13018556875 0.0753283890625 0.141696134375 0.081415178125 0.1442647375 0.0913900734375 0.14806872499999998 0.09251786875 0.1510165140625 0.090320696875 0.14899233750000002 0.07754055 0.15380255781250002 0.068374434375 0.1561455109375 0.06652024375 0.16505551875 0.06659214062499999 0.17560504375 0.062449421875 0.18667328125 0.063662590625 0.1916709625 0.06608442656249999 0.19592701562499998 0.0659047015625 0.2105124203125 0.07892 0.21273105625 0.0825235453125 0.212912278125 0.0899103578125 0.2157260125 0.0993520609375 0.2142010671875 0.1042900828125 0.216779409375 0.1080838390625 0.22261381249999998 0.12619291875 0.2212576140625 0.1301154765625 0.22258809687499997 0.134354059375 0.21992986874999998 0.140460309375 0.21613211875 0.143533653125 0.215533521875 0.1480777703125 0.2171251109375 0.149803159375 0.22217695937499998 0.150486128125 0.23806789374999998 0.1509354578125 0.2413816234375 0.1531296375 0.24428498125 0.14649019375 0.2410733515625 0.13661714375 0.23879156875000002 0.1159679125 0.22774707656249998 0.0670444953125 0.22708183593750003 0.0649252046875 0.223599359375 0.0637464875 0.2222910921875 0.061729042187500006 0.22307441093749997 0.0541894609375 0.22083706093750002 0.037982503125 0.10187720156249999 0.05682389375 0.1037104171875 0.0683983671875 0.10487215624999999 0.0736524109375 0.1103441171875 0.0769878625 0.11469253125000001 0.07531040624999999 0.122300509375 0.0775659953125 0.13018556875 0.0753283890625
7 0.3121779796875 0.0445261515625 0.3067282328125 0.0434118359375 0.30302284375 0.044987446874999996 0.30145970625 0.049684332812499996 0.3035096 0.0543033390625 0.3062344734375 0.054860496875 0.313527175 0.061368146874999994 0.3224753734375 0.061681178125 0.326416153125 0.06575351406249999 0.32885146718749997 0.0624015921875 0.3284091390625 0.05752797187499999 0.3233066234375 0.048201592187499996 0.3149952125 0.043585578125 0.3121779796875 0.0445261515625
9 0.4606491453125 0 0.408600728125 0.008243659375 0.409921471875 0.01866338125 0.41531704999999997 0.0215165625 0.41842657812499995 0.039068484375000004 0.41855986874999995 0.052395303125 0.433822225 0.100897859375 0.438590753125 0.10187288593749999 0.44301555156249994 0.1006776984375 0.4550323515625 0.10371810156250001 0.476127903125 0.105814940625 0.4806735171875 0.10954429531250001 0.489732790625 0.120963009375 0.5203346515625 0.1934847015625 0.5160528796875 0.2018255671875 0.5195096390625 0.211165425 0.5265162828125 0.2033817171875 0.5271370937500001 0.2010587359375 0.52658719375 0.17469715624999999 0.5210298734375 0.1520948828125 0.520504925 0.1425378546875 0.515249640625 0.1322469359375 0.5004892546875 0.11604596250000002 0.49297714062500003 0.10191036406250001 0.49247440468750003 0.0945744734375 0.4869233234375 0.0761733359375 0.4886080375 0.0514353015625 0.4787662109375 0.022590478125 0.47317343593750005 0.0143304828125 0.46783794375000004 0 0.4606491453125 0
9 0.8142702125 0.272252103125 0.818258925 0.27038443437500004 0.844995946875 0.2498355703125 0.848526353125 0.24507428281250002 0.8398712156249999 0.2382880546875 0.8289717218750001 0.236059421875 0.7689064375 0.23346081875000002 0.76011100625 0.23411232656249997 0.756182703125 0.2384422671875 0.74819904375 0.23797646718749998 0.7403619156250001 0.2342740703125 0.7366787390625 0.23807081718749998 0.7344725765625 0.2428695484375 0.7348385203125 0.2472608984375 0.7385022171875 0.2558264296875 0.74896211875 0.26776485625 0.7496655515625 0.2701252828125 0.747726734375 0.27661195781250003 0.7489808328125 0.2803682703125 0.7724318125 0.28901319375 0.7869700500000001 0.2830028046875 0.8012409437500001 0.275304471875 0.8142702125 0.272252103125
5 0.7244339937500001 0.298098403125 0.7235680546875 0.300954578125 0.7318954421874999 0.303590590625 0.7579984125 0.301928125 0.7594372328125 0.3026889734375 0.7652564234375 0.2978123625 0.758705346875 0.29390627343750003 0.753691690625 0.293464440625 0.7518389953125 0.2942522453125 0.7385743359375 0.29165666875 0.7244339937500001 0.298098403125
5 0.95988644375 0.2677275484375 0.8664060078125001 0.27264603906249996 0.8303840625 0.269947103125 0.8234475640625 0.27401194375000004 0.8193505140624999 0.2793573453125 0.8166096640625 0.2807801890625 0.8077982578125 0.2834116984375 0.7982896546875 0.2878839203125 0.789003965625 0.2896018125 0.7848847015625 0.292726078125 0.7810807140625 0.291598284375 0.7746122578125 0.292375603125 0.768356978125 0.29657973125 0.7746629265625 0.30101901249999996 0.7791259171875 0.3000649609375 0.8067121390624999 0.303605615625 0.9378727546875 0.3097748578125 0.958204465625 0.3070489984375 0.9649020734375 0.3077184890625 0.9751904937500001 0.3060889625 0.9686596609375 0.264854903125 0.9631175531249999 0.26523831875 0.95988644375 0.2677275484375
9 0.6527505734375 0.2188170484375 0.6393804359375 0.21620719687499998 0.60228698125 0.20973826406249998 0.5646858765625 0.21332995625 0.5431406109375 0.21437865312499998 0.5455820218749999 0.2342150546875 0.5543215421875 0.245174809375 0.6019747875 0.24314266406249999 0.6355982671875 0.2409688765625 0.646790359375 0.23867094843749997 0.6517050375 0.2321145171875 0.6527505734375 0.2188170484375
7 0.5187824609375 0.256515246875 0.51768736875 0.2579246109375 0.5277431359375 0.265230553125 0.5329380140625 0.2730592015625 0.545149275 0.26692300156250004 0.550920534375 0.2679863953125 0.5563862562499999 0.267120709375 0.5584493890625 0.25517629999999997 0.5534294953125001 0.250533328125 0.5368031734375001 0.251683575 0.5187824609375 0.256515246875
5 0.42552296875 0.21913030312499998 0.4139866875 0.22120465312499998 0.4094695265625 0.2238975734375 0.4064995234375 0.22387360781250001 0.40039701250000004 0.22904227656249998 0.3948888296875 0.2650147953125 0.39679843125 0.2770715375 0.4042216859375 0.282322590625 0.41211298437500005 0.284286121875 0.42560055781250006 0.2841273703125 0.43131141093750003 0.28272849375 0.44181026875 0.26994236250000003 0.43964930156250004 0.254217675 0.43154559375 0.22386164062499997 0.42552296875 0.21913030312499998
5 0.411867628125 0.19063606093750002 0.42062865625 0.187121590625 0.4136874671875 0.179105859375 0.38323727343749997 0.186359390625 0.35380454375000003 0.1898057296875 0.339648159375 0.17715987187499999 0.3326173828125 0.15578950625000001 0.308596284375 0.15503652031249998 0.26370803593750003 0.147865784375 0.253808346875 0.15186443593750001 0.25654315 0.16145790468750001 0.26912639375 0.1795181515625 0.2872544359375 0.189104265625 0.30297629375 0.191171721875 0.323566075 0.18304922968749998 0.3388534515625 0.19004689218749998 0.389415365625 0.1972305171875 0.411867628125 0.19063606093750002
5 0.261470478125 0.7003027578125 0.262116621875 0.7023014828125 0.2689669984375 0.7039355125 0.2726626484375 0.7085410390625 0.27943663750000003 0.7096928 0.2827725828125 0.714108115625 0.2872737671875 0.7133951984375 0.2892250609375 0.7153107984375 0.29456023125 0.715701709375 0.2997968015625 0.713389215625 0.322219334375 0.7301069124999999 0.3218054609375 0.731655565625 0.32324428125 0.732416415625 0.33283550625 0.7326276015625 0.335859678125 0.7309127 0.3448078765625 0.73122573125 0.37364819531250004 0.7385227000000001 0.373164175 0.743790221875 0.381889459375 0.7468575828125 0.38992105 0.741383378125 0.398439396875 0.745225065625 0.40132677812499995 0.7405656234375 0.42812070625 0.7328613078124999 0.42898664531249997 0.730005134375 0.43270801406250003 0.7264495203125 0.43168306718749994 0.7241400171875 0.4292033234375 0.7230496671875 0.4321066796875 0.7164102234375 0.436776609375 0.7146818453125 0.4375279734375 0.711102265625 0.47413133125 0.6467222875 0.477143028125 0.636605109375 0.47437372499999997 0.6316056796875 0.46684213281250003 0.629832359375 0.46811570781249995 0.62122639375 0.4736613171875 0.6104607015625 0.473801609375 0.603022965625 0.46653462343749996 0.588354175 0.458898959375 0.5547106203125 0.45951353125 0.5481865 0.4572185109375 0.5441006859375 0.45727618124999997 0.5319795421875 0.454239534375 0.52529216875 0.4412040265625 0.5241434 0.437225053125 0.5198299296875 0.4177051140625 0.5214384812499999 0.41269145625 0.520996646875 0.40209126250000005 0.51649595625 0.37602648437499997 0.51839955625 0.3307188484375 0.5174185140625001 0.3221525703125 0.5195168296875 0.315629946875 0.522033015625 0.293817721875 0.53413916875 0.28560491093749996 0.532226559375 0.27739833593749996 0.5345150890625 0.2552645984375 0.5466721640625 0.2508078453125 0.551827353125 0.23992082812499999 0.5580009968749999 0.23130661875 0.56603931875 0.22779492499999998 0.58340401875 0.22981910156250002 0.596184165625 0.230936409375 0.5969959375 0.237568578125 0.6555168171875 0.238784484375 0.6590319953125 0.24018511406249998 0.6595517078124999 0.2468819546875 0.685186890625 0.24900199375 0.6860870296875 0.253939075 0.692288015625 0.2549766890625 0.696758371875 0.261470478125 0.7003027578125