4 0.074246884375 0.4497679875 0.16297276875 0.40184367343750005 0.15107064375 0.3181013890625 0.06945784375 0.3325116 0.074246884375 0.4497679875
4 0.3695129703125 0.46353744687500004 0.3216922109375 0.484031175 0.3077288109375 0.5566950328125 0.34148850468749997 0.58071886875 0.36789343125 0.522593371875 0.3695129703125 0.46353744687500004
4 0.22696990781249998 0.7635924968750001 0.21970647968749998 0.6202544484375 0.20428680937500002 0.6266943265625 0.17790879531249998 0.6650923546875 0.165806865625 0.7429962015625 0.1728672578125 0.786082690625 0.22696990781249998 0.7635924968750001
4 0.4702156859375 0.758725 0.599194409375 0.754466878125 0.6090938625 0.6908454515625 0.47350863906249996 0.6819693484375 0.4702156859375 0.758725
4 0.43639019375 0.51467561875 0.44690232031250005 0.4718958609375 0.4246918953125 0.4498499296875 0.4013814640625 0.5062531296875 0.43639019375 0.51467561875
4 0.491290696875 0 0.5021297296875 0.0002865796875 0.5839228140625 0.0628808265625 0.6929909375000001 0.02442528125 0.6972646218749999 0.0033671031249999997 0.504363425 0 0.491290696875 0
4 0.7234269328125 0.8542791421875 0.75893499375 0.8900507765624999 0.829928615625 0.906913121875 0.8627812546875001 0.871032771875 0.8666192046875001 0.7630403375 0.8487979671874999 0.6650851640625 0.8024822687500001 0.6289966078125 0.7194325625 0.7474519500000001 0.7234269328125 0.8542791421875
4 0.8549608125000001 0.9099031828124999 0.8235034015625 0.9393488953125001 0.838600821875 0.9695564359375 0.8669349015625001 0.9687490515625001 0.8714532078125 0.9336764078125 0.8549608125000001 0.9099031828124999
4 0.7731243937500001 0.9163369234375001 0.73466510625 0.8818157328125 0.7074662265625 0.8735292375 0.6669854890625 0.8988611140625 0.68067509375 0.9537805968749999 0.7371387828125 0.9638798671875 0.7731243937500001 0.9163369234375001
4 0.652683915625 0.76711781875 0.46528891093749997 0.761242915625 0.48263236093749995 0.9425123359375001 0.57360545 0.9336849546874999 0.6330901953125 0.8266638374999999 0.652683915625 0.76711781875
4 0.43048275625 0.9090541359375001 0.4198127828125 0.8489795375 0.3956495875 0.854678165625 0.40010546874999997 0.915033353125 0.43048275625 0.9090541359375001
4 0.3874609015625 0.800243759375 0.405851740625 0.6977131703125 0.38180903437499997 0.6764628578125 0.375496453125 0.7583736265625001 0.3874609015625 0.800243759375
4 0.0590993015625 0.8308972859375 0.0052687921875 0.8768954843750001 0.0014987546875 0.9809832359374999 0.0661357859375 0.9703942 0.08672911093749999 0.8535808640625 0.0590993015625 0.8308972859375
4 0.828740825 0.3836492859375 0.811611603125 0.50169644375 0.8671443218749999 0.5091752265625 0.8679853625 0.40503634843749997 0.8312514765625 0.3835645078125 0.828740825 0.3836492859375