9 0.3954557703125 0.3492172234375 0.40044222031250004 0.3505754625 0.40450648281249996 0.346215859375 0.40473300156249997 0.34460409375 0.406561265625 0.3438748796875 0.41926893906249996 0.3446746671875 0.420417646875 0.348780746875 0.425418909375 0.3465251484375 0.427549921875 0.3524128828125 0.4320528421875 0.353703165625 0.44929479843750003 0.36960388125 0.45234756562499995 0.375949878125 0.456608721875 0.377206184375 0.45795389062499997 0.38166859375 0.461142134375 0.381787953125 0.4616857796875 0.37791971874999997 0.45997774687500004 0.370776553125 0.46183606875 0.36807924375 0.46576485312499993 0.3699462765625 0.46819774531249997 0.3719317984375 0.4715528265625 0.3796351609375 0.4718250828125 0.3829606234375 0.4753308875 0.3860830921875 0.476026125 0.38815312031250004 0.478307859375 0.38945995624999996 0.4818737796875 0.3886462359375 0.484926546875 0.3949922328125 0.495261878125 0.3951298875 0.49935706562500004 0.3993213484375 0.5003093125 0.40307109687500003 0.5036487140625 0.4038691390625 0.505703496875 0.401528159375 0.5090805796875 0.40118097812500003 0.5143016046875 0.4070099046875 0.5199528 0.40714668906249996 0.5227781796875 0.40458529062500004 0.5300163078125 0.4092184625 0.5434945796874999 0.40979782968749995 0.545836865625 0.41242805625 0.5530445015625001 0.41376974375 0.5591538796875 0.41298476093750003 0.5697715671875 0.41579185937499996 0.580560153125 0.4153357765625 0.6147249828125 0.42572556875 0.6190615015625001 0.42469142812499994 0.6262390796874999 0.42800120937499997 0.629896040625 0.4318023609375 0.633718971875 0.43266835937500003 0.6383573703125001 0.42773200468750006 0.6443409375 0.42725806093749996 0.6436457015625 0.4251880328125 0.6465464437499999 0.4203361859375 0.65204648125 0.4197942859375 0.662125234375 0.4235118015625 0.6666582140624999 0.42283399062499993 0.6684564203125001 0.424072871875 0.6691669015625 0.42778864375000003 0.666779746875 0.43074035000000005 0.6686084453125 0.4352707140625 0.672521984375 0.43549200781249997 0.67620856875 0.432065484375 0.6768123296875 0.424261059375 0.675512465625 0.4194762953125 0.6777785203125 0.4138778109375 0.6800750671875 0.41157081093750003 0.6817064359375 0.4052256859375 0.691688071875 0.3306942140625 0.69108344375 0.327979478125 0.69333381875 0.315475671875 0.6931055640625 0.29604911875 0.69245563125 0.2936567359375 0.6881186796875001 0.2894313 0.6878307421875001 0.2792005140625 0.6858813796875001 0.27728295 0.67911196875 0.276331571875 0.6759838390625 0.272276021875 0.67102788125 0.2742092671875 0.6699697812500001 0.2694584828125 0.6651192421875 0.2671331828125 0.666553715625 0.25517215000000004 0.6692884890624999 0.25325545781250003 0.6652237921874999 0.25235548125 0.6611442859375 0.25506934375 0.6566714218749999 0.25181096406250003 0.6379043859375 0.2485159890625 0.635229728125 0.2464964921875 0.632721040625 0.2415418390625 0.6250603671875 0.24342368125 0.6183663171875 0.2401818546875 0.614029365625 0.23595641562499997 0.6105087484375 0.2364477859375 0.6069728859375 0.2352934125 0.59473219375 0.21713710000000003 0.5890204484375 0.21567692656249998 0.5859380578125 0.21655860468750002 0.585121721875 0.2118417984375 0.587085896875 0.210145525 0.58205414375 0.20910963749999997 0.5786389468750001 0.20534246406249998 0.5710989375 0.20461150468749997 0.5672611953125 0.2073593453125 0.5685009437499999 0.21608029687500002 0.564255034375 0.21646973281249998 0.562396278125 0.2139074625 0.5572286125 0.21383863593750002 0.5541610328125001 0.21110647500000002 0.5477845453125 0.2108677578125 0.5427832828125 0.21312335624999998 0.534095 0.213545896875 0.521523671875 0.21703863124999997 0.52551300625 0.2202290546875 0.5239569984375 0.22428373124999998 0.5226122640625 0.22508089999999997 0.5222650796874999 0.22930546562499998 0.52060321875 0.23235910624999997 0.5214496125 0.23510781718749998 0.511447521875 0.2448785921875 0.5098004734375 0.24431839375000003 0.50677863125 0.24652346249999998 0.5226597390625 0.25105644531250004 0.5189139046875 0.2689383171875 0.5148191515625 0.27000643750000003 0.51069390625 0.267783071875 0.5065085453125 0.269495896875 0.505934409375 0.2700726484375 0.50749085 0.2712775515625 0.5072342734374999 0.2748574109375 0.502278315625 0.27679065468749997 0.4980472171875 0.2735662546875 0.49677827812500003 0.27733255625000003 0.49724699531249994 0.2810143484375 0.49505630156249997 0.28432238593750003 0.49615970468750004 0.2887508171875 0.49449784374999994 0.2918044578125 0.49233807656249995 0.303663559375 0.48984506874999995 0.305614228125 0.4853120890625 0.306292040625 0.48674786562500005 0.31010974375 0.48495025312499995 0.315883528125 0.48198880156249996 0.31765889999999997 0.480281203125 0.3157753125 0.47573297812500004 0.31480738124999996 0.4702481875 0.31699502343749997 0.45672461249999996 0.3167380078125 0.45341570156250005 0.31923145 0.4512398203125 0.31892565 0.449622828125 0.3163973578125 0.44007290781249997 0.31242544375 0.4393467453125 0.3018043515625 0.4379562734375 0.2976642953125 0.43582569531250004 0.297036140625 0.43139856875 0.2987149890625 0.42728857031249995 0.29813736562500004 0.42283138593749997 0.3017843078125 0.422136584375 0.304973859375 0.41857109843750007 0.31104716093749996 0.4164104625 0.312387103125 0.4163050421875 0.31664564687499996 0.41264895 0.32336365312500004 0.4041871859375 0.3221744296875 0.400500165625 0.3203413734375 0.39688894218750004 0.32147745 0.397478759375 0.3278060203125 0.398702828125 0.32962165312499997 0.3980080265625 0.332811203125 0.3928407953125 0.3380019546875 0.388368365625 0.34000315625 0.389487015625 0.3460773296875 0.39149649375 0.34405870312500003 0.3941207015625 0.3440987921875 0.39601466093750004 0.34699473125 0.3954557703125 0.3492172234375
9 0.7200986765625 0.374133453125 0.7208544625 0.3775268703125 0.717320609375 0.40091731093750005 0.7183183203125 0.4060977921875 0.7175782140625 0.4096096953125 0.7147075296875001 0.412493446875 0.7117005015625 0.41108467656250003 0.7104773 0.4197882046875 0.71980026875 0.420112303125 0.722716690625 0.422165778125 0.7283683187500001 0.4275621421875 0.7293663031250001 0.4362491171875 0.7413033796875 0.4372693234375 0.7441139484375 0.4383217640625 0.7464109296875 0.44127434218749995 0.749644478125 0.4410713484375 0.7587566078125 0.44991253125 0.7602076296875 0.4553759796875 0.7662208203125 0.447674359375 0.7691520546875 0.44611399843750005 0.7762538375 0.4464546484375 0.781633209375 0.4485255515625 0.789822715625 0.4463893109375 0.7972268140625001 0.4480873296875 0.805718634375 0.44730845781250006 0.8082421343749999 0.44864927187500003 0.8178068671875 0.4490073484375 0.8302422843749999 0.4464816734375 0.8335058906249999 0.44431058281249997 0.840804134375 0.445007565625 0.8419977125000001 0.4435317109375 0.8471322812500001 0.40875157812499996 0.8466788093750001 0.4067155265625 0.850309646875 0.3686012171875 0.855678140625 0.3304024 0.8555866640625001 0.320527946875 0.853954428125 0.3163539125 0.8509774562500001 0.312977046875 0.8431351328125001 0.31088872031250003 0.8397055578125 0.3159949640625 0.8387385 0.315859053125 0.8339785671875 0.3128890484375 0.8327693109375 0.30745957968750004 0.8283269390625 0.3074926859375 0.82610531875 0.3022496578125 0.8220863609375 0.30628690937499997 0.8194269500000001 0.3059131546875 0.8124911359375 0.3026373484375 0.8104812234375001 0.29939639375 0.8056006265625 0.2990391921875 0.8031071843750001 0.2957302828125 0.800130646875 0.297612996875 0.795733578125 0.2973237484375 0.7920622390625 0.3023960140625 0.7888739953125 0.3022766546875 0.7887528953125 0.2996298765625 0.787483521875 0.2981365984375 0.7924534249999999 0.28207035625 0.7920753140625 0.2777438578125 0.7910324609375 0.27463881562500003 0.78556248125 0.2732126203125 0.7813928 0.2818307671875 0.77856741875 0.284392165625 0.7806979968750001 0.28502031875 0.783463696875 0.29165468906249997 0.781771778125 0.296676425 0.780533765625 0.308993790625 0.775955915625 0.3152535328125 0.770365271875 0.3164401390625 0.7688319156250001 0.3203336390625 0.7656968156249999 0.3233445890625 0.7625085703125001 0.3232252296875 0.7581271828125 0.3298413046875 0.751584290625 0.3272781609375 0.743334234375 0.32809101093750004 0.739511303125 0.32722501406250004 0.7375314484375 0.3220159640625 0.731456840625 0.317875034375 0.732287553125 0.31371842499999997 0.7307311125 0.31251352187500003 0.7296882578125 0.309408478125 0.7255329546875 0.3091532078125 0.7237652406249999 0.3112058125 0.7217566296875 0.323743596875 0.72178755625 0.33229466093750004 0.719536746875 0.3395388875 0.720594846875 0.3442896734375 0.72008169375 0.35144939218750004 0.7179214921875 0.3580489140625 0.718088328125 0.3656329203125 0.7163815984374999 0.3742684921875 0.71697098125 0.37533748437500003 0.7200986765625 0.374133453125
9 1 0.4722283546875 0.9988128062499999 0.47148759374999993 0.9981628734375001 0.4690952140625 0.9953976093750001 0.4677204203125 0.9910009750000001 0.4726907515625 0.9865586046875 0.47272385781250004 0.985047465625 0.47119660156250004 0.9855911109375001 0.4673283671875 0.980845990625 0.4607445265625 0.9762981999999999 0.46503617343750003 0.9726416718750001 0.46649460156250006 0.9690753187500001 0.46204874531250006 0.97048016875 0.457315384375 0.96549371875 0.4559571453125 0.9600389843749999 0.4561766921875 0.9617012796875001 0.45838263125 0.96149000625 0.4616401375 0.9604475859375 0.46379467500000005 0.956322775 0.46683088906250003 0.9499759093750001 0.45936449843749994 0.950368396875 0.45481757968750003 0.942797896875 0.45079513593750004 0.9390355156249999 0.45125252656250003 0.9331726140625 0.4491136703125 0.9319938484374999 0.4469756875 0.9321598171875 0.4440405328125 0.9272491625000001 0.445651425 0.9258739359374999 0.44315710937499997 0.9203887109375 0.440085171875 0.9194512765624999 0.43272158593750004 0.9132560015625 0.43119345625000005 0.89849224375 0.41695590937500004 0.8989152234375 0.41570047656250003 0.8976005468749999 0.41452954999999997 0.8929464687499999 0.41256058125 0.8890185515625 0.42121270781250003 0.885860365625 0.419125253125 0.88462105 0.41566388125 0.8834727765625001 0.4168173796875 0.8810407515625001 0.42535101875 0.882476528125 0.4291687234375 0.88599714375 0.42867735468749996 0.8875688328125 0.43152799843749995 0.8856050906249999 0.438483853125 0.88185795625 0.44058698593749995 0.883127328125 0.4420802640625 0.8791841671875 0.449086646875 0.8838835484375 0.4507332609375 0.884291715625 0.453091665625 0.8832192390625 0.457214296875 0.8843679468750001 0.4613203765625 0.8840965578125 0.46851407343749996 0.8818914859375001 0.48069552812499994 0.8826925765625001 0.48376659218749996 0.8850496734375 0.48278298125 0.8864697687499999 0.47969536250000006 0.889325640625 0.48042545 0.8898244171874999 0.482139146875 0.891471465625 0.48269934687499993 0.8930126609375 0.48225850625 0.89405508125 0.4801039703125 0.934279490625 0.495618740625 0.9592113093749999 0.49715035937499996 0.9636689265625 0.49876299687500003 0.9651948765625 0.4966764140625 0.9660255890625 0.4925198046875 0.97303633125 0.48824558281249997 0.9739127828124999 0.4890261984375 0.9743065718749999 0.5002580203125 0.9755759453125 0.501751296875 0.980531903125 0.49981805156250003 0.9873309375 0.49354175624999996 0.989083840625 0.49510299062499996 0.9884495875000001 0.49961593125 0.9907918734375001 0.50224615625 0.9940254218750001 0.5020431640624999 1 0.49798321718749994 1 0.4722283546875
10 0.6363627562499999 0.2436972484375 0.6740026828125 0.251288234375 0.6776897015625 0.253121290625 0.6784302421875 0.2548689671875 0.68373381875 0.25397073593749997 0.6855015328125 0.25191813281250003 0.6837181390625 0.24706541406250002 0.684412940625 0.2438758640625 0.6830825843749999 0.23579961562500001 0.6813749859375 0.23391602812499998 0.6789878296875 0.2368677359375 0.6753008109375 0.23503467812499998 0.6763732890624999 0.23091204687500003 0.674952759375 0.22874008437499999 0.6632269546875 0.2244623703125 0.660673396875 0.2250896515625 0.6594340828125 0.221628278125 0.660340590625 0.22044080156249998 0.6575295890625 0.21412878124999998 0.6541901875 0.21333073906250002 0.6530419140625 0.214484240625 0.6417992046875 0.205014903125 0.640499775 0.20548971875 0.6385804687500001 0.201604059375 0.6330499390625 0.198854475 0.6291817046875 0.1983108296875 0.6262504703125 0.199871190625 0.6107627203125 0.20131044843749998 0.6055501859375 0.206823553125 0.5977989046875 0.20935009999999998 0.5786694375 0.2086339484375 0.5741212124999999 0.2076660171875 0.570706015625 0.20389884375 0.566490596875 0.20757976406249998 0.562108775 0.20893625781249997 0.559872778125 0.2125666484375 0.5572739171875 0.21351628125 0.5550976000000001 0.20795090156249998 0.5529369640625 0.20929084531250003 0.54993036875 0.21314165312500002 0.5536173890625 0.214974709375 0.558346828125 0.21465322968749997 0.5678213890625 0.220915590625 0.572978953125 0.22164043906250003 0.6174140703125001 0.23643210625000002 0.6249392671875 0.2407769015625 0.6308775296875 0.2406253109375 0.6339751671875 0.2413893765625 0.6363627562499999 0.2436972484375
10 0.8267543828124999 0.29412288124999997 0.83033555 0.2949549 0.8375436203125 0.3015561671875 0.8462319015625 0.3011336265625 0.8567941859375001 0.304919096875 0.8595289578124999 0.30300240624999997 0.8609338093750001 0.2982690453125 0.8620202296875 0.2800134171875 0.864089390625 0.268799021875 0.8661424375 0.245419725 0.8657037765625001 0.2397698359375 0.86710819375 0.22977689843750002 0.8642971906250001 0.22346487812500002 0.8596888500000001 0.22643313593749997 0.8517114843750001 0.235831028125 0.8461962 0.23472718593750003 0.83008944375 0.2423251265625 0.8261153562500001 0.24078044531249998 0.8165811140624999 0.243713853125 0.8141634671875 0.24337407500000002 0.810280421875 0.24644426875 0.8079991203124999 0.2503970109375 0.8071078578125 0.25323023125 0.8061120421875 0.2708411546875 0.8082273750000001 0.269823565625 0.8113698812499999 0.265005696875 0.8124732859374999 0.26943412968749997 0.81614549375 0.2748810234375 0.8168559765625 0.27859679375 0.8214799968750001 0.2825338578125 0.823883265625 0.29174705156249997 0.8267543828124999 0.29412288124999997
10 0.9161920640625001 0.3050489265625 0.9092261921875 0.30374121875000004 0.9082438875 0.3019595640625 0.9098905015625001 0.2972601828125 0.9181558046875 0.29809307500000004 0.9206340015625001 0.2997562421875 0.924925215625 0.2990444546875 0.9309845781250001 0.301539640625 0.9316798140625 0.30360966875 0.9337951468749999 0.3025920796875 0.9443421843750001 0.3047318109375 0.9476210359374999 0.3042064625 0.9517462812499999 0.3064298265625 0.9534233875 0.30502192968749997 0.9529546703125 0.3013401375 0.9544653734375 0.2976078140625 0.9533619703125 0.29317938125 0.9405471406249999 0.27559981875 0.9393984328125 0.271493740625 0.933807353125 0.26742076406250004 0.93342924375 0.2630942671875 0.9209480890625 0.2606827140625 0.9156588890625 0.252707528125 0.9083602109375001 0.24675096718749998 0.90358546875 0.2473948 0.903645584375 0.24345860937500002 0.899248515625 0.24316936249999999 0.8945042640624999 0.2471046796875 0.8927064921874999 0.25112537968750004 0.8907423171875 0.2528216515625 0.8873589140625 0.2681247015625 0.88598455625 0.2761495453125 0.8898553953125001 0.3082506671875 0.893814671875 0.3134091875 0.9030317859375 0.3127322484375 0.9070664234375 0.31560031875 0.9141381484375 0.3179090640625 0.9192905687499999 0.31633215 0.9208465765625 0.312277475 0.9202720046874999 0.30759464531249997 0.9161920640625001 0.3050489265625
10 0.9693057968750001 0.3253336515625 0.9668276 0.32367048593750003 0.967854775 0.31987020625 0.9692448125 0.3187506828125 0.9648930484375 0.31813908281250003 0.962747659375 0.3211247671875 0.947229415625 0.319272540625 0.9459901015625001 0.3158111671875 0.9427717984375 0.317659903125 0.9391453296875 0.31715023593749997 0.937770103125 0.314655921875 0.936531221875 0.316454128125 0.9319982421875 0.3171319375 0.9286893328125 0.31962537968750004 0.92822105 0.3212031671875 0.9292939609375 0.322340115625 0.943135096875 0.3256002390625 0.9479098406249999 0.32495640625 0.9592732140625 0.3318129421875 0.971210290625 0.3328331484375 0.973325621875 0.33181556093750003 0.9728721515625001 0.329779509375 0.9699104249999999 0.3280483875 0.9693057968750001 0.3253336515625
8 0.15811823125 0.31356056875 0.17977163125 0.3208771140625 0.19196571875 0.323577040625 0.1960151671875 0.3228312734375 0.22771683125000003 0.33057385156249997 0.23983512187499997 0.330304646875 0.25329858125000004 0.3344978515625 0.2633172203125 0.3421515578125 0.266928878125 0.3462750609375 0.26682345937499996 0.35053360625 0.273276178125 0.3590010328125 0.27788451875 0.35603277499999997 0.28482033125 0.3593085796875 0.287646146875 0.3620067609375 0.290109096875 0.3620241859375 0.293463309375 0.359208390625 0.2967121046875 0.3606511390625 0.2995218046875 0.35118442031249997 0.30213547812499997 0.3466209484375 0.3083129015625 0.3149458578125 0.3298321796875 0.1618282359375 0.3289252359375 0.157756134375 0.313588209375 0.1546144953125 0.308148721875 0.15647978437500001 0.29775284062499996 0.15501873906250002 0.29539574375 0.15600235 0.27868349062500003 0.150366396875 0.2710528734375 0.15028014375 0.25483852812499996 0.1358387296875 0.2384285875 0.13156014375 0.22605328593750001 0.130149628125 0.2219733453125 0.127603909375 0.21858863906249998 0.12712822031249998 0.20971914218749999 0.1288401734375 0.192583475 0.119200075 0.188473475 0.1186224515625 0.1794079515625 0.125237653125 0.1693592546875 0.1195520421875 0.16012689375 0.11858323906249998 0.1573010796875 0.11588505625000001 0.1524657859375 0.1152055 0.1393503796875 0.1173068890625 0.0727749234375 0.1138672765625 0.06724439374999999 0.1111176921875 0.059417315625 0.110675109375 0.049490153125000005 0.11289585625000001 0.025071435937499997 0.2866440609375 0.0385196484375 0.289191525 0.0409072375 0.2914993984375 0.068362990625 0.2996314109375 0.1261146875 0.3097202015625 0.133745303125 0.30980645625 0.15811823125 0.31356056875
8 0.3454117875 0.3579625546875 0.3487054515625 0.3538233703125 0.3544777453125 0.3566069328125 0.3555206 0.359711975 0.3616553234375 0.359916715625 0.366732815625 0.3658898296875 0.36836461875 0.364804284375 0.3678205390625 0.3634129390625 0.3699206265625 0.3607496078125 0.3914677390625 0.3618055375 0.3940365421875 0.362824 0.3944900140625 0.36486005 0.3991136 0.36353753437499997 0.4023323375 0.3669483765625 0.4066083046875 0.3645908453125 0.4076359140625 0.3660501453125 0.40801402343750004 0.37037664531250003 0.4111722109375 0.3724640984375 0.42658459843749996 0.3733152890625 0.42930456093749997 0.375012434375 0.43627043125 0.37632014375 0.4396250796875 0.37876392812500004 0.44029025781250003 0.3828020515625 0.442043159375 0.3843632859375 0.4785038859375 0.3845567078125 0.4880529390625 0.3780094625 0.4881884171875 0.37178282500000004 0.484183403125 0.361687078125 0.4862229390625 0.3577003578125 0.48168952656249997 0.35311858906250004 0.4819761609375 0.347570634375 0.48479326718750004 0.336296996875 0.487399534375 0.33354044374999997 0.49031595625 0.3355939203125 0.4906936328125 0.3346608390625 0.48854780781249996 0.33238694375 0.4896808359375 0.3295877015625 0.49421381562500005 0.3289098890625 0.49348808593750004 0.3235483765625 0.49607126875 0.315693421875 0.492474421875 0.3079560796875 0.4964933796875 0.3039188296875 0.494271759375 0.2986758015625 0.49969600156249994 0.2951647703125 0.50069311875 0.2933325859375 0.5011609671875 0.28649521875 0.504348778125 0.281355 0.5087306 0.2799985046875 0.519791225 0.28023809375000003 0.5382106421875 0.2824980546875 0.540884865625 0.2792579734375 0.5435290312500001 0.27798598750000003 0.549768740625 0.268672603125 0.5664657484375 0.2726628140625 0.5704698953125 0.2722394 0.5732046671875 0.27032270937499997 0.5771334515625 0.27218974218750003 0.5792936531249999 0.26559022187500003 0.5865313484375 0.2649638125 0.5900515296875 0.2592128640625 0.5955062640625 0.25899331718749996 0.5988299859375 0.2528860375 0.601927621875 0.25365010312499997 0.603121634375 0.25743382812500004 0.6061885625000001 0.25227661874999996 0.6115677171875 0.2517177296875 0.616040146875 0.2497165296875 0.6201501453125 0.250294153125 0.6174754890624999 0.2482746546875 0.6177926140625 0.246018184375 0.622657965625 0.2447296453125 0.6229297875 0.242795528125 0.6216151109375 0.241624603125 0.6162056812500001 0.2415217953125 0.6143917953125 0.2333775921875 0.5952923875 0.23069334531250002 0.5876312796875001 0.2273156078125 0.5702695265625 0.22454685468750002 0.5553093078125 0.209952975 0.5546593750000001 0.20756059375000002 0.5501869453125 0.20956179375 0.5475122875 0.20754229687499998 0.543644053125 0.20699865156250002 0.539715703125 0.210391196875 0.5351827250000001 0.21106900781250001 0.52735608125 0.215886003125 0.5233066328125 0.21663176874999998 0.5160989953125 0.2152900828125 0.5088917937499999 0.219207975 0.49707581718749994 0.220834546875 0.49041182499999997 0.21562462500000001 0.48862843125 0.21077190625000003 0.4834450859375 0.20379775625000002 0.47425759375 0.19724702031250002 0.46290946718750003 0.192036225 0.4513500671875 0.1900829390625 0.4407725375 0.184651725 0.437115575 0.180850571875 0.4327790578125 0.1818847140625 0.4214766671875 0.181611146875 0.4083608265625 0.17845295625 0.403555590625 0.1758053046875 0.39992868593750003 0.1700360578125 0.39952051875 0.167677653125 0.39627172499999996 0.16623490624999998 0.39518356718750003 0.1634522171875 0.3849545234375 0.169575175 0.377339153125 0.1711346640625 0.370040909375 0.1704376828125 0.363920996875 0.16661910625 0.3571062828125 0.16599008125 0.3542813375 0.1738110578125 0.35166853124999997 0.18889368906249998 0.33185555 0.3281161578125 0.3301191953125 0.3439794046875 0.3313436984375 0.351054615625 0.331435609375 0.3661886484375 0.3344273921875 0.3659516765625 0.33518274375 0.36408551562499997 0.3395493203125 0.361083278125 0.3438710265625 0.3636629734375 0.34510990625 0.3618647671875 0.3454117875 0.3579625546875
10 0.54429388125 0.5742701203125 0.5415451640625 0.5903198109375001 0.5453380375 0.5931539031249999 0.5475304671875 0.6108841843749999 0.544298221875 0.6268659171875 0.5448584140625 0.6404221640625 0.5523230609375 0.6434435703125 0.5560854421875 0.6429861796874999 0.5625521046874999 0.6373206109375 0.56886804375 0.6362359390625001 0.5769974359375001 0.638035890625 0.5841750140624999 0.641345671875 0.5883303171875001 0.6416009421875 0.5921680593749999 0.638853103125 0.5989527156250001 0.6414502234375 0.6039239203125 0.6411627203125 0.6143790484375 0.6281684171874999 0.6177023359375 0.6168015578125 0.6229449296875 0.6093203578125 0.6310120343750001 0.5887586015624999 0.633262409375 0.57625479375 0.6355890140625 0.5719797 0.635511915625 0.5532318296875001 0.6342726015625 0.5497704546875 0.6375963234375 0.5436631765625 0.641645771875 0.5429174078125001 0.6438673921875 0.5481604359375 0.648612078125 0.5494846984375 0.6532957796875001 0.544225990625 0.6652629140624999 0.5432781015625 0.6680869921875 0.5249379656250001 0.6667418234375 0.52047555625 0.669567203125 0.5179141578124999 0.673644540625 0.4889023984375 0.6766332859374999 0.45184836875 0.6750463515625 0.44735198125000003 0.6326769859375 0.440082475 0.623399321875 0.439436025 0.616992775 0.441165403125 0.613441665625 0.4383652859375 0.5881169265625 0.43612100781249996 0.576678190625 0.43155491875 0.569727565625 0.4318929515625 0.5639561390625001 0.43962854843750004 0.5618865453125 0.44558336406250004 0.5605871140625001 0.44605818125 0.5603605953125 0.44766994374999997 0.5624310578125 0.45223428906249996 0.56129803125 0.45503353124999996 0.5576114453125001 0.45846005468750006 0.5592889859375 0.46231173593749997 0.5576279937499999 0.475884534375 0.5544401828125001 0.48102475624999996 0.554410125 0.48299285156250005 0.556948871875 0.4859794078125 0.5565563828125 0.490526325 0.5512227484375 0.4933926515625 0.5496819875 0.49909307031249994 0.5470230109374999 0.50397889375 0.5433385953125 0.5337033156250001 0.5424181421875 0.549023790625 0.54536505625 0.55436875 0.550094496875 0.5540472703125 0.55301091875 0.5561007453125 0.5518931359375 0.56054573125 0.5530871484375 0.5643294578125 0.5524981999999999 0.5685200453125 0.5471493187500001 0.569740628125 0.54429388125 0.5742701203125
10 0.71335796875 0.537874784375 0.7157908609375 0.53986030625 0.716214275 0.5438644515625 0.718496009375 0.5451712890625 0.7144779203125 0.5597276984375 0.7114412671875 0.5655466015624999 0.7101727624999999 0.574572484375 0.7110344015625001 0.5789669375 0.7079829375 0.5883996796875001 0.7054006234375 0.60677379375 0.705296071875 0.621551496875 0.71230768125 0.6277964328125 0.7207541984375 0.6273399140625 0.7321480640625 0.637487934375 0.7372408015625 0.645106790625 0.7446300875 0.6504186468750001 0.7613414734374999 0.6455354390625 0.7680202765625 0.647131525 0.773157884375 0.649168446875 0.791442259375 0.6629146265625 0.7946758078125 0.66271163125 0.7990423828125001 0.65970939375 0.803967415625 0.6492250859375 0.81384840625 0.6368075328125 0.8290033515624999 0.6307194234375 0.8320247578125001 0.6232547765625001 0.8385620062499999 0.557443384375 0.8402365093749999 0.524478009375 0.8399333265625 0.5126014828125001 0.8426663624999999 0.4896464734375 0.8411700375000001 0.48450537968749996 0.8396589000000001 0.482978121875 0.8314994499999999 0.48314626718750003 0.816298334375 0.4790375703125 0.8046635734375001 0.4793747296875 0.798997565625 0.4828517828125 0.79059591875 0.4777263703125 0.784914665625 0.47955768125000003 0.779641146875 0.478487815625 0.7585013328125 0.46927113125000003 0.75523729375 0.46618264062500003 0.7181262 0.4583372578125 0.7138349859375 0.459049046875 0.712112575 0.460779296875 0.711176009375 0.46393486875 0.708003878125 0.47598041249999995 0.7095455078125 0.4807991546875 0.7115262312499999 0.4965273609375 0.709577303125 0.4998693765625 0.7095171875 0.5038055671875 0.7074475921875 0.5097603828125 0.7067536578125 0.5234690921875 0.7080988265625 0.527931503125 0.7118463968750001 0.5310879484375 0.71335796875 0.537874784375
10 0.49835414843750003 0.8800976296874999 0.496164321875 0.8939248265625 0.49611945312500005 0.8995067593750001 0.4993834921875 0.9025952484375 0.50296509375 0.9086868484374999 0.5021796828125 0.9125211046875 0.50962951875 0.9191563500000001 0.5136489109375 0.9203786781250001 0.5155529703124999 0.9226185953125 0.51680753125 0.9277257109375 0.513543925 0.9298968015625 0.5263726984375 0.9333433671875 0.5322353828125 0.9328524343750001 0.53555975625 0.9346345250000001 0.5386116546874999 0.9304613609375 0.5394118765625 0.9230132671875 0.5416478734375 0.9193828765625 0.5456973234375 0.9186371109374999 0.54982256875 0.9208604765624999 0.5529955671875 0.9193340921875001 0.5607934546875 0.93226393125 0.5655280390625 0.9342442125 0.57017740625 0.9391709968749999 0.5747103859375 0.9384931859375 0.5785328828125 0.9340996046875001 0.5807693140625 0.9357287937500001 0.5820086296875 0.93919016875 0.5842446265625 0.9355597781249999 0.5888076640625 0.9329138718750001 0.5923883953125 0.9284863109374999 0.5935667265625 0.9253647171875 0.596679175 0.9225149437500001 0.596875203125 0.9176116953125 0.5994736296875 0.91140248125 0.599186128125 0.9064312765625001 0.60119560625 0.9044126515625001 0.605229809375 0.9020211437500001 0.611303984375 0.90090249375 0.6152628265625 0.90080143125 0.6189045421875 0.9029568421875 0.6277888515625001 0.8976310515625 0.6312794109375 0.8991077765625001 0.6343151953125 0.8827697125 0.6381503328125 0.848464396875 0.638466590625 0.8356887671875001 0.6435401765625001 0.7943256640625 0.6393992515625 0.7851969765625 0.6248027640625 0.7838030140625001 0.6222039015624999 0.784752646875 0.54199250625 0.701161290625 0.5411461125 0.698412578125 0.53738373125 0.69886996875 0.5353441937500001 0.702856690625 0.532354146875 0.72413198125 0.5277924125 0.742556625 0.5281099734375 0.745559734375 0.5256322109375 0.749156146875 0.5175633687500001 0.7486795859375001 0.5166721062499999 0.7515128062499999 0.513289571875 0.7773350140625 0.5142117609375 0.7830528578125 0.51276160625 0.7881085703124999 0.513396728125 0.7941147890625 0.5039125656250001 0.854581221875 0.5025830765625 0.857024134375 0.5008763453125 0.86565970625 0.5003327015625 0.869527940625 0.501406046875 0.8759244671875 0.49835414843750003 0.8800976296874999
10 0.6686152859375001 0.8843030781250001 0.66751275 0.8903938046875 0.6658508890625 0.8934474437500001 0.665534196875 0.90096349375 0.668858353125 0.9001157953125001 0.6714271562499999 0.9011342546875 0.6732410421874999 0.9092784578125 0.6767769046875001 0.91043283125 0.6790882640625 0.9045119937500001 0.683605996875 0.902188440625 0.6855849843749999 0.8968783296874999 0.6873073953125 0.8951480796875 0.68738275625 0.8928576328125001 0.7055146718749999 0.8901463875 0.7071922125000001 0.8939980703125 0.711529165625 0.8982235078125 0.7106984515625 0.9023801171875 0.711635453125 0.9044841234375 0.717468296875 0.908591075 0.7146141609375001 0.9288993078125 0.723152153125 0.9383172421875001 0.7321579953125 0.9408978109374999 0.7440645796875 0.9386265328125001 0.7513027078125 0.9432597046875 0.7574674906250001 0.9414963484375001 0.7661257140625 0.9430419015625 0.7708399078125 0.9410746812499999 0.775297525 0.9426873171875 0.7772612671875 0.9357314640625001 0.7780009390625 0.9269599812499999 0.77786459375 0.9226674609375 0.77537115 0.9193585499999999 0.777455990625 0.9150494765625 0.77544564375 0.9065489437500001 0.775792828125 0.9023243781250001 0.7708952484375 0.8792831140624999 0.7635804562499999 0.8611616515625 0.75954581875 0.8582935796875001 0.757807728125 0.853118509375 0.7527302359375 0.8471453953125 0.7485893109374999 0.8380167078125 0.7455661671875 0.8244430375 0.7455352421875 0.8158919734375001 0.7366635734375 0.791306028125 0.7349551078125 0.7789032812500001 0.7300440187499999 0.7752545937499999 0.7278829484375 0.77133495625 0.7203124484375001 0.7673125125 0.7071521703125 0.7749958328125001 0.7040096640625 0.779813703125 0.6994919312500001 0.78213725625 0.6944458 0.789974784375 0.691000978125 0.7934352859375 0.68473034375 0.79419760625 0.6814815484375 0.7927548578125 0.677462590625 0.796792109375 0.67353380625 0.7949250734375 0.67017959375 0.7977408703125 0.6680050140625 0.8132138093749999 0.667402121875 0.8315373921875 0.6620558453125 0.8643154531249999 0.6619961640625001 0.8735112234375 0.6637190093750001 0.8770405531250001 0.6660460484375 0.8780250374999999 0.667707909375 0.8749713953124999 0.671289075 0.8758034171875 0.6705189109374999 0.881283415625 0.6686152859375001 0.8843030781250001
9 0.5440842390625 0.9634450343750001 0.547937228125 0.9623429375000001 0.5486015375 0.9558619015625001 0.550580525 0.9505517921875001 0.5482678640625 0.940693890625 0.543643409375 0.9314972484374999 0.537523496875 0.927678671875 0.5326128421874999 0.9292895640625 0.529212890625 0.92716813125 0.524876371875 0.9282022734375 0.521189353125 0.9263692171875 0.5179105015625 0.9268945640625 0.5032979 0.9133357 0.5030103968749999 0.9083644968750001 0.49696584687499995 0.9022554703125 0.47762423906249996 0.8942776671875 0.35508221562500003 0.9066403 0.3428127671875 0.9062308218749999 0.3213863203125 0.9025620921874999 0.3037226875 0.9036955484375 0.265327409375 0.8979707234375001 0.25432776874999996 0.904314103125 0.2507021671875 0.9143235953125 0.24778748125 0.9333084375 0.24763719218750002 0.9431489125000001 0.2611006515625 0.94734211875 0.2748812375 0.9492788546875 0.29172896875 0.9486881687500001 0.32788781562499997 0.9527838046875001 0.33704438125 0.950783475 0.34453908437499997 0.9518367874999999 0.3542850328125 0.9509054515625 0.5440842390625 0.9634450343750001
9 0 0.9324965375 0.0296129375 0.9384764765625 0.1190654296875 0.945788684375 0.1243994984375 0.9481819390625 0.1395548765625 0.947353409375 0.2142745359375 0.9489791359374999 0.21696400625 0.9473847953125001 0.21999979062500002 0.9310467328125 0.2202703109375 0.9133338765625 0.219272759375 0.90990648125 0.2082722515625 0.9057307 0.1957457921875 0.9036415015625 0.1573357015625 0.9015305140625 0.1550997046875 0.9051609046875001 0.1524555390625 0.9064328906249999 0.148950603125 0.9138295828125 0.14245344843750002 0.9162036656250001 0.131438128125 0.9156417234375 0.12190388593749998 0.9185751312500001 0.10023567343749999 0.9148724234375001 0.08976443125 0.915701825 0.0648326140625 0.91417020625 0 0.9197174703125001 0 0.9324965375
9 0.6675478453125 0.034083364062499996 0.6852119125 0.038209485937499996 0.6947914578125001 0.034953725000000005 0.705081484375 0.035413734375 0.8238057859374999 0.08530005625 0.8310591593750001 0.091578971875 0.836120971875 0.0906467625 0.8469393984375 0.0855927953125 0.85302881875 0.0861198875 0.8593904953125 0.0899724421875 0.8717357390625 0.093351053125 0.878550453125 0.093980078125 0.880302921875 0.0902817328125 0.8832171734375001 0.06603730937499999 0.8829296703124999 0.061066106249999995 0.8799073953125 0.05801159375 0.8557919125 0.06119678125 0.7975714984375 0.0474261984375 0.7596893734375 0.0345416546875 0.7494446499999999 0.0337592921875 0.7409976984375 0.02895623125 0.65251183125 0.016520353125 0.6522853125 0.018132118750000002 0.6543104703125 0.0230188140625 0.6609143468750001 0.0321649265625 0.66186659375 0.035914675 0.6655383671874999 0.0361019890625 0.6675478453125 0.034083364062499996
9 1 0.11431512343750001 0.9291237046875 0.09023992812500001 0.919316771875 0.08458829531249999 0.9071832359374999 0.08321175625 0.904554315625 0.0861294859375 0.9031651453125 0.09776816875 0.9043591578125 0.10155189375 0.9317848515625 0.11165200312500001 0.9416675796874999 0.12027276718749999 0.9744870234375 0.1235703609375 0.9837045734375 0.1281530015625 1 0.1333900921875 1 0.11431512343750001