10 0.84228515625 0.3063151046875 0.84228515625 0.3147786453125 0.8408203125 0.3193359375 0.841552734375 0.3411458328125 0.83984375 0.3460286453125 0.844482421875 0.3587239578125 0.84423828125 0.361328125 0.850341796875 0.38671875 0.850830078125 0.3896484375 0.849609375 0.392578125 0.8525390625 0.4114583328125 0.857666015625 0.4228515625 0.860107421875 0.4345703125 0.8603515625 0.4469401046875 0.862060546875 0.453125 0.86181640625 0.4593098953125 0.859619140625 0.4632161453125 0.864013671875 0.486328125 0.867431640625 0.4977213546875 0.868408203125 0.5061848953125 0.86767578125 0.509765625 0.870361328125 0.5201822921875 0.870361328125 0.525390625 0.8720703125 0.5296223953125 0.87158203125 0.533203125 0.874755859375 0.5442708328125 0.8740234375 0.5478515625 0.874755859375 0.556640625 0.885498046875 0.6331380203125 0.885009765625 0.634765625 0.88916015625 0.6383463546875 0.888671875 0.6429036453125 0.889404296875 0.6402994796875 0.89306640625 0.6412760421875 0.892822265625 0.6468098953125 0.89453125 0.6546223953125 0.896484375 0.6575520828125 0.900390625 0.6598307296875 0.904052734375 0.6598307296875 0.914306640625 0.6559244796875 0.936279296875 0.65625 0.953857421875 0.654296875 0.9560546875 0.650390625 0.958740234375 0.6507161453125 0.966796875 0.64453125 0.968994140625 0.638671875 0.968994140625 0.630859375 0.95947265625 0.5807291671875 0.955810546875 0.5732421875 0.95458984375 0.568359375 0.952880859375 0.548828125 0.949462890625 0.5330403640625 0.948974609375 0.5263671875 0.90234375 0.2809244796875 0.900146484375 0.2776692703125 0.895751953125 0.2750651046875 0.88916015625 0.2779947921875 0.88427734375 0.2776692703125 0.880859375 0.279296875 0.86083984375 0.2796223953125 0.84130859375 0.283203125 0.840087890625 0.2884114578125 0.837646484375 0.2903645828125 0.841796875 0.3011067703125 0.84228515625 0.3063151046875
10 0.70947265625 0.7203776046875 0.72021484375 0.7213541671875 0.728515625 0.7239583328125 0.76318359375 0.7272135421875 0.796142578125 0.7275390625 0.802978515625 0.7262369796875 0.813232421875 0.7220052078125 0.823486328125 0.7236328125 0.838134765625 0.720703125 0.841064453125 0.7190755203125 0.846923828125 0.7194010421875 0.85205078125 0.7213541671875 0.8583984375 0.7200520828125 0.862060546875 0.7171223953125 0.866455078125 0.6985677078125 0.876708984375 0.6888020828125 0.87255859375 0.6881510421875 0.86865234375 0.6897786453125 0.8662109375 0.6871744796875 0.862060546875 0.6861979171875 0.814697265625 0.6884765625 0.810546875 0.693359375 0.807373046875 0.6917317703125 0.77490234375 0.6930338546875 0.76318359375 0.697265625 0.760009765625 0.7014973953125 0.7587890625 0.701171875 0.75634765625 0.697265625 0.754150390625 0.697265625 0.748046875 0.69921875 0.744873046875 0.6979166671875 0.736083984375 0.6985677078125 0.7294921875 0.7027994796875 0.72412109375 0.7021484375 0.72119140625 0.7001953125 0.716552734375 0.7008463546875 0.713623046875 0.6995442703125 0.7021484375 0.69921875 0.666015625 0.7027994796875 0.66259765625 0.7047526046875 0.6640625 0.7086588546875 0.672607421875 0.7122395828125 0.70263671875 0.7174479171875 0.70947265625 0.7203776046875
8 0.1640625 0.7529296875 0.179443359375 0.7526041671875 0.2137858890625 0.7486979171875 0.220703125 0.75 0.228515625 0.7535807296875 0.24169921875 0.7548828125 0.248291015625 0.7532552078125 0.251708984375 0.755859375 0.2568359375 0.7561848953125 0.268310546875 0.7513020828125 0.2705078125 0.7555338546875 0.27001953125 0.759765625 0.282958984375 0.7610677078125 0.2939453125 0.7555338546875 0.3017578125 0.74609375 0.308349609375 0.7431640625 0.321044921875 0.744140625 0.33642578125 0.740234375 0.34423828125 0.736328125 0.50830078125 0.7164713546875 0.51025390625 0.7171223953125 0.511474609375 0.7164713546875 0.513916015625 0.7096354171875 0.51416015625 0.7005208328125 0.511962890625 0.6822916671875 0.510498046875 0.6796875 0.5087890625 0.6793619796875 0.5048828125 0.6845703125 0.501708984375 0.685546875 0.497802734375 0.6809895828125 0.48974609375 0.6783854171875 0.445068359375 0.6878255203125 0.4100168453125 0.6901041671875 0.403564453125 0.6901041671875 0.39990234375 0.6888020828125 0.39697265625 0.6904296875 0.389892578125 0.69140625 0.376708984375 0.69140625 0.373046875 0.6943359375 0.360595703125 0.6953125 0.35009765625 0.6995442703125 0.3359375 0.7024739578125 0.3291015625 0.7024739578125 0.325927734375 0.7044270828125 0.281005859375 0.7122395828125 0.22802734375 0.7154947921875 0.219970703125 0.7180989578125 0.185302734375 0.7236328125 0.17919921875 0.7233072921875 0.17333984375 0.724609375 0.169189453125 0.7278645828125 0.165771484375 0.7265625 0.1630859375 0.732421875 0.160888671875 0.7337239578125 0.158203125 0.732421875 0.15771484375 0.7340494796875 0.15771484375 0.7399088546875 0.15966796875 0.748046875 0.16162109375 0.751953125 0.1640625 0.7529296875
8 0.568603515625 0.7086588546875 0.571533203125 0.7067057296875 0.583984375 0.7073567703125 0.587158203125 0.708984375 0.591552734375 0.7080078125 0.6005859375 0.7093098953125 0.639404296875 0.7057291671875 0.643798828125 0.7083333328125 0.655029296875 0.7076822921875 0.657958984375 0.7093098953125 0.66748046875 0.7099609375 0.673583984375 0.7132161453125 0.689453125 0.7161458328125 0.705322265625 0.7164713546875 0.708740234375 0.7138671875 0.715576171875 0.7154947921875 0.7158203125 0.7190755203125 0.71484375 0.7203776046875 0.720458984375 0.7216796875 0.724365234375 0.720703125 0.725341796875 0.7180989578125 0.733154296875 0.71875 0.73583984375 0.72265625 0.735595703125 0.7242838546875 0.736572265625 0.724609375 0.7666015625 0.7265625 0.799560546875 0.7262369796875 0.804931640625 0.724609375 0.80615234375 0.7223307296875 0.8134765625 0.7210286453125 0.826904296875 0.7216796875 0.834716796875 0.720703125 0.84033203125 0.7180989578125 0.846923828125 0.7184244796875 0.8525390625 0.720703125 0.85693359375 0.7194010421875 0.86083984375 0.7164713546875 0.86279296875 0.708984375 0.864990234375 0.7076822921875 0.8662109375 0.6985677078125 0.86767578125 0.6953125 0.872802734375 0.6923828125 0.876220703125 0.6881510421875 0.88525390625 0.6832682296875 0.89111328125 0.6852213546875 0.8984375 0.6852213546875 0.911376953125 0.6806640625 0.927978515625 0.6822916671875 0.947265625 0.6748046875 0.97265625 0.671875 0.999755859375 0.6728515625 0.999755859375 0.6461588546875 0.994140625 0.6458333328125 0.990234375 0.6419270828125 0.973876953125 0.6416015625 0.97119140625 0.642578125 0.9697265625 0.6484375 0.96728515625 0.650390625 0.96826171875 0.6539713546875 0.9654541015625 0.6552734375 0.942138671875 0.6578776046875 0.93896484375 0.6595052078125 0.935546875 0.6575520828125 0.91650390625 0.6575520828125 0.9140625 0.6588541671875 0.8411254874999999 0.671875 0.829833984375 0.6725260421875 0.826904296875 0.673828125 0.826904296875 0.6756184890625 0.825154540625 0.6780598953125 0.81884765625 0.6780598953125 0.814208984375 0.6754557296875 0.79833984375 0.671875 0.78564453125 0.6725260421875 0.7822265625 0.6735026046875 0.78125 0.6751302078125 0.716552734375 0.6813151046875 0.712646484375 0.6822916671875 0.7080078125 0.685546875 0.700927734375 0.6829427078125 0.6962890625 0.6842447921875 0.663330078125 0.6868489578125 0.6162109375 0.6865234375 0.60302734375 0.6888020828125 0.5908203125 0.6936848953125 0.580322265625 0.6927083328125 0.57373046875 0.6897786453125 0.570068359375 0.6858723953125 0.552490234375 0.6865234375 0.548828125 0.6871744796875 0.5478515625 0.689453125 0.54736328125 0.7018229171875 0.54833984375 0.7086588546875 0.55224609375 0.7102864578125 0.568603515625 0.7086588546875
8 0.151123046875 0.7044270828125 0.15283203125 0.716796875 0.15625 0.728515625 0.162353515625 0.7294921875 0.167236328125 0.7249348953125 0.16943359375 0.7203776046875 0.169189453125 0.7161458328125 0.163818359375 0.6852213546875 0.156982421875 0.6604817703125 0.156494140625 0.6533203125 0.15087890625 0.6240234375 0.146484375 0.6123046875 0.141845703125 0.6194661453125 0.14013671875 0.6389973953125 0.139892578125 0.650390625 0.141357421875 0.6565755203125 0.14404296875 0.681640625 0.151123046875 0.7044270828125
9 0 0.05891927031250001 0.021240234375 0.05631510468749999 0.029541015625 0.052734375 0.033935546875 0.0491536453125 0.037353515625 0.0498046875 0.04248046875 0.0481770828125 0.04736328125 0.0445963546875 0.052001953125 0.0338541671875 0.06103515625 0.0302734375 0.077392578125 0.0211588546875 0.06884765625 0.0185546875 0.036376953125 0.0185546875 0.026611328125 0.0198567703125 0.02099609375 0.0188802078125 0.007080078125 0.0227864578125 0 0.0224609375 0 0.05891927031250001
9 0 0.69140625 0.005615234375 0.6907552078125 0.009521484375 0.6881510421875 0.016845703125 0.6858723953125 0.0263671875 0.6842447921875 0.0283203125 0.6829427078125 0.034423828125 0.6741536453125 0.03955078125 0.6702473953125 0.04248046875 0.6624348953125 0.04541015625 0.6481119796875 0.049072265625 0.6227213546875 0.031005859375 0.6243489578125 0.025390625 0.6263020828125 0.0205078125 0.6256510421875 0.007568359375 0.626953125 0 0.6285807296875 0 0.69140625
9 0.54052734375 0.310546875 0.548583984375 0.3098958328125 0.552001953125 0.3125 0.560791015625 0.3147786453125 0.56298828125 0.3219401046875 0.562744140625 0.3310546875 0.564208984375 0.3352864578125 0.612548828125 0.3359375 0.633544921875 0.3346354171875 0.640625 0.3330078125 0.6611328125 0.333984375 0.66650390625 0.3326822921875 0.693359375 0.3317057296875 0.703857421875 0.3291015625 0.73583984375 0.326171875 0.739990234375 0.3251953125 0.744140625 0.322265625 0.753173828125 0.3238932296875 0.763671875 0.3219401046875 0.81103515625 0.3190104171875 0.818359375 0.31640625 0.82177734375 0.3134765625 0.826416015625 0.3125 0.828857421875 0.3053385421875 0.834716796875 0.3024088546875 0.835205078125 0.2978515625 0.833984375 0.294921875 0.834228515625 0.2887369796875 0.835693359375 0.2835286453125 0.83740234375 0.2819010421875 0.84814453125 0.2815755203125 0.854248046875 0.2786458328125 0.864501953125 0.27734375 0.873046875 0.2779947921875 0.88037109375 0.275390625 0.888427734375 0.2766927078125 0.896484375 0.2734375 0.903564453125 0.2750651046875 0.907958984375 0.2779947921875 0.91259765625 0.2779947921875 0.916015625 0.2796223953125 0.920166015625 0.2796223953125 0.923583984375 0.2770182296875 0.939453125 0.2786458328125 0.9482421875 0.2734375 0.950927734375 0.2639973953125 0.951416015625 0.2587890625 0.955810546875 0.25390625 0.966064453125 0.2600911453125 0.96875 0.2711588546875 0.970458984375 0.2740885421875 0.982666015625 0.2734375 0.986328125 0.2776692703125 0.9931640625 0.2799479171875 0.994140625 0.2828776046875 0.999755859375 0.2809244796875 0.999755859375 0.2692057296875 0.998046875 0.2692057296875 0.99560546875 0.2659505203125 0.994140625 0.265625 0.99169921875 0.251953125 0.986328125 0.2513020828125 0.982666015625 0.24479166718749998 0.983154296875 0.23958333281250002 0.979736328125 0.23567708281250002 0.98291015625 0.23177083281250002 0.978271484375 0.22688802031250002 0.974609375 0.21744791718749998 0.971923828125 0.21451822968749998 0.974365234375 0.20865885468749998 0.970458984375 0.2041015625 0.970458984375 0.1647135421875 0.976318359375 0.1624348953125 0.9775390625 0.1575520828125 0.984130859375 0.1565755203125 0.98681640625 0.1539713546875 0.99072265625 0.154296875 0.989990234375 0.1468098953125 0.99072265625 0.1461588546875 0.96875 0.1432291671875 0.9453125 0.1487630203125 0.92529296875 0.1448567703125 0.9033203125 0.1455078125 0.89794921875 0.146484375 0.888916015625 0.150390625 0.88232421875 0.1549479171875 0.871337890625 0.1598307296875 0.86572265625 0.1598307296875 0.853515625 0.1559244796875 0.834228515625 0.1526692703125 0.812744140625 0.1536458328125 0.798828125 0.1575520828125 0.79443359375 0.1608072921875 0.786865234375 0.1617838546875 0.78369140625 0.1650390625 0.775634765625 0.1656901046875 0.771484375 0.1682942703125 0.760986328125 0.1695963546875 0.755859375 0.1689453125 0.751708984375 0.1653645828125 0.7431640625 0.1647135421875 0.735107421875 0.1604817703125 0.72705078125 0.1598307296875 0.7216796875 0.1611328125 0.712158203125 0.16015625 0.532958984375 0.1770833328125 0.53125 0.1861979171875 0.532470703125 0.2724609375 0.534912109375 0.3030598953125 0.53759765625 0.3095703125 0.54052734375 0.310546875
9 0.21826171875 0.333984375 0.22314453125 0.3375651046875 0.2255859375 0.3427734375 0.229736328125 0.3447265625 0.2333984375 0.3509114578125 0.23583984375 0.3525390625 0.23876953125 0.3522135421875 0.244140625 0.3587239578125 0.252197265625 0.3587239578125 0.259033203125 0.3668619796875 0.27587890625 0.3675130203125 0.302734375 0.3645833328125 0.31005859375 0.3623046875 0.311767578125 0.3606770828125 0.327392578125 0.3580729171875 0.35009765625 0.359375 0.357177734375 0.357421875 0.35791015625 0.3541666671875 0.359375 0.3528645828125 0.372802734375 0.3518880203125 0.3740234375 0.349609375 0.37451171875 0.3450520828125 0.3780109859375 0.3424479171875 0.381103515625 0.3421223953125 0.383544921875 0.3323567703125 0.38623046875 0.3304036453125 0.388671875 0.3304036453125 0.390869140625 0.33203125 0.396728515625 0.3388671875 0.397705078125 0.3414713546875 0.40380859375 0.3440755203125 0.415771484375 0.3421223953125 0.41943359375 0.3444010421875 0.435546875 0.3444010421875 0.43798828125 0.3427734375 0.444580078125 0.3430989578125 0.455810546875 0.3444010421875 0.458251953125 0.3453776046875 0.458740234375 0.3473307296875 0.45947265625 0.3453776046875 0.46875 0.3453776046875 0.4697265625 0.345703125 0.47021484375 0.3492838546875 0.474609375 0.3486328125 0.47705078125 0.3434244796875 0.48291015625 0.3427734375 0.485107421875 0.3229166671875 0.49658203125 0.3108723953125 0.501953125 0.310546875 0.505615234375 0.3056640625 0.505859375 0.3020833328125 0.50439453125 0.3001302078125 0.505615234375 0.2955729171875 0.5048828125 0.2900390625 0.506103515625 0.2864583328125 0.50439453125 0.2805989578125 0.5048828125 0.271484375 0.503662109375 0.2662760421875 0.501953125 0.2643229171875 0.492919921875 0.2626953125 0.466552734375 0.2679036453125 0.439208984375 0.2639973953125 0.415771484375 0.267578125 0.4111328125 0.2698567703125 0.4013671875 0.2711588546875 0.369140625 0.2701822921875 0.3671875 0.2750651046875 0.366943359375 0.2845052078125 0.365478515625 0.2900390625 0.357177734375 0.2897135421875 0.353515625 0.2923177078125 0.35205078125 0.2906901046875 0.351318359375 0.2874348953125 0.351318359375 0.2750651046875 0.349609375 0.2727864578125 0.34619140625 0.2740885421875 0.341796875 0.271484375 0.337646484375 0.271484375 0.333251953125 0.2737630203125 0.329833984375 0.2724609375 0.318115234375 0.2737630203125 0.3115234375 0.2776692703125 0.31005859375 0.2760416671875 0.3076171875 0.2789713546875 0.3076171875 0.2819010421875 0.299072265625 0.2884114578125 0.291015625 0.2884114578125 0.289306640625 0.287109375 0.289306640625 0.2825520828125 0.287109375 0.2809244796875 0.28515625 0.2822265625 0.267333984375 0.2828776046875 0.26513671875 0.28515625 0.257080078125 0.2861328125 0.24072265625 0.287109375 0.226318359375 0.287109375 0.224365234375 0.2861328125 0.218505859375 0.2913411453125 0.216552734375 0.3011067703125 0.212646484375 0.3043619796875 0.210693359375 0.3076171875 0.2099609375 0.310546875 0.212890625 0.3255208328125 0.216064453125 0.3271484375 0.21826171875 0.333984375
9 0 0.1311848953125 0.006591796875 0.1305338546875 0.009765625 0.1318359375 0.0185546875 0.126953125 0.032958984375 0.1259765625 0.043212890625 0.1214192703125 0.082946778125 0.1184895828125 0.094970703125 0.1149088546875 0.099853515625 0.1149088546875 0.103515625 0.1201171875 0.103271484375 0.1227213546875 0.09765625 0.134765625 0.111572265625 0.1357421875 0.123046875 0.1419270828125 0.126708984375 0.1370442703125 0.13232421875 0.13671875 0.134521484375 0.1380208328125 0.135009765625 0.1344401046875 0.138427734375 0.12890625 0.14013671875 0.115234375 0.142578125 0.1083984375 0.143798828125 0.1009114578125 0.146240234375 0.09602864531250001 0.148193359375 0.09537760468749999 0.14208984375 0.09407552031250001 0.13427734375 0.0966796875 0.079833984375 0.1012369796875 0.064453125 0.1051432296875 0.019775390625 0.1090494796875 0 0.1116536453125 0 0.1311848953125
9 0.14306640625 0 0.14306640625 0.0016276046874999998 0.146728515625 0.005859375 0.16357421875 0.0172526046875 0.169677734375 0.01953125 0.173828125 0.0188802078125 0.179443359375 0.0218098953125 0.181640625 0.0260416671875 0.189697265625 0.0266927078125 0.195556640625 0.0296223953125 0.208740234375 0.171875 0.20703125 0.1735026046875 0.207763671875 0.1767578125 0.207275390625 0.1858723953125 0.208740234375 0.1920572921875 0.20849609375 0.201171875 0.206787109375 0.20442708281250002 0.205322265625 0.21614583281250002 0.201416015625 0.22102864531250002 0.2001953125 0.22819010468749998 0.19970703125 0.24348958281250002 0.201171875 0.2594401046875 0.203125 0.2643229171875 0.205078125 0.2932942703125 0.208984375 0.3014322921875 0.21484375 0.2958984375 0.216552734375 0.2903645828125 0.2177734375 0.2711588546875 0.224609375 0.24348958281250002 0.225341796875 0.232421875 0.23046875 0.20540364531250002 0.2314453125 0.1912978515625 0.237548828125 0.166015625 0.238037109375 0.150390625 0.240234375 0.1419270828125 0.24365234375 0.1383463546875 0.2431640625 0.1344401046875 0.24462890625 0.1302083328125 0.2431640625 0.1253255203125 0.244384765625 0.1236979171875 0.248291015625 0.1266276046875 0.248046875 0.1217447921875 0.243896484375 0.1175130203125 0.242431640625 0.10546875 0.24365234375 0.08040364531250001 0.2421875 0.07389322968749999 0.241943359375 0.0634765625 0.242919921875 0.05989583281250001 0.241943359375 0.05729166718749999 0.24267578125 0.05208333281250001 0.24072265625 0.0335286453125 0.24072265625 0.0234375 0.242919921875 0.0061848953125 0.24267578125 0 0.14306640625 0
10 0.9935251468749999 0.03629296875 0.999755859375 0.017260090625 0.9534211421875 0.01860546875 0.9571857906250001 0.034562825000000005 0.9753554687499999 0.040618815625 0.9935251468749999 0.03629296875
8 0.68798828125 0.0345052078125 0.71728515625 0.033203125 0.723876953125 0.0305989578125 0.782958984375 0.0263671875 0.80908203125 0.0211588546875 0.847412109375 0.017578125 0.85595703125 0.013671875 0.85400390625 0.014322917187500001 0.851806640625 0.0126953125 0.849853515625 0.005859375 0.8486328125 0.0048828125 0.844970703125 0.0045572921875 0.841796875 0.005859375 0.817626953125 0.0052083328125 0.811767578125 0.007161457812499999 0.80615234375 0.0068359375 0.789794921875 0.009114582812499999 0.788330078125 0.013671875 0.77978515625 0.0234375 0.775390625 0.0218098953125 0.77001953125 0.0218098953125 0.760009765625 0.0250651046875 0.751708984375 0.0224609375 0.73974609375 0.0231119796875 0.736083984375 0.0211588546875 0.73291015625 0.0260416671875 0.72802734375 0.02734375 0.724609375 0.0244140625 0.71533203125 0.0234375 0.712158203125 0.0211588546875 0.7109375 0.0244140625 0.704345703125 0.0270182296875 0.697998046875 0.0205078125 0.69384765625 0.0221354171875 0.689208984375 0.0198567703125 0.68408203125 0.0231119796875 0.681640625 0.02734375 0.677001953125 0.0250651046875 0.67529296875 0.0283203125 0.673828125 0.0289713546875 0.67431640625 0.033203125 0.68798828125 0.0345052078125
8 0.961181640625 0 0.96044921875 0.0029296875 0.958740234375 0.0042317703125 0.943603515625 0.008138020312499999 0.939208984375 0.008463542187500001 0.934814453125 0.0055338546875 0.9228515625 0.008463542187500001 0.91064453125 0.0087890625 0.90087890625 0.011067707812499999 0.896240234375 0.010091145312499999 0.886474609375 0.013346354687500001 0.886474609375 0.0146484375 0.888427734375 0.015625 0.900390625 0.014973957812499999 0.91015625 0.0185546875 0.922607421875 0.017578125 0.930908203125 0.0146484375 0.936767578125 0.014322917187500001 0.9501953125 0.0205078125 0.955078125 0.0244140625 0.96435546875 0.0205078125 0.98291015625 0.0192057296875 0.986328125 0.0201822921875 0.989990234375 0.0185546875 0.999755859375 0.0182291671875 0.999755859375 0 0.961181640625 0
8 0.39111328125 0.08333333281250001 0.40380859375 0.08365885468749999 0.439208984375 0.0771484375 0.450927734375 0.07259114531250001 0.46044921875 0.07259114531250001 0.478759765625 0.068359375 0.481689453125 0.06608072968749999 0.4873046875 0.0576171875 0.49853515625 0.056640625 0.501220703125 0.05501302031250001 0.502685546875 0.0491536453125 0.501953125 0.041015625 0.5 0.0393880203125 0.489990234375 0.0400390625 0.4755859375 0.05240885468749999 0.47119140625 0.05436197968749999 0.466552734375 0.05305989531250001 0.458984375 0.05696614531250001 0.447998046875 0.060546875 0.439208984375 0.06022135468749999 0.435791015625 0.06217447968749999 0.431396484375 0.0625 0.427734375 0.06510416718749999 0.41552734375 0.06705729218749999 0.41015625 0.06640625 0.40234375 0.068359375 0.396240234375 0.06803385468749999 0.384033203125 0.07161458281250001 0.383544921875 0.072265625 0.38720703125 0.07584635468749999 0.389404296875 0.08203125 0.39111328125 0.08333333281250001