4 0.0781638515625 0.5764410515625 0.1490011234375 0.5046698640625 0.11313519062499999 0.4280665640625 0.0393016203125 0.46570839062499997 0.0781638515625 0.5764410515625
4 0.3645540140625 0.5032814015625 0.32481458124999996 0.5368610890625 0.3327061703125 0.6104323843749999 0.3720146171875 0.6235361140625 0.3802715234375 0.5602303703125 0.3645540140625 0.5032814015625
4 0.3159670125 0.8319010312499999 0.267112971875 0.6969497953125 0.25424990625 0.70761655625 0.24025098281249999 0.7520489578125 0.2514547296875 0.830087040625 0.27080388593750004 0.8692265953125 0.3159670125 0.8319010312499999
4 0.5471609875000001 0.7561280390625 0.669259 0.714346246875 0.6601247890625 0.6506104546875 0.5278688734375 0.6817634781249999 0.5471609875000001 0.7561280390625
4 0.443460375 0.532632071875 0.44100558124999995 0.48864813749999997 0.41332003906250003 0.4740592078125 0.4075188625 0.5348131671874999 0.443460375 0.532632071875
4 0.429729584375 0 0.32100125625000003 0.031177346875 0.35593460625 0.021499007812500002 0.45245450781249996 0.0574442 0.5303079625 0 0.429729584375 0
4 0.8172454359374999 0.7734751156249999 0.8616605765625 0.797302146875 0.9344821874999999 0.7926711609375 0.9554089234375001 0.74875343125 0.927505240625 0.64435764375 0.8818233859375001 0.5558930703125 0.8269801890625 0.5349228125 0.7821923515625 0.6724836046875 0.8172454359374999 0.7734751156249999
4 0.9592948046875 0.788211865625 0.937821028125 0.825568196875 0.961090590625 0.850041753125 0.9879505500000001 0.840985565625 0.98201718125 0.806124403125 0.9592948046875 0.788211865625
4 0.8829152921875 0.8182911359375 0.8360434734375 0.7965227640625 0.8076103187499999 0.7965505328125 0.7763047203125 0.8326109484374999 0.8054530578125 0.8811282578125 0.86240229375 0.874277853125 0.8829152921875 0.8182911359375
4 0.724110046875 0.710805584375 0.5431856578125001 0.7599763828125 0.6127693296875 0.9282544578125 0.6971864515624999 0.8932148328125 0.72278205 0.7734783734375 0.724110046875 0.710805584375
4 0.553116184375 0.911505290625 0.5253483250000001 0.857175265625 0.503907065625 0.8696895250000001 0.5258143937499999 0.9261047046875 0.553116184375 0.911505290625
4 0.4801611046875 0.8200277843749999 0.4677713078125 0.7166003328125 0.4385661640625 0.7033079640625 0.45647780468750004 0.7834852421875 0.4801611046875 0.8200277843749999
4 0.21320461875 1 0.20816412343750001 0.958959775 0.17510956875 0.9453455375 0.14030947968750002 1 0.21320461875 1
4 0.7803587578125 0.2926187421875 0.79849165 0.41051590156250006 0.8537844375000001 0.4014317 0.8241414671875 0.30159729999999996 0.78273491875 0.29180362656250003 0.7803587578125 0.2926187421875