9 0.37548828125 0.365234375 0.380615234375 0.3658854171875 0.384033203125 0.3610026046875 0.384033203125 0.359375 0.3857421875 0.3583984375 0.3984375 0.357421875 0.400146484375 0.361328125 0.40478515625 0.3583984375 0.40771484375 0.3639322921875 0.412353515625 0.3645833328125 0.431640625 0.3779296875 0.435546875 0.3837890625 0.43994140625 0.3844401046875 0.44189453125 0.388671875 0.445068359375 0.3883463546875 0.445068359375 0.3844401046875 0.4423828125 0.3776041671875 0.44384765625 0.3746744796875 0.447998046875 0.3759765625 0.45068359375 0.3776041671875 0.455078125 0.384765625 0.455810546875 0.3880208328125 0.459716796875 0.390625 0.460693359375 0.392578125 0.463134765625 0.3935546875 0.466552734375 0.3922526046875 0.470458984375 0.3981119796875 0.480712890625 0.3968098953125 0.4853515625 0.400390625 0.48681640625 0.4039713546875 0.490234375 0.404296875 0.491943359375 0.4016927078125 0.4952392578125 0.40087890625 0.501220703125 0.4059244796875 0.5068359375 0.4052734375 0.50927734375 0.40234375 0.51708984375 0.4059244796875 0.530517578125 0.4046223953125 0.533203125 0.4069010421875 0.54052734375 0.4072265625 0.5464680171875 0.4055989578125 0.557373046875 0.4069010421875 0.5679931640625 0.4049479171875 0.603271484375 0.4104817703125 0.607421875 0.4088541671875 0.614990234375 0.4111328125 0.619140625 0.4143880203125 0.623046875 0.4147135421875 0.626953125 0.4091796875 0.6328125 0.4078776046875 0.6318359375 0.4059244796875 0.634033203125 0.4007161453125 0.639404296875 0.3994140625 0.64990234375 0.4016927078125 0.654296875 0.400390625 0.65625 0.4013671875 0.657470703125 0.4049479171875 0.655517578125 0.408203125 0.657958984375 0.4124348953125 0.661865234375 0.412109375 0.6650390625 0.408203125 0.66455078125 0.400390625 0.66259765625 0.3958333328125 0.6640625 0.3899739578125 0.666015625 0.3873697921875 0.666748046875 0.380859375 0.666259765625 0.3056640625 0.665283203125 0.3030598953125 0.665771484375 0.2903645828125 0.662841796875 0.2711588546875 0.661865234375 0.2688802078125 0.656982421875 0.2652994796875 0.6552734375 0.2552083328125 0.653076171875 0.2535807296875 0.646240234375 0.2535807296875 0.642578125 0.25 0.637939453125 0.2526041671875 0.63623046875 0.248046875 0.631103515625 0.24641927031250002 0.630859375 0.234375 0.63330078125 0.23209635468749998 0.629150390625 0.23177083281250002 0.62548828125 0.23502604218749998 0.62060546875 0.232421875 0.6015625 0.23177083281250002 0.5986328125 0.23014322968749998 0.595458984375 0.2255859375 0.588134765625 0.228515625 0.5810546875 0.22623697968749998 0.576171875 0.22265625 0.57275390625 0.2236328125 0.569091796875 0.22298177031250002 0.554443359375 0.20670572968749998 0.548583984375 0.2060546875 0.545654296875 0.20735677031250002 0.544189453125 0.20279947968749998 0.5458984375 0.20084635468749998 0.540771484375 0.20052083281250002 0.536865234375 0.197265625 0.529296875 0.1975911453125 0.52587890625 0.20084635468749998 0.5283203125 0.20930989531250002 0.524169921875 0.21028645781250002 0.52197265625 0.2080078125 0.516845703125 0.20865885468749998 0.513427734375 0.20638020781250002 0.507080078125 0.20703125 0.50244140625 0.2099609375 0.493896484375 0.21158854218749998 0.48193359375 0.216796875 0.486328125 0.21940104218749998 0.4853515625 0.2236328125 0.484130859375 0.224609375 0.484375 0.22884114531250002 0.483154296875 0.23209635468749998 0.484375 0.23470052031250002 0.475830078125 0.24576822968749998 0.47412109375 0.24544270781250002 0.471435546875 0.248046875 0.48779296875 0.2503255203125 0.486572265625 0.2685546875 0.482666015625 0.2701822921875 0.478271484375 0.2685546875 0.474365234375 0.2708333328125 0.473876953125 0.271484375 0.4755859375 0.2724609375 0.475830078125 0.2760416671875 0.47119140625 0.2786458328125 0.466552734375 0.2760416671875 0.4658203125 0.2799479171875 0.466796875 0.2835286453125 0.465087890625 0.287109375 0.466796875 0.2913411453125 0.465576171875 0.2945963546875 0.465087890625 0.306640625 0.462890625 0.3089192703125 0.45849609375 0.3102213546875 0.46044921875 0.3138020828125 0.45947265625 0.31976985625 0.456787109375 0.3219401046875 0.454833984375 0.3203125 0.4501953125 0.3199869796875 0.445068359375 0.3229166671875 0.431640625 0.3245442703125 0.4287109375 0.3274739578125 0.426513671875 0.3274739578125 0.424560546875 0.3251953125 0.41455078125 0.3225911453125 0.412353515625 0.3121744796875 0.410400390625 0.3082682296875 0.408203125 0.3079427078125 0.404052734375 0.3102213546875 0.39990234375 0.3102213546875 0.39599609375 0.314453125 0.395751953125 0.3177083328125 0.39306640625 0.32421875 0.39111328125 0.3258463546875 0.3916015625 0.330078125 0.388916015625 0.3372395828125 0.38037109375 0.3372395828125 0.37646484375 0.3359375 0.373046875 0.3375651046875 0.37451171875 0.34375 0.3759765625 0.3453776046875 0.375732421875 0.3486328125 0.371337890625 0.3544921875 0.3671875 0.3570963546875 0.369140625 0.3629557296875 0.370849609375 0.3606770828125 0.3734538578125 0.3603515625 0.375732421875 0.3629557296875 0.37548828125 0.365234375
9 0.700439453125 0.3447265625 0.70166015625 0.3479817703125 0.701416015625 0.37163639375 0.703125 0.3766276046875 0.702880859375 0.3802083328125 0.700439453125 0.3834635421875 0.697265625 0.3824869796875 0.697265625 0.3912760421875 0.70654296875 0.3902994796875 0.709716796875 0.3919270828125 0.716064453125 0.396484375 0.71826171875 0.4049479171875 0.730224609375 0.404296875 0.733154296875 0.4049479171875 0.73583984375 0.4075520828125 0.739013671875 0.4069010421875 0.749267578125 0.4143880203125 0.75146484375 0.4195963546875 0.75634765625 0.4111328125 0.759033203125 0.4091796875 0.76611328125 0.4085286453125 0.771728515625 0.4098307296875 0.779541015625 0.4065755203125 0.787109375 0.4072265625 0.79541015625 0.4052734375 0.798095703125 0.40625 0.8076171875 0.4052734375 0.819580078125 0.4010416671875 0.822509765625 0.3984375 0.829833984375 0.3981119796875 0.830810546875 0.396484375 0.8310546875 0.361328125 0.830322265625 0.359375 0.82861328125 0.3211263015625 0.82861328125 0.2825520828125 0.8271484375 0.2727864578125 0.824951171875 0.2688802078125 0.821533203125 0.2659505203125 0.8134765625 0.2649739578125 0.810791015625 0.2705078125 0.809814453125 0.2705078125 0.8046875 0.2682291671875 0.802734375 0.2630208328125 0.79833984375 0.263671875 0.79541015625 0.2587890625 0.7919921875 0.2633463546875 0.789306640625 0.2633463546875 0.781982421875 0.2610677078125 0.779541015625 0.2581380203125 0.774658203125 0.2584635421875 0.771728515625 0.2555338546875 0.76904296875 0.2578125 0.7646484375 0.2581380203125 0.76171875 0.263671875 0.758544921875 0.2639973953125 0.758056640625 0.2613932296875 0.756591796875 0.2600911453125 0.75927734375 0.24348958281250002 0.75830078125 0.2392578125 0.7568359375 0.236328125 0.751220703125 0.23567708281250002 0.748291015625 0.24479166718749998 0.745849609375 0.24772135468749998 0.748046875 0.248046875 0.751708984375 0.2542317703125 0.750732421875 0.2594401046875 0.751220703125 0.2718098953125 0.74755859375 0.2786458328125 0.7421875 0.2805989578125 0.7412109375 0.28466796875 0.738525390625 0.2880859375 0.7353515625 0.2884114578125 0.73193359375 0.2955729171875 0.72509765625 0.2939453125 0.717041015625 0.2958984375 0.713134765625 0.2955729171875 0.71044921875 0.2906901046875 0.703857421875 0.2874348953125 0.7041015625 0.283203125 0.702392578125 0.2822265625 0.700927734375 0.279296875 0.69677734375 0.2796223953125 0.6953125 0.2819010421875 0.695068359375 0.2945963546875 0.6962890625 0.3030598953125 0.695068359375 0.310546875 0.69677734375 0.3151041671875 0.697265625 0.322265625 0.696044921875 0.3291015625 0.697265625 0.3365885421875 0.69677734375 0.3453776046875 0.697509765625 0.3463541671875 0.700439453125 0.3447265625
9 0.8740234375 0.4000651046875 0.87353515625 0.404296875 0.875244140625 0.408203125 0.8759765625 0.4153645828125 0.87548828125 0.427734375 0.876708984375 0.4306640625 0.87890625 0.4293619796875 0.8798828125 0.4261067703125 0.8828125 0.4264322921875 0.883544921875 0.4280598953125 0.88525390625 0.4283854171875 0.88671875 0.427734375 0.887451171875 0.4254557296875 0.929443359375 0.4352213546875 0.954345703125 0.4332682296875 0.958984375 0.4342447921875 0.960205078125 0.4319661453125 0.96044921875 0.427734375 0.966796875 0.4225260421875 0.9677734375 0.4231770828125 0.9697265625 0.4342447921875 0.97119140625 0.435546875 0.975830078125 0.4329427078125 0.981689453125 0.42578125 0.983642578125 0.4270833328125 0.983642578125 0.431640625 0.986328125 0.4339192703125 0.989501953125 0.4332682296875 0.99560546875 0.427734375 0.995849609375 0.42578125 0.998291015625 0.4231770828125 0.999755859375 0.4231770828125 0.999755859375 0.4052734375 0.995849609375 0.4049479171875 0.989990234375 0.40234375 0.989013671875 0.4000651046875 0.986083984375 0.3990885421875 0.982421875 0.4046223953125 0.97802734375 0.4052734375 0.976318359375 0.4039713546875 0.976318359375 0.4000651046875 0.970703125 0.3942057296875 0.966796875 0.3990885421875 0.96337890625 0.4010416671875 0.959228515625 0.3971354171875 0.9599609375 0.3922526046875 0.954833984375 0.3916015625 0.949462890625 0.392578125 0.951416015625 0.39453125 0.95166015625 0.3977864578125 0.950927734375 0.4000651046875 0.947265625 0.4036458328125 0.93994140625 0.3971354171875 0.939697265625 0.392578125 0.931640625 0.3896484375 0.927978515625 0.390625 0.921875 0.3893229171875 0.92041015625 0.3873697921875 0.920166015625 0.3844401046875 0.91552734375 0.38671875 0.913818359375 0.3844401046875 0.907958984375 0.3821614578125 0.906005859375 0.375 0.899658203125 0.3743489578125 0.883056640625 0.3623046875 0.88330078125 0.3610026046875 0.8818359375 0.3600260421875 0.876953125 0.3587239578125 0.874267578125 0.3678385421875 0.870849609375 0.3662109375 0.869140625 0.3629557296875 0.8681640625 0.3642578125 0.866943359375 0.373046875 0.868896484375 0.3766276046875 0.872314453125 0.3756510421875 0.874267578125 0.3782552078125 0.873291015625 0.3854166671875 0.869873046875 0.3880208328125 0.871337890625 0.3893229171875 0.868408203125 0.3968098953125 0.873291015625 0.3977864578125 0.8740234375 0.4000651046875
10 0.599365234375 0.22721354218749998 0.6376953125 0.2294921875 0.6416015625 0.23079427031250002 0.642578125 0.232421875 0.647705078125 0.23079427031250002 0.649169921875 0.228515625 0.646728515625 0.22395833281250002 0.64697265625 0.220703125 0.64453125 0.212890625 0.642578125 0.21126302031250002 0.640625 0.21451822968749998 0.63671875 0.21321614531250002 0.63720703125 0.208984375 0.635498046875 0.20703125 0.623291015625 0.20442708281250002 0.620849609375 0.20540364531250002 0.619140625 0.2021484375 0.619873046875 0.20084635468749998 0.6162109375 0.1949869796875 0.61279296875 0.1946614578125 0.61181640625 0.1959635421875 0.599365234375 0.1881510421875 0.59814453125 0.1888020828125 0.595703125 0.1852213546875 0.58984375 0.1832682296875 0.5859375 0.1832682296875 0.583251953125 0.1852213546875 0.568115234375 0.1888020828125 0.563720703125 0.1949869796875 0.556396484375 0.1985677078125 0.537353515625 0.20052083281250002 0.53271484375 0.2001953125 0.52880859375 0.1969401046875 0.525146484375 0.201171875 0.52099609375 0.203125 0.519287109375 0.20703125 0.516845703125 0.20833333281250002 0.513916015625 0.203125 0.511962890625 0.20475260468749998 0.509521484375 0.208984375 0.513427734375 0.21028645781250002 0.51806640625 0.20930989531250002 0.5283203125 0.21419270781250002 0.5335285640625 0.21419270781250002 0.57958984375 0.22265625 0.587646484375 0.22591145781250002 0.593505859375 0.22493489531250002 0.5966796875 0.22526041718749998 0.599365234375 0.22721354218749998
10 0.794921875 0.2506510421875 0.798583984375 0.2509765625 0.806640625 0.2565104171875 0.815185546875 0.2548828125 0.826171875 0.2571614578125 0.82861328125 0.2548828125 0.829345703125 0.25 0.827880859375 0.23177083281250002 0.828369140625 0.22037760468749998 0.8271484375 0.1969401046875 0.825927734375 0.19140625 0.825927734375 0.1813151046875 0.822265625 0.1754557296875 0.818115234375 0.1790364578125 0.8115234375 0.189453125 0.805908203125 0.1891276046875 0.791015625 0.1988932296875 0.786865234375 0.1979166671875 0.77783203125 0.2021484375 0.775390625 0.2021484375 0.77197265625 0.20572916718749998 0.770263671875 0.2099609375 0.769775390625 0.212890625 0.771240234375 0.23046875 0.773193359375 0.22916666718749998 0.775634765625 0.22395833281250002 0.77734375 0.22819010468749998 0.78173828125 0.23307291718749998 0.782958984375 0.23665364531250002 0.7880859375 0.23990885468749998 0.791748046875 0.24869791718749998 0.794921875 0.2506510421875
10 0.885009765625 0.2490234375 0.8779296875 0.24869791718749998 0.876708984375 0.2470703125 0.877685546875 0.2421875 0.885986328125 0.24186197968749998 0.888671875 0.2431640625 0.892822265625 0.24186197968749998 0.899169921875 0.24348958281250002 0.900146484375 0.24544270781250002 0.902099609375 0.244140625 0.912841796875 0.24479166718749998 0.916015625 0.24381510468749998 0.92041015625 0.24544270781250002 0.921875 0.24381510468749998 0.9208984375 0.240234375 0.921875 0.236328125 0.920166015625 0.23209635468749998 0.905029296875 0.21647135468749998 0.9033203125 0.21256510468749998 0.897216796875 0.20930989531250002 0.896240234375 0.205078125 0.883544921875 0.20442708281250002 0.877197265625 0.197265625 0.869140625 0.1923828125 0.864501953125 0.1936848953125 0.864013671875 0.1897786453125 0.859619140625 0.1901041671875 0.85546875 0.1946614578125 0.854248046875 0.1988932296875 0.8525390625 0.20084635468749998 0.851318359375 0.21647135468749998 0.85107421875 0.224609375 0.859375 0.255859375 0.864013671875 0.2604166671875 0.873046875 0.2584635421875 0.87744140625 0.2607421875 0.884765625 0.2620442703125 0.8896484375 0.259765625 0.890625 0.2555338546875 0.889404296875 0.2509765625 0.885009765625 0.2490234375
10 0.9404296875 0.26171875 0.937744140625 0.2604166671875 0.938232421875 0.2565104171875 0.939453125 0.2552083328125 0.93505859375 0.2552083328125 0.933349609375 0.2584635421875 0.917724609375 0.2587890625 0.916015625 0.2555338546875 0.9130859375 0.2578125 0.909423828125 0.2578125 0.90771484375 0.2555338546875 0.90673828125 0.2574869796875 0.90234375 0.2587890625 0.8994140625 0.26171875 0.899169921875 0.2633463546875 0.900390625 0.2643229171875 0.91455078125 0.265625 0.919189453125 0.2643229171875 0.931396484375 0.26953125 0.943359375 0.2688802078125 0.9453125 0.267578125 0.944580078125 0.265625 0.94140625 0.2643229171875 0.9404296875 0.26171875
8 0 0.3548177078125 0.013671875 0.35546875 0.016357421875 0.357421875 0.044677734375 0.3616536453125 0.103271484375 0.3636067703125 0.11083984375 0.3626302078125 0.135498046875 0.3629557296875 0.157958984375 0.3671875 0.17041015625 0.3681640625 0.17431640625 0.3668619796875 0.206787109375 0.3701171875 0.21875 0.3681640625 0.232666015625 0.3704427078125 0.24365234375 0.3766276046875 0.247802734375 0.3802083328125 0.248291015625 0.3844401046875 0.255859375 0.3919270828125 0.260009765625 0.3883463546875 0.267333984375 0.390625 0.2705078125 0.3929036453125 0.27294921875 0.392578125 0.27587890625 0.3893229171875 0.279296875 0.3902994796875 0.28076171875 0.3805338546875 0.28271484375 0.3756510421875 0.284423828125 0.3434244796875 0.284423828125 0.1888020828125 0.282958984375 0.1848958328125 0.267333984375 0.1839192703125 0.26220703125 0.1865234375 0.251708984375 0.1865234375 0.24951171875 0.1878255203125 0.232177734375 0.1845703125 0.224609375 0.185546875 0.20654296875 0.1735026046875 0.189697265625 0.1715494796875 0.17724609375 0.171875 0.1728515625 0.169921875 0.16943359375 0.169921875 0.160888671875 0.1728515625 0.142578125 0.1656901046875 0.138427734375 0.1656901046875 0.13037109375 0.1735026046875 0.11962890625 0.1692708328125 0.1103515625 0.1695963546875 0.107177734375 0.1673177078125 0.102294921875 0.1673177078125 0.089599609375 0.1712239578125 0.023193359375 0.1770833328125 0.017333984375 0.1751302078125 0.009521484375 0.17578125 0 0.1793619796875 0 0.3548177078125
8 0.3271484375 0.380859375 0.329833984375 0.3763020828125 0.3359375 0.3782552078125 0.33740234375 0.3811848953125 0.343505859375 0.3805338546875 0.349365234375 0.3857421875 0.350830078125 0.3844401046875 0.35009765625 0.3831380203125 0.351806640625 0.3802083328125 0.373291015625 0.3782552078125 0.3759765625 0.37890625 0.376708984375 0.380859375 0.381103515625 0.37890625 0.384765625 0.3818359375 0.388671875 0.37890625 0.389892578125 0.3802083328125 0.390869140625 0.3844401046875 0.394287109375 0.3860677078125 0.40966796875 0.384765625 0.41259765625 0.3860677078125 0.419677734375 0.3863932296875 0.42333984375 0.3883463546875 0.424560546875 0.3922526046875 0.426513671875 0.3935546875 0.462646484375 0.388671875 0.47119140625 0.380859375 0.470458984375 0.3746744796875 0.465087890625 0.365234375 0.466552734375 0.3610026046875 0.46142578125 0.3570963546875 0.4609375 0.3515625 0.462158203125 0.3400065109375 0.46435546875 0.3369140625 0.467529296875 0.3385416671875 0.4677734375 0.3375651046875 0.46533203125 0.3356119796875 0.466064453125 0.3326822921875 0.470458984375 0.3313802078125 0.468994140625 0.326171875 0.470458984375 0.3180338546875 0.4658203125 0.3108723953125 0.46923828125 0.3063151046875 0.46630859375 0.3014322921875 0.47119140625 0.2972005203125 0.471923828125 0.2952473953125 0.471435546875 0.2884114578125 0.473876953125 0.2828776046875 0.47802734375 0.2809244796875 0.489013671875 0.2796223953125 0.507568359375 0.279296875 0.509765625 0.2757161453125 0.51220703125 0.2740885421875 0.51708984375 0.2639973953125 0.5341796875 0.265625 0.5380859375 0.2646484375 0.54052734375 0.2623697921875 0.544677734375 0.263671875 0.5458984375 0.2568359375 0.552978515625 0.2552083328125 0.5556640625 0.2490234375 0.56103515625 0.248046875 0.5634765625 0.24153645781250002 0.566650390625 0.24186197968749998 0.568359375 0.24544270781250002 0.5706787109375 0.23990885468749998 0.575927734375 0.23860677031250002 0.580078125 0.23600260468749998 0.584228515625 0.23600260468749998 0.581298828125 0.234375 0.581298828125 0.23209635468749998 0.5859375 0.23014322968749998 0.5859375 0.22819010468749998 0.58447265625 0.22721354218749998 0.5791015625 0.22786458281250002 0.576171875 0.22005208281250002 0.556884765625 0.22005208281250002 0.548828125 0.2177734375 0.53125 0.21744791718749998 0.514404296875 0.205078125 0.513427734375 0.20279947968749998 0.50927734375 0.20540364531250002 0.50634765625 0.20377604218749998 0.50244140625 0.20377604218749998 0.4990234375 0.20768229218749998 0.49462890625 0.208984375 0.487548828125 0.21484375 0.483642578125 0.21614583281250002 0.476318359375 0.2158203125 0.4697265625 0.220703125 0.458251953125 0.22395833281250002 0.450927734375 0.2197265625 0.448486328125 0.21516927031250002 0.4423828125 0.208984375 0.432373046875 0.20377604218749998 0.42041015625 0.2001953125 0.40869140625 0.1998697921875 0.3974609375 0.1959635421875 0.393310546875 0.1927083328125 0.38916015625 0.1943359375 0.3779296875 0.1956380203125 0.364501953125 0.1943359375 0.359375 0.1923828125 0.35498046875 0.1871744796875 0.354248046875 0.1848958328125 0.350830078125 0.1839192703125 0.349365234375 0.1813151046875 0.340087890625 0.1888020828125 0.332763671875 0.19140625 0.325439453125 0.1917317703125 0.31884765625 0.1888020828125 0.31201171875 0.1891276046875 0.310302734375 0.197265625 0.309814453125 0.21256510468749998 0.3095703125 0.3531901046875 0.31005859375 0.369140625 0.312255859375 0.3759765625 0.314453125 0.3909505203125 0.3173828125 0.3902994796875 0.31787109375 0.3883463546875 0.32177734375 0.384765625 0.326416015625 0.38671875 0.327392578125 0.384765625 0.3271484375 0.380859375
10 0.55419921875 0.5673828125 0.5537109375 0.5836588546875 0.557861328125 0.5859375 0.5625 0.6031901046875 0.5615234375 0.6194661453125 0.56396484375 0.6328125 0.57177734375 0.634765625 0.575439453125 0.6337890625 0.5810546875 0.6272786453125 0.587158203125 0.6253255203125 0.595458984375 0.6259765625 0.60302734375 0.6282552078125 0.607177734375 0.6279296875 0.610595703125 0.6246744796875 0.61767578125 0.6263020828125 0.62255859375 0.6253255203125 0.631103515625 0.6110026046875 0.6328125 0.5992838546875 0.636962890625 0.5911458328125 0.64208984375 0.5696614578125 0.642578125 0.5569661453125 0.644287109375 0.5524088546875 0.6416015625 0.5338541671875 0.639892578125 0.5305989578125 0.642333984375 0.5240885421875 0.646240234375 0.5227864578125 0.649169921875 0.5276692703125 0.654052734375 0.5283203125 0.657958984375 0.5224609375 0.669677734375 0.5198567703125 0.669921875 0.5013020828125 0.66796875 0.4970703125 0.67041015625 0.494140625 0.67041015625 0.46484375 0.668212890625 0.427734375 0.666015625 0.4235026046875 0.623046875 0.4222005203125 0.61376953125 0.4228515625 0.607666015625 0.4254557296875 0.603759765625 0.4231770828125 0.578369140625 0.4244791671875 0.56640625 0.4215494796875 0.5595703125 0.4228515625 0.554931640625 0.4313151046875 0.5537109375 0.4375 0.552490234375 0.4381510421875 0.552490234375 0.4397786453125 0.55517578125 0.4440104171875 0.554443359375 0.4469401046875 0.55126953125 0.4508463546875 0.553466796875 0.4544270828125 0.5537109375 0.4680989578125 0.55126953125 0.4736328125 0.551513671875 0.4755859375 0.554443359375 0.4781901046875 0.5546875 0.4827473953125 0.5498046875 0.486328125 0.549072265625 0.4921875 0.547119140625 0.4973958328125 0.547607421875 0.52734375 0.548828125 0.5426432296875 0.552490234375 0.5475260421875 0.55712890625 0.5465494796875 0.560302734375 0.5481770828125 0.559814453125 0.552734375 0.5615234375 0.5563151046875 0.5615234375 0.560546875 0.556396484375 0.5625 0.55419921875 0.5673828125
10 0.716552734375 0.5078125 0.71923828125 0.5094401046875 0.72021484375 0.5133463546875 0.72265625 0.5143229171875 0.720703125 0.529296875 0.718505859375 0.5354817703125 0.718505859375 0.5445963546875 0.719970703125 0.548828125 0.71826171875 0.55859375 0.71826171875 0.5771484375 0.72021484375 0.591796875 0.72802734375 0.5970052078125 0.736328125 0.5953776046875 0.7490234375 0.6038411453125 0.755126953125 0.6106770828125 0.76318359375 0.6149088546875 0.779052734375 0.6077473953125 0.785888671875 0.6083984375 0.791259765625 0.6097005203125 0.811279296875 0.6207682296875 0.814453125 0.6201171875 0.818359375 0.6165364578125 0.82177734375 0.60546875 0.829833984375 0.591796875 0.843994140625 0.5836588546875 0.845947265625 0.5758463546875 0.84326171875 0.509765625 0.84033203125 0.4768880203125 0.83837890625 0.4651692703125 0.837890625 0.4420572921875 0.835693359375 0.4371744796875 0.833984375 0.4358723953125 0.825927734375 0.4371744796875 0.810302734375 0.4352213546875 0.798828125 0.4371744796875 0.793701171875 0.44140625 0.78466796875 0.4375 0.779296875 0.4401041671875 0.77392578125 0.4397786453125 0.751708984375 0.43359375 0.748046875 0.4309895828125 0.710205078125 0.4283854171875 0.7060546875 0.4296875 0.70458984375 0.431640625 0.7041015625 0.4348958328125 0.70263671875 0.447265625 0.704833984375 0.4518229171875 0.708984375 0.4671223953125 0.70751953125 0.470703125 0.7080078125 0.474609375 0.706787109375 0.4807942703125 0.7080078125 0.4944661453125 0.7099609375 0.4986979171875 0.714111328125 0.5013020828125 0.716552734375 0.5078125
10 0.55126953125 0.8766276046874999 0.551025390625 0.890625 0.5517578125 0.8961588546874999 0.555419921875 0.8987630203125001 0.559814453125 0.904296875 0.5595703125 0.908203125 0.56787109375 0.9137369796874999 0.572021484375 0.9143880203125001 0.57421875 0.9163411453125001 0.576171875 0.9212239578125001 0.5732421875 0.923828125 0.58642578125 0.9254557296874999 0.5921630859375 0.9241536453125001 0.595703125 0.9254557296874999 0.59814453125 0.9208984375 0.597900390625 0.9134114578125001 0.599609375 0.9095052078125001 0.603515625 0.908203125 0.60791015625 0.9098307296874999 0.61083984375 0.9078776046874999 0.620361328125 0.9195963546874999 0.6253254390625 0.9208984375 0.630615234375 0.9251302078125001 0.635009765625 0.923828125 0.63818359375 0.9189453125 0.640625 0.9202473953125001 0.642333984375 0.9235026046874999 0.64404296875 0.9195963546874999 0.648193359375 0.9163411453125001 0.651123046875 0.9114583328125001 0.65185546875 0.908203125 0.654541015625 0.9049479171874999 0.654052734375 0.9000651046874999 0.65576171875 0.8935546875 0.65478515625 0.888671875 0.656494140625 0.8863932296874999 0.66015625 0.8834635421874999 0.666015625 0.8815104171874999 0.669921875 0.880859375 0.673828125 0.8824869796874999 0.681884765625 0.8759765625 0.685546875 0.876953125 0.686279296875 0.8603515625 0.685302734375 0.8258463546874999 0.683837890625 0.8131510421874999 0.68310546875 0.771484375 0.677734375 0.7630208328125 0.6630859375 0.763671875 0.66064453125 0.7649739578125 0.569580078125 0.693359375 0.568359375 0.6907552078125 0.564697265625 0.6917317703125 0.563232421875 0.6959635421875 0.563232421875 0.7174479171875 0.561279296875 0.736328125 0.56201171875 0.7392578125 0.56005859375 0.7431640625 0.552001953125 0.7438151046875 0.551513671875 0.7467447921875 0.5517578125 0.7727864578125 0.553466796875 0.7783203125 0.552734375 0.7835286453125 0.55419921875 0.7893880203125 0.55322265625 0.8505859375 0.55224609375 0.8531901046874999 0.5517578125 0.8619791671874999 0.5517578125 0.8658854171874999 0.5537109375 0.8720703125 0.55126953125 0.8766276046874999
10 0.720458984375 0.8570963546874999 0.72021484375 0.86328125 0.718994140625 0.8665364578125001 0.7197265625 0.8740234375 0.722900390625 0.8727213546874999 0.7255859375 0.8733723953125001 0.728515625 0.8811848953125001 0.732177734375 0.8818359375 0.733642578125 0.8756510421874999 0.73779296875 0.8727213546874999 0.739013671875 0.8671875 0.740478515625 0.865234375 0.740234375 0.8629557296874999 0.7578125 0.8577473953125001 0.760009765625 0.861328125 0.764892578125 0.8649088546874999 0.7646484375 0.869140625 0.765869140625 0.87109375 0.772216796875 0.8743489578125001 0.772216796875 0.8948567703125001 0.781982421875 0.9029947921874999 0.791259765625 0.904296875 0.802734375 0.900390625 0.810546875 0.9039713546874999 0.81640625 0.9013671875 0.8251953125 0.9016927078125001 0.82958984375 0.8990885421874999 0.834228515625 0.9000651046874999 0.835205078125 0.8929036453125001 0.834716796875 0.8841145828125001 0.833984375 0.8798828125 0.8310546875 0.876953125 0.83251953125 0.8723958328125001 0.829345703125 0.8642578125 0.8291015625 0.8600260421874999 0.821044921875 0.837890625 0.811279296875 0.8209635421874999 0.806884765625 0.8186848953125001 0.804443359375 0.8138020828125001 0.798583984375 0.80859375 0.793212890625 0.8001302078125001 0.788330078125 0.787109375 0.787109375 0.7786458328125 0.77490234375 0.7555338546875 0.771484375 0.7434895828125 0.76611328125 0.7405598953125 0.763427734375 0.7369791671875 0.75537109375 0.7340494796875 0.743408203125 0.7434895828125 0.740966796875 0.7486979171875 0.73681640625 0.7516276046875 0.73291015625 0.7600911453125 0.72998046875 0.7639973953125 0.723876953125 0.765625 0.720458984375 0.7646484375 0.717041015625 0.7692057296875 0.712890625 0.7679036453125 0.7099609375 0.7711588546875 0.7099609375 0.7867838546875 0.7119140625 0.8050130203125001 0.711181640625 0.8382161453125001 0.71240234375 0.8473307296874999 0.714599609375 0.8505859375 0.717041015625 0.8512369796874999 0.71826171875 0.8479817703125001 0.721923828125 0.8483072921874999 0.721923828125 0.8538411453125001 0.720458984375 0.8570963546874999
9 0.608154296875 0.9527994796874999 0.61181640625 0.951171875 0.611572265625 0.9446614578125001 0.61279296875 0.9391276046874999 0.609130859375 0.9296875 0.603271484375 0.9212239578125001 0.5966796875 0.9182942703125001 0.592041015625 0.9205729171874999 0.58837890625 0.9189453125 0.584228515625 0.9205729171874999 0.580322265625 0.9192708328125001 0.5771484375 0.9202473953125001 0.560791015625 0.9088541671874999 0.559814453125 0.9039713546874999 0.552978515625 0.8987630203125001 0.53271484375 0.8935546875 0.4130859375 0.9228515625 0.40087890625 0.9241536453125001 0.379150390625 0.9235026046874999 0.36181640625 0.9270833328125001 0.322998046875 0.9267578125 0.31298828125 0.9345703125 0.310791015625 0.9449869796874999 0.310546875 0.9641927078125001 0.311767578125 0.9739583328125001 0.32568359375 0.9762369796874999 0.339599609375 0.9762369796874999 0.356201171875 0.9733072921874999 0.392578125 0.9723307296874999 0.4013671875 0.9690755203125001 0.408935546875 0.9690755203125001 0.41845703125 0.966796875 0.608154296875 0.9527994796874999
9 0.280517578125 0.9482421875 0.279052734375 0.9449869796874999 0.267578125 0.9423828125 0.2548828125 0.9420572921874999 0.216552734375 0.9453125 0.21484375 0.94921875 0.21240234375 0.9508463546874999 0.2099609375 0.9586588546874999 0.203857421875 0.9619140625 0.19287109375 0.962890625 0.183837890625 0.9671223953125001 0.161865234375 0.9664713546874999 0.151611328125 0.96875 0.126708984375 0.970703125 0.061279296875 0.9856770828125001 0.052490234375 0.986328125 0.045166015625 0.990234375 0.031982421875 0.9934895828125001 0.033203125 0.9977213546874999 0.046142578125 0.9967447921874999 0.09521484375 0.9996744796874999 0.184814453125 0.9944661453125001 0.1904296875 0.99609375 0.205322265625 0.9931640625 0.279541015625 0.984375 0.281982421875 0.982421875 0.28271484375 0.9658203125 0.280517578125 0.9482421875
9 0.583740234375 0 0.583740234375 0.0016276046874999998 0.58642578125 0.0061848953125 0.59423828125 0.014322917187500001 0.595703125 0.0179036453125 0.599365234375 0.017578125 0.60107421875 0.015299479687500001 0.619140625 0.0169270828125 0.628173828125 0.012369792187500001 0.638427734375 0.011393229687500001 0.762939453125 0.0442708328125 0.77099609375 0.0494791671875 0.77587890625 0.0478515625 0.785888671875 0.0413411453125 0.7919921875 0.041015625 0.798828125 0.0439453125 0.8115234375 0.0455729171875 0.818359375 0.0452473953125 0.819580078125 0.0413411453125 0.819091796875 0.0169270828125 0.818115234375 0.012044270312499999 0.814697265625 0.009440104687500001 0.791259765625 0.0159505203125 0.731689453125 0.010416667187500001 0.6923828125 0.0029296875 0.68212890625 0.0035807296875 0.673095703125 0 0.583740234375 0
9 0.999755859375 0.0810546875 0.999755859375 0.06184895781250001 0.98486328125 0.05924479218749999 0.98095703125 0.05598958281250001 0.867919921875 0.0345052078125 0.857421875 0.0302734375 0.84521484375 0.0305989578125 0.843017578125 0.0338541671875 0.84326171875 0.0455729171875 0.844970703125 0.0491536453125 0.87353515625 0.05533854218749999 0.884521484375 0.0625 0.91748046875 0.06119791718749999 0.92724609375 0.064453125 0.959228515625 0.06998697968749999 0.962646484375 0.07194010468749999 0.987548828125 0.07584635468749999 0.999755859375 0.0810546875