9 0.056884765625 0.078125 0.061767578125 0.08333333281250001 0.064453125 0.0947265625 0.0711262203125 0.10199641875000001 0.07470703125 0.111328125 0.079833984375 0.1145833328125 0.084228515625 0.1136067703125 0.08740234375 0.1149088546875 0.08984375 0.126953125 0.093017578125 0.1328125 0.107666015625 0.1477864578125 0.1171875 0.1516927078125 0.123291015625 0.15625 0.152587890625 0.1617838546875 0.158203125 0.1608072921875 0.165771484375 0.1546223953125 0.17333984375 0.1526692703125 0.177734375 0.1529947921875 0.200439453125 0.1624348953125 0.216796875 0.1673177078125 0.22021484375 0.1705729171875 0.22802734375 0.1731770828125 0.23583984375 0.1793619796875 0.243896484375 0.1813151046875 0.249755859375 0.1858723953125 0.255859375 0.1871744796875 0.265625 0.193359375 0.27001953125 0.1975911453125 0.26025390625 0.2786458328125 0.254150390625 0.2802734375 0.252685546875 0.2822265625 0.251220703125 0.2877604171875 0.248291015625 0.2906901046875 0.223876953125 0.2981770828125 0.214111328125 0.3063151046875 0.21142578125 0.310546875 0.211181640625 0.3151041671875 0.212646484375 0.3203125 0.218994140625 0.3287760421875 0.23193359375 0.3294270828125 0.236572265625 0.3362630203125 0.244140625 0.3408203125 0.248291015625 0.337890625 0.251953125 0.3277994796875 0.255615234375 0.3277994796875 0.259521484375 0.3258463546875 0.258544921875 0.322265625 0.255615234375 0.318359375 0.25634765625 0.3102213546875 0.2587890625 0.3082682296875 0.26806640625 0.3095703125 0.28466796875 0.3180338546875 0.294677734375 0.3190104171875 0.306396484375 0.3248697921875 0.310302734375 0.3251953125 0.319091796875 0.3369140625 0.3271484375 0.341796875 0.330810546875 0.3460286453125 0.337646484375 0.3486328125 0.345947265625 0.3479817703125 0.349609375 0.3499348953125 0.357666015625 0.3499348953125 0.365234375 0.3479817703125 0.372314453125 0.35546875 0.376220703125 0.361328125 0.39013671875 0.3704427078125 0.39453125 0.3772786453125 0.400390625 0.3831380203125 0.404541015625 0.3837890625 0.409423828125 0.3870442703125 0.41064453125 0.388671875 0.410400390625 0.3922526046875 0.411865234375 0.3938802078125 0.414794921875 0.392578125 0.419921875 0.3935546875 0.427734375 0.3919270828125 0.450927734375 0.3831380203125 0.458251953125 0.3854166671875 0.462890625 0.3883463546875 0.477294921875 0.3919270828125 0.480224609375 0.3961588546875 0.48193359375 0.408203125 0.490234375 0.412109375 0.493896484375 0.4166666671875 0.49951171875 0.4182942703125 0.50537109375 0.421875 0.51318359375 0.421875 0.516357421875 0.4192708328125 0.52001953125 0.4091796875 0.5234375 0.404296875 0.525146484375 0.3977864578125 0.529052734375 0.392578125 0.53076171875 0.3841145828125 0.532958984375 0.3805338546875 0.533935546875 0.3763020828125 0.548095703125 0.3785807296875 0.556640625 0.3785807296875 0.560302734375 0.3795572921875 0.564453125 0.3834635421875 0.5771484375 0.3834635421875 0.58349609375 0.3815104171875 0.602294921875 0.3834635421875 0.609130859375 0.3815104171875 0.613037109375 0.3818359375 0.62255859375 0.3860677078125 0.630615234375 0.392578125 0.63232421875 0.3968098953125 0.626708984375 0.408203125 0.6259765625 0.4124348953125 0.6240234375 0.4156901046875 0.6240234375 0.419921875 0.626708984375 0.4274088546875 0.630615234375 0.4319661453125 0.641845703125 0.4397786453125 0.652099609375 0.443359375 0.655517578125 0.443359375 0.6630859375 0.4371744796875 0.663818359375 0.4342447921875 0.6630859375 0.4295247390625 0.6650390625 0.4244791671875 0.666259765625 0.4241536453125 0.673583984375 0.4303385421875 0.677490234375 0.4313151046875 0.6796875 0.435546875 0.685302734375 0.4401041671875 0.689453125 0.4479166671875 0.693359375 0.4479166671875 0.699462890625 0.4518229171875 0.704833984375 0.4638671875 0.708984375 0.4694010421875 0.713623046875 0.4703776046875 0.721923828125 0.4671223953125 0.726318359375 0.4684244796875 0.7314453125 0.4820963546875 0.73388671875 0.4840494796875 0.743408203125 0.4869791671875 0.751708984375 0.4856770828125 0.764892578125 0.486328125 0.774169921875 0.4833984375 0.779296875 0.4847005203125 0.782958984375 0.490234375 0.78857421875 0.4915364578125 0.79052734375 0.494140625 0.795654296875 0.49609375 0.797119140625 0.498046875 0.810546875 0.5029296875 0.8134765625 0.505859375 0.818359375 0.5065104171875 0.82958984375 0.5159505203125 0.833984375 0.5159505203125 0.83642578125 0.5172526046875 0.837890625 0.51953125 0.84326171875 0.5221354171875 0.850341796875 0.5299479171875 0.861328125 0.5345052078125 0.864013671875 0.5345052078125 0.868408203125 0.537109375 0.875 0.5374348953125 0.885009765625 0.54296875 0.888427734375 0.54296875 0.89306640625 0.5465494796875 0.8991088875000001 0.546875 0.905029296875 0.55078125 0.907958984375 0.5546875 0.915771484375 0.5608723953125 0.92578125 0.5615234375 0.93603515625 0.5654296875 0.939208984375 0.5716145828125 0.942138671875 0.5719401046875 0.947021484375 0.5764973953125 0.950927734375 0.5768229171875 0.954345703125 0.5791015625 0.954833984375 0.583984375 0.957275390625 0.583984375 0.96435546875 0.5914713546875 0.974365234375 0.5979817703125 0.978271484375 0.6070963546875 0.986083984375 0.6083984375 0.990478515625 0.607421875 0.999755859375 0.6100260421875 0.999755859375 0.5787760421875 0.994140625 0.5804036453125 0.99169921875 0.5774739578125 0.973876953125 0.5690104171875 0.967041015625 0.5634765625 0.95751953125 0.5618489578125 0.954833984375 0.5589192703125 0.955810546875 0.5569661453125 0.955322265625 0.5559895828125 0.94921875 0.5546875 0.947265625 0.5530598953125 0.944091796875 0.5537109375 0.94140625 0.5511067703125 0.940673828125 0.5485026046875 0.9228515625 0.5458984375 0.921875 0.5442708328125 0.923095703125 0.541015625 0.921142578125 0.5397135421875 0.923583984375 0.5299479171875 0.93505859375 0.5305989578125 0.935546875 0.5283203125 0.93408203125 0.5260416671875 0.870361328125 0.4899088546875 0.8681640625 0.4895833328125 0.864990234375 0.4876302078125 0.865234375 0.486328125 0.859375 0.4860026046875 0.857177734375 0.4833984375 0.853759765625 0.4850260421875 0.85205078125 0.4918619796875 0.85009765625 0.4928385421875 0.845703125 0.4899088546875 0.841064453125 0.4899088546875 0.834716796875 0.4853515625 0.82470703125 0.48046875 0.822021484375 0.4752604171875 0.81396484375 0.4733072921875 0.806640625 0.4674479171875 0.793212890625 0.4638671875 0.792236328125 0.4632161453125 0.791015625 0.4583333328125 0.788330078125 0.4593098953125 0.78369140625 0.4567057296875 0.777099609375 0.4563802078125 0.767333984375 0.4498697921875 0.760009765625 0.447265625 0.752685546875 0.4423828125 0.74609375 0.4404296875 0.744873046875 0.4391276046875 0.745849609375 0.4352213546875 0.739990234375 0.4348958328125 0.735595703125 0.4326171875 0.69091796875 0.3961588546875 0.68603515625 0.3961588546875 0.67724609375 0.388671875 0.671630859375 0.3870442703125 0.669921875 0.3841145828125 0.667724609375 0.3844401046875 0.248046875 0.1624348953125 0.23828125 0.1608072921875 0.232421875 0.1549479171875 0.2265625 0.1526692703125 0.224853515625 0.1494140625 0.220458984375 0.1461588546875 0.21630859375 0.1474609375 0.209228515625 0.1442057296875 0.208984375 0.142578125 0.203125 0.1412760421875 0.2001953125 0.1376953125 0.195068359375 0.1357421875 0.158447265625 0.1136067703125 0.154052734375 0.11328125 0.149169921875 0.1110026046875 0.134765625 0.0986328125 0.126953125 0.095703125 0.12353515625 0.09212239531250001 0.11865234375 0.0908203125 0.1142578125 0.08626302031250001 0.104736328125 0.07975260468749999 0.100341796875 0.0791015625 0.0849609375 0.07259114531250001 0.07421875 0.06575520781250001 0.067138671875 0.06412760468749999 0.060302734375 0.06022135468749999 0.051513671875 0.0615234375 0.044921875 0.05924479218749999 0.041015625 0.06315104218749999 0.040771484375 0.064453125 0.04443359375 0.06705729218749999 0.04833984375 0.07291666718749999 0.056884765625 0.078125
9 0 0.4192708328125 0.005615234375 0.4222005203125 0.01123046875 0.4231770828125 0.0205078125 0.4290364578125 0.0263671875 0.4296875 0.0380859375 0.4348958328125 0.041015625 0.439453125 0.052734375 0.4427083328125 0.067626953125 0.4498697921875 0.074951171875 0.455078125 0.08740234375 0.4606119796875 0.10009765625 0.4703776046875 0.129638671875 0.486328125 0.146484375 0.4931640625 0.157958984375 0.49609375 0.163818359375 0.5016276046875 0.169189453125 0.5035807296875 0.17333984375 0.5074869796875 0.1845703125 0.5120442703125 0.192626953125 0.5172526046875 0.21337890625 0.5247395828125 0.218505859375 0.5286458328125 0.2197265625 0.5325520828125 0.2197265625 0.5374348953125 0.222900390625 0.5413411453125 0.227294921875 0.5413411453125 0.255859375 0.5550130203125 0.263671875 0.5546875 0.267333984375 0.5572916671875 0.278564453125 0.5598958328125 0.28466796875 0.5592447921875 0.291015625 0.560546875 0.2958984375 0.5572916671875 0.29736328125 0.5485026046875 0.295654296875 0.5289713546875 0.29345703125 0.513671875 0.290771484375 0.5055338546875 0.29052734375 0.501953125 0.28857421875 0.498046875 0.288818359375 0.4860026046875 0.283935546875 0.4765625 0.2763671875 0.470703125 0.281005859375 0.466796875 0.279052734375 0.4625651046875 0.275146484375 0.4596354171875 0.2626953125 0.4602864578125 0.2578125 0.4547526046875 0.250244140625 0.4495442703125 0.24853515625 0.4462890625 0.244140625 0.4427083328125 0.235107421875 0.4381510421875 0.232177734375 0.4352213546875 0.227294921875 0.4342447921875 0.224365234375 0.4313151046875 0.205078125 0.419921875 0.197265625 0.4189453125 0.189208984375 0.4124348953125 0.185302734375 0.4127604171875 0.173583984375 0.4088541671875 0.157958984375 0.4085286453125 0.152587890625 0.4033203125 0.13671875 0.3929036453125 0.1328125 0.3889973953125 0.118896484375 0.380859375 0.107177734375 0.3779296875 0.098876953125 0.3727213546875 0.09228515625 0.3645833328125 0.085693359375 0.3597005203125 0.07177734375 0.3522135421875 0.056396484375 0.3460286453125 0.054931640625 0.3440755203125 0.0478515625 0.3401692703125 0.040771484375 0.3382161453125 0.015625 0.326171875 0.012939453125 0.3235677078125 0.013671875 0.3196614578125 0.017578125 0.318359375 0.019775390625 0.3138020828125 0.029052734375 0.310546875 0.030517578125 0.3069661453125 0.034912109375 0.3024088546875 0.03271484375 0.2976888015625 0.032958984375 0.2939453125 0.029296875 0.2822265625 0.02490234375 0.2815755203125 0.020751953125 0.2828776046875 0.016845703125 0.2809244796875 0.013427734375 0.2845052078125 0.01220703125 0.2835286453125 0.012939453125 0.2789713546875 0.010986328125 0.2760416671875 0.005615234375 0.2718098953125 0.002197265625 0.2708333328125 0 0.2708333328125 0 0.4192708328125
9 0.327880859375 0.5517578125 0.329833984375 0.5729166671875 0.334716796875 0.5872395828125 0.341552734375 0.5940755203125 0.35595703125 0.5983072921875 0.3720703125 0.6064453125 0.37744140625 0.6119791671875 0.383544921875 0.6139322921875 0.4462890625 0.6490885421875 0.461669921875 0.6533203125 0.46484375 0.6588541671875 0.472900390625 0.6611328125 0.47802734375 0.6647135421875 0.490234375 0.6669921875 0.49462890625 0.6689453125 0.501953125 0.6780598953125 0.50634765625 0.6764322921875 0.510009765625 0.6793619796875 0.513427734375 0.6774088546875 0.51904296875 0.6770833328125 0.529296875 0.6813151046875 0.532470703125 0.669921875 0.532470703125 0.6608072921875 0.531005859375 0.6455078125 0.528076171875 0.6341145828125 0.518310546875 0.6048177078125 0.515869140625 0.5999348953125 0.512939453125 0.5970052078125 0.511962890625 0.591796875 0.50244140625 0.5826822921875 0.497802734375 0.5794270828125 0.490478515625 0.5771484375 0.47900390625 0.5706380203125 0.467529296875 0.5660807296875 0.461669921875 0.5618489578125 0.455322265625 0.5592447921875 0.447021484375 0.552734375 0.438232421875 0.5498046875 0.4228515625 0.5413411453125 0.4217529296875 0.5398763015625 0.42138671875 0.5341796875 0.42236328125 0.5328776046875 0.427978515625 0.5322265625 0.431640625 0.5335286453125 0.4345703125 0.5302734375 0.4345703125 0.525390625 0.431396484375 0.5208333328125 0.419921875 0.5169270828125 0.40673828125 0.5146484375 0.395751953125 0.5162760421875 0.383056640625 0.5221354171875 0.338134765625 0.4977213546875 0.33154296875 0.4954427078125 0.318115234375 0.4876302078125 0.314208984375 0.4873046875 0.314697265625 0.4977213546875 0.317138671875 0.5037434890625 0.3173828125 0.5139973953125 0.327880859375 0.5517578125
9 0.53173828125 0.5934244796875 0.5341796875 0.6061197921875 0.5322265625 0.6119791671875 0.533203125 0.619140625 0.535400390625 0.6243489578125 0.53564453125 0.642578125 0.537353515625 0.6458333328125 0.534423828125 0.6546223953125 0.533447265625 0.6617838546875 0.53515625 0.6653645828125 0.53466796875 0.673828125 0.5361328125 0.6774088546875 0.5361328125 0.6858723953125 0.537109375 0.6897786453125 0.53662109375 0.6946614578125 0.538330078125 0.7008463546875 0.538330078125 0.7171223953125 0.5361328125 0.7210286453125 0.535888671875 0.7242838546875 0.537841796875 0.740234375 0.540771484375 0.7486979171875 0.54443359375 0.7529296875 0.54736328125 0.7662760421875 0.560302734375 0.7942708328125 0.559326171875 0.798828125 0.561279296875 0.8024088546874999 0.561279296875 0.8053385421874999 0.56298828125 0.8059895828125001 0.565185546875 0.8125 0.564453125 0.814453125 0.568603515625 0.8196614578125001 0.570068359375 0.830078125 0.572509765625 0.833984375 0.57373046875 0.8411458328125001 0.57275390625 0.8440755203125001 0.57080078125 0.845703125 0.5703125 0.8492838546874999 0.56787109375 0.853515625 0.571044921875 0.8561197921874999 0.572509765625 0.861328125 0.574462890625 0.8756510421874999 0.5732421875 0.876953125 0.578125 0.8955078125 0.579833984375 0.9065755203125001 0.583984375 0.9088541671874999 0.583251953125 0.912109375 0.584228515625 0.9156901046874999 0.587158203125 0.9192708328125001 0.589111328125 0.9283854171874999 0.58837890625 0.9313151046874999 0.593994140625 0.9690755203125001 0.595947265625 0.9742838546874999 0.60009765625 0.9775390625 0.603515625 0.9860026046874999 0.6129150390625 0.9908854171874999 0.62060546875 0.9996744796874999 0.701904296875 0.9996744796874999 0.703125 0.9944661453125001 0.703125 0.9820963546874999 0.697021484375 0.9710286453125001 0.6875 0.931640625 0.681396484375 0.919921875 0.614990234375 0.6959635421875 0.61474609375 0.67578125 0.6015625 0.6500651046875 0.599365234375 0.6432291671875 0.592529296875 0.6321614578125 0.587646484375 0.6136067703125 0.585205078125 0.609375 0.584228515625 0.603515625 0.587890625 0.59765625 0.591552734375 0.5963541671875 0.5927734375 0.5826822921875 0.59228515625 0.578125 0.58984375 0.5729166671875 0.583251953125 0.5651041671875 0.575439453125 0.5618489578125 0.564697265625 0.5491536453125 0.558349609375 0.5384114578125 0.5498046875 0.5172526046875 0.5458984375 0.5126953125 0.544677734375 0.5094401046875 0.540771484375 0.5094401046875 0.5361328125 0.5143229171875 0.532470703125 0.5149739578125 0.53076171875 0.5198567703125 0.53076171875 0.529296875 0.529541015625 0.5348307296875 0.530517578125 0.5716145828125 0.53173828125 0.5934244796875
9 0.091064453125 0.755859375 0.099365234375 0.76171875 0.1044921875 0.7639973953125 0.119140625 0.7659505203125 0.124755859375 0.7698567703125 0.1494140625 0.8108723953125001 0.14990234375 0.8138020828125001 0.158447265625 0.822265625 0.164306640625 0.826171875 0.193115234375 0.8343098953125001 0.197998046875 0.8372395828125001 0.204345703125 0.8434244796874999 0.218994140625 0.849609375 0.236572265625 0.853515625 0.26220703125 0.8564453125 0.322021484375 0.8811848953125001 0.327392578125 0.884765625 0.3427734375 0.8902994796874999 0.353271484375 0.8961588546874999 0.35400390625 0.89453125 0.3544921875 0.8883463546874999 0.345703125 0.8382161453125001 0.344482421875 0.8343098953125001 0.341796875 0.8317057296874999 0.33349609375 0.8297526046874999 0.321044921875 0.8248697921874999 0.318359375 0.8219401046874999 0.313720703125 0.8212890625 0.31201171875 0.822265625 0.311279296875 0.8264973953125001 0.3046875 0.8274739578125001 0.301513671875 0.8297526046874999 0.299560546875 0.833984375 0.29443359375 0.8356119796874999 0.290771484375 0.8346354171874999 0.283935546875 0.8304036453125001 0.28271484375 0.8284505203125001 0.25244140625 0.81640625 0.247802734375 0.8128255203125001 0.23486328125 0.8111979171874999 0.228515625 0.8079427078125001 0.223388671875 0.8072916671874999 0.216064453125 0.8024088546874999 0.201171875 0.7991536453125 0.197021484375 0.7945963546875 0.19287109375 0.7936197921875 0.188232421875 0.7897135421875 0.177490234375 0.7841796875 0.1669921875 0.7815755203125 0.159912109375 0.7776692703125 0.156005859375 0.7737630203125 0.124267578125 0.7639973953125 0.12255859375 0.7613932296875 0.1123046875 0.7574869796875 0.11083984375 0.755859375 0.107421875 0.755859375 0.099853515625 0.7503255203125 0.091552734375 0.7464192703125 0.0882976078125 0.7467447921875 0.0849609375 0.7451171875 0.080078125 0.7392578125 0.071044921875 0.7395833328125 0.076416015625 0.7412109375 0.079833984375 0.7477213546875 0.086669921875 0.7496744796875 0.091064453125 0.755859375
9 0.408203125 0.9156901046874999 0.42041015625 0.9205729171874999 0.431640625 0.9267578125 0.440185546875 0.9267578125 0.444091796875 0.9280598953125001 0.4462890625 0.931640625 0.44677734375 0.9401041671874999 0.447998046875 0.943359375 0.455810546875 0.9521484375 0.47021484375 0.9638671875 0.482666015625 0.9703776046874999 0.489013671875 0.9762369796874999 0.505859375 0.9788411453125001 0.514404296875 0.9654947921874999 0.516357421875 0.9563802078125001 0.51904296875 0.951171875 0.517578125 0.9462890625 0.512451171875 0.947265625 0.49951171875 0.9410807296874999 0.494140625 0.9368489578125001 0.48291015625 0.9361979171874999 0.459716796875 0.9228515625 0.447021484375 0.9186197921874999 0.443115234375 0.9153645828125001 0.43017578125 0.9108072921874999 0.420166015625 0.9049479171874999 0.412353515625 0.9039713546874999 0.4072265625 0.9010416671874999 0.404541015625 0.8971354171874999 0.396240234375 0.8974609375 0.388671875 0.892578125 0.389404296875 0.9078776046874999 0.390380859375 0.9088541671874999 0.39892578125 0.9137369796874999 0.408203125 0.9156901046874999
9 0.541015625 0.9801432296874999 0.544189453125 0.978515625 0.57275390625 0.9860026046874999 0.580078125 0.9908854171874999 0.582275390625 0.990234375 0.58251953125 0.9873046875 0.583740234375 0.9866536453125001 0.5810546875 0.9866536453125001 0.579833984375 0.982421875 0.56396484375 0.9755859375 0.564208984375 0.974609375 0.5625 0.9736328125 0.560791015625 0.9703776046874999 0.55126953125 0.9674479171874999 0.54052734375 0.9602864578125001 0.5322265625 0.9576822921874999 0.52734375 0.9632161453125001 0.52490234375 0.974609375 0.528564453125 0.978515625 0.536865234375 0.9801432296874999 0.541015625 0.9801432296874999
10 0.78271484375 0.9104817703125001 0.783447265625 0.9274088546874999 0.789306640625 0.9293619796874999 0.79736328125 0.9280598953125001 0.799072265625 0.9248046875 0.796875 0.9195963546874999 0.79736328125 0.9088541671874999 0.8017578125 0.9078776046874999 0.802734375 0.9088541671874999 0.803955078125 0.9137369796874999 0.806884765625 0.9173177078125001 0.81005859375 0.9296875 0.82275390625 0.9596354171874999 0.823974609375 0.9654947921874999 0.823486328125 0.9690755203125001 0.822021484375 0.970703125 0.826416015625 0.9723307296874999 0.826904296875 0.9749348953125001 0.832763671875 0.9850260421874999 0.833740234375 0.9905598953125001 0.837158203125 0.9977213546874999 0.837158203125 0.9996744796874999 0.901611328125 0.9996744796874999 0.90087890625 0.994140625 0.898193359375 0.986328125 0.894775390625 0.9811197921874999 0.89208984375 0.9710286453125001 0.88916015625 0.9671223953125001 0.880859375 0.9397786453125001 0.849365234375 0.8597005203125001 0.844482421875 0.8509114578125001 0.841552734375 0.8470052078125001 0.83935546875 0.8460286453125001 0.83984375 0.8414713546874999 0.80908203125 0.8310546875 0.803466796875 0.8310546875 0.7998046875 0.8330078125 0.798583984375 0.8343098953125001 0.79638671875 0.8430989578125001 0.794921875 0.8453776046874999 0.79541015625 0.8557942703125001 0.794677734375 0.8583984375 0.79248046875 0.8600260421874999 0.79052734375 0.8639322921874999 0.7890625 0.875 0.779052734375 0.8766276046874999 0.77734375 0.8841145828125001 0.7783203125 0.8899739578125001 0.776611328125 0.8961588546874999 0.77978515625 0.8997395828125001 0.78271484375 0.9104817703125001
9 0.696044921875 0.75390625 0.696044921875 0.763671875 0.69921875 0.7679036453125 0.703125 0.78466796875 0.704345703125 0.7942708328125 0.708740234375 0.7981770828125 0.709228515625 0.802734375 0.7119140625 0.8092447921874999 0.712646484375 0.8157552078125001 0.716064453125 0.8225911453125001 0.715576171875 0.8258463546874999 0.718017578125 0.83203125 0.71923828125 0.841796875 0.721435546875 0.8444010421874999 0.72314453125 0.8502604171874999 0.725341796875 0.8528645828125001 0.729248046875 0.8658854171874999 0.73193359375 0.8671875 0.739013671875 0.8668619796874999 0.75537109375 0.8753255203125001 0.760498046875 0.8746744796874999 0.760986328125 0.8766276046874999 0.767333984375 0.8841145828125001 0.771484375 0.8844401046874999 0.7734375 0.8860677078125001 0.777099609375 0.884765625 0.774169921875 0.8815104171874999 0.775390625 0.8776041671874999 0.7822265625 0.8743489578125001 0.78857421875 0.875 0.794677734375 0.8740234375 0.795654296875 0.8688151046874999 0.796875 0.8671875 0.8369140625 0.892578125 0.83740234375 0.8951822921874999 0.8349609375 0.9013671875 0.839111328125 0.9039713546874999 0.841064453125 0.9091796875 0.843505859375 0.9088541671874999 0.8544921875 0.9156901046874999 0.862060546875 0.9176432296874999 0.86328125 0.9215494796874999 0.86572265625 0.9248046875 0.872802734375 0.9248046875 0.872802734375 0.9231770828125001 0.870849609375 0.9225260421874999 0.86962890625 0.9153645828125001 0.8671875 0.9127604171874999 0.864990234375 0.9078776046874999 0.85888671875 0.9117838546874999 0.85791015625 0.9095052078125001 0.85400390625 0.9072265625 0.8467609859375 0.9075520828125001 0.84375 0.9055989578125001 0.843994140625 0.900390625 0.841796875 0.8922526046874999 0.84326171875 0.8841145828125001 0.841796875 0.8805338546874999 0.843994140625 0.8782552078125001 0.84765625 0.8772786453125001 0.84375 0.8743489578125001 0.842529296875 0.8697916671874999 0.842041015625 0.8606770828125001 0.843505859375 0.857421875 0.84375 0.8453776046874999 0.839599609375 0.8359375 0.8388671875 0.8297526046874999 0.8369140625 0.828125 0.833251953125 0.8141276046874999 0.829833984375 0.810546875 0.829345703125 0.806640625 0.826904296875 0.8037109375 0.821533203125 0.8037109375 0.814453125 0.8011067703125001 0.8095703125 0.8020833328125001 0.806884765625 0.80078125 0.802734375 0.7962239578125 0.79833984375 0.7952473953125 0.787353515625 0.7893880203125 0.774169921875 0.787109375 0.771240234375 0.7822265625 0.76708984375 0.7822265625 0.763671875 0.7802734375 0.7587890625 0.7796223953125 0.748046875 0.7727864578125 0.742431640625 0.7721354171875 0.740478515625 0.7705078125 0.739990234375 0.7685546875 0.73291015625 0.7649739578125 0.73193359375 0.7630208328125 0.729736328125 0.7626953125 0.728515625 0.7594401046875 0.722412109375 0.7578125 0.717041015625 0.7535807296875 0.716552734375 0.751953125 0.704345703125 0.75 0.703369140625 0.748046875 0.699951171875 0.7467447921875 0.693115234375 0.7405598953125 0.69189453125 0.7438151046875 0.69189453125 0.7477213546875 0.695068359375 0.7496744796875 0.696044921875 0.75390625
9 0.925048828125 0.9664713546874999 0.92919921875 0.9694010421874999 0.931640625 0.98046875 0.938720703125 0.990234375 0.94677734375 0.9947916671874999 0.950439453125 0.9954427078125001 0.953369140625 0.998046875 0.953369140625 0.9996744796874999 0.999755859375 0.9996744796874999 0.999755859375 0.9029947921874999 0.99609375 0.9010416671874999 0.995361328125 0.8984375 0.992919921875 0.8968098953125001 0.992919921875 0.8951822921874999 0.994873046875 0.89453125 0.99560546875 0.8922526046874999 0.986328125 0.8834635421874999 0.97998046875 0.8837890625 0.97509765625 0.8802083328125001 0.970458984375 0.8802083328125001 0.968994140625 0.8863932296874999 0.965087890625 0.88671875 0.959228515625 0.8821614578125001 0.95556640625 0.880859375 0.954345703125 0.8753255203125001 0.956787109375 0.8727213546874999 0.951416015625 0.87109375 0.94287109375 0.8662109375 0.93310546875 0.86328125 0.91748046875 0.8525390625 0.890625 0.8391927078125001 0.885986328125 0.8349609375 0.875244140625 0.8330078125 0.873046875 0.8310546875 0.87255859375 0.8323567703125001 0.872314453125 0.8336588546874999 0.875 0.8391927078125001 0.874755859375 0.841796875 0.925048828125 0.9664713546874999
9 0.634033203125 0.7542317703125 0.635498046875 0.763671875 0.638427734375 0.767578125 0.640869140625 0.7763671875 0.6416015625 0.783203125 0.654296875 0.8238932296874999 0.66015625 0.8336588546874999 0.66162109375 0.8346354171874999 0.6640625 0.833984375 0.669677734375 0.8408203125 0.673828125 0.8343098953125001 0.674072265625 0.830078125 0.68310546875 0.8235677078125001 0.68505859375 0.8264973953125001 0.687255859375 0.8255208328125001 0.6884765625 0.814453125 0.691162109375 0.8115234375 0.68896484375 0.8030598953125001 0.689208984375 0.7985026046875 0.686279296875 0.783203125 0.682373046875 0.7802734375 0.674072265625 0.744140625 0.669677734375 0.734375 0.666748046875 0.7333984375 0.66455078125 0.728515625 0.65576171875 0.7249348953125 0.654296875 0.7203776046875 0.640380859375 0.7161458328125 0.63916015625 0.712890625 0.635009765625 0.7119140625 0.630859375 0.7073567703125 0.62841796875 0.70703125 0.623291015625 0.7034505203125 0.621826171875 0.7037760421875 0.6220703125 0.7145182296875 0.6240234375 0.7197265625 0.624755859375 0.7265625 0.634033203125 0.7542317703125
9 0 0.9567057296874999 0.017578125 0.9609375 0.03564453125 0.9742838546874999 0.04541015625 0.9749348953125001 0.052734375 0.9778645828125001 0.05859375 0.9775390625 0.060791015625 0.9755859375 0.06884765625 0.9593098953125001 0.071533203125 0.9576822921874999 0.076171875 0.9576822921874999 0.098876953125 0.9635416671874999 0.10498046875 0.9638671875 0.11083984375 0.966796875 0.126708984375 0.970703125 0.134521484375 0.974609375 0.14208984375 0.9762369796874999 0.1455078125 0.9820963546874999 0.1552734375 0.9856770828125001 0.16015625 0.9944661453125001 0.16357421875 0.9977213546874999 0.16357421875 0.9996744796874999 0.24462890625 0.9996744796874999 0.244140625 0.9977213546874999 0.239990234375 0.9973958328125001 0.2353515625 0.9938151046874999 0.228271484375 0.9934895828125001 0.218017578125 0.9853515625 0.202880859375 0.9778645828125001 0.198486328125 0.9768880203125001 0.193359375 0.9729817703125001 0.190185546875 0.9720052078125001 0.185546875 0.9677734375 0.084228515625 0.9173177078125001 0.083740234375 0.916015625 0.07861328125 0.9143880203125001 0.075439453125 0.9117838546874999 0.061279296875 0.9072265625 0.048095703125 0.9059244796874999 0.044921875 0.9036458328125001 0.040771484375 0.9055989578125001 0.03564453125 0.9059244796874999 0.02490234375 0.9033203125 0.015625 0.8981119796874999 0.009765625 0.8916015625 0.002197265625 0.888671875 0 0.888671875 0 0.9567057296874999
7 0.828369140625 0.7320963546875 0.83251953125 0.7356770828125 0.833984375 0.7389322921875 0.840087890625 0.7421875 0.840576171875 0.7444661453125 0.843994140625 0.748046875 0.849365234375 0.7506510421875 0.852294921875 0.7506510421875 0.85986328125 0.7574869796875 0.869873046875 0.7610677078125 0.875 0.7649739578125 0.88330078125 0.7679036453125 0.88818359375 0.7711588546875 0.889404296875 0.7698567703125 0.8897705078125 0.7711588546875 0.891357421875 0.7711588546875 0.889404296875 0.7682291671875 0.887451171875 0.7584635421875 0.884765625 0.7522786453125 0.88623046875 0.7477213546875 0.88427734375 0.7428385421875 0.88427734375 0.7356770828125 0.880615234375 0.7288411453125 0.876953125 0.7298177078125 0.875244140625 0.7268880203125 0.87255859375 0.7268880203125 0.8701171875 0.71484375 0.867431640625 0.7151692703125 0.86572265625 0.7171223953125 0.86083984375 0.71484375 0.858154296875 0.7080078125 0.8583984375 0.7047526046875 0.854248046875 0.7021484375 0.853515625 0.7001953125 0.85107421875 0.7021484375 0.845458984375 0.7024739578125 0.843505859375 0.7063802078125 0.84033203125 0.7063802078125 0.8388671875 0.7018229171875 0.832763671875 0.6975911453125 0.830322265625 0.6940104171875 0.82763671875 0.693359375 0.826416015625 0.6901041671875 0.826171875 0.6822916671875 0.822021484375 0.6842447921875 0.81689453125 0.689453125 0.814208984375 0.6966145828125 0.81494140625 0.7008463546875 0.8193359375 0.7057291671875 0.828369140625 0.7320963546875
7 0.999755859375 0.7672526046875 0.991943359375 0.76953125 0.991455078125 0.771484375 0.994140625 0.7757161453125 0.991943359375 0.7789713546875 0.9912109375 0.7854817703125 0.987548828125 0.7867838546875 0.98583984375 0.7858072921875 0.983642578125 0.7887369796875 0.981201171875 0.7884114578125 0.97998046875 0.7858072921875 0.978515625 0.78515625 0.975830078125 0.787109375 0.97314453125 0.787109375 0.96875 0.7841796875 0.966796875 0.78125 0.958740234375 0.7799479171875 0.948486328125 0.7760416671875 0.94921875 0.771484375 0.948486328125 0.7708333328125 0.94580078125 0.7711588546875 0.943603515625 0.7734375 0.939208984375 0.7708333328125 0.93994140625 0.7757161453125 0.9384765625 0.7789713546875 0.932861328125 0.7841796875 0.928466796875 0.7819010421875 0.923095703125 0.7841796875 0.919921875 0.77734375 0.9150390625 0.7783203125 0.910400390625 0.7770182296875 0.90576171875 0.7783203125 0.905517578125 0.779296875 0.986083984375 0.8258463546874999 0.999755859375 0.8291015625 0.999755859375 0.7672526046875
7 0.75390625 0.7047526046875 0.75732421875 0.7067057296875 0.758544921875 0.708984375 0.763427734375 0.7106119796875 0.767578125 0.7141927078125 0.775390625 0.7184244796875 0.781005859375 0.7197265625 0.789794921875 0.7174479171875 0.794677734375 0.7044270828125 0.798095703125 0.6897786453125 0.80419921875 0.6826171875 0.804443359375 0.6809895828125 0.802490234375 0.6741536453125 0.798828125 0.6731770828125 0.796142578125 0.6663411453125 0.7861328125 0.6614583328125 0.776123046875 0.6533203125 0.7705078125 0.65234375 0.767578125 0.6529947921875 0.766845703125 0.6539713546875 0.767333984375 0.6559244796875 0.769775390625 0.6614583328125 0.77490234375 0.666015625 0.78125 0.6780598953125 0.780517578125 0.685546875 0.779052734375 0.6875 0.77490234375 0.6901041671875 0.771240234375 0.6881510421875 0.748046875 0.6819661453125 0.743896484375 0.6826171875 0.74267578125 0.6842447921875 0.742431640625 0.685546875 0.749267578125 0.693359375 0.75146484375 0.7018229171875 0.75390625 0.7047526046875
7 0.026123046875 0.3284505203125 0.025390625 0.3297526046875 0.029296875 0.3326822921875 0.15771484375 0.4075520828125 0.162109375 0.4075520828125 0.169677734375 0.4098307296875 0.23046875 0.4381510421875 0.2373046875 0.4391276046875 0.248779296875 0.4456380203125 0.2529296875 0.4501953125 0.267578125 0.4609375 0.271240234375 0.4615885421875 0.27197265625 0.4606119796875 0.276123046875 0.4440104171875 0.2802734375 0.4371744796875 0.283935546875 0.4339192703125 0.287109375 0.4235026046875 0.283935546875 0.4189453125 0.275146484375 0.4163411453125 0.27294921875 0.4137369796875 0.26513671875 0.4108072921875 0.26513671875 0.4055989578125 0.27880859375 0.4039713546875 0.292236328125 0.404296875 0.295166015625 0.4033203125 0.29638671875 0.4007161453125 0.294921875 0.3984375 0.29345703125 0.3987630203125 0.26318359375 0.3815104171875 0.251953125 0.3717447921875 0.250732421875 0.373046875 0.2451171875 0.373046875 0.240478515625 0.3678385421875 0.237060546875 0.3668619796875 0.236328125 0.365234375 0.230712890625 0.3665364578125 0.226806640625 0.361328125 0.2265625 0.3587239578125 0.222900390625 0.3561197921875 0.138427734375 0.3125 0.126220703125 0.3121744796875 0.113525390625 0.3151041671875 0.11279296875 0.3115234375 0.11181640625 0.3108723953125 0.106201171875 0.3128255203125 0.088623046875 0.3141276046875 0.083740234375 0.3125 0.06787109375 0.3115234375 0.05615234375 0.3141276046875 0.052490234375 0.3108723953125 0.048828125 0.3141276046875 0.02490234375 0.3138020828125 0.021240234375 0.3180338546875 0.01904296875 0.322265625 0.020751953125 0.32421875 0.0224609375 0.3232421875 0.026123046875 0.3284505203125
7 0.306884765625 0.439453125 0.312255859375 0.443359375 0.313232421875 0.4518229171875 0.311767578125 0.4596354171875 0.312255859375 0.4671223953125 0.314208984375 0.4765625 0.315673828125 0.4794921875 0.314453125 0.48046875 0.314453125 0.482421875 0.322998046875 0.4853515625 0.330078125 0.4925130203125 0.334716796875 0.494140625 0.33935546875 0.4983723953125 0.3505859375 0.5022786453125 0.35888671875 0.5071614578125 0.361328125 0.5104166671875 0.365234375 0.5120442703125 0.366943359375 0.5143229171875 0.3720703125 0.5166015625 0.377685546875 0.5166015625 0.38134765625 0.5182291671875 0.38330078125 0.5169270828125 0.388671875 0.5169270828125 0.395263671875 0.513671875 0.401123046875 0.5146484375 0.408935546875 0.5120442703125 0.415283203125 0.5143229171875 0.4208984375 0.5146484375 0.425537109375 0.5169270828125 0.427734375 0.51953125 0.429443359375 0.5172526046875 0.429931640625 0.5107421875 0.43505859375 0.5152994796875 0.436767578125 0.5143229171875 0.43701171875 0.5094401046875 0.435791015625 0.5061848953125 0.437744140625 0.5016276046875 0.427734375 0.4990234375 0.424560546875 0.5006510421875 0.42041015625 0.4993489578125 0.419921875 0.4951171875 0.42138671875 0.4938151046875 0.419677734375 0.4899088546875 0.417236328125 0.4886067703125 0.4169921875 0.486328125 0.407470703125 0.486328125 0.404296875 0.4837239578125 0.39990234375 0.484375 0.397216796875 0.4830729171875 0.392822265625 0.484375 0.390625 0.4817708328125 0.391357421875 0.4781901046875 0.39013671875 0.4749348953125 0.391357421875 0.4703776046875 0.390380859375 0.4690755203125 0.38818359375 0.4680989578125 0.376220703125 0.4697265625 0.373046875 0.4684244796875 0.344482421875 0.4352213546875 0.34423828125 0.427734375 0.341552734375 0.4225260421875 0.333984375 0.4202473953125 0.33056640625 0.4215494796875 0.325927734375 0.4140625 0.322509765625 0.4173177078125 0.318115234375 0.4143880203125 0.31103515625 0.4228515625 0.30908203125 0.4235026046875 0.31201171875 0.42578125 0.313720703125 0.4290364578125 0.313232421875 0.4352213546875 0.306884765625 0.439453125
7 0.462646484375 0.5608723953125 0.46728515625 0.5611979171875 0.469970703125 0.5598958328125 0.4765625 0.5647786453125 0.478271484375 0.5673828125 0.4835205078125 0.56884765625 0.48681640625 0.5732421875 0.4951171875 0.5758463546875 0.499755859375 0.5699869796875 0.50048828125 0.5641276046875 0.4990234375 0.5608723953125 0.499755859375 0.5563151046875 0.498779296875 0.5400390625 0.495361328125 0.5328776046875 0.4912109375 0.5302734375 0.47705078125 0.5328776046875 0.467041015625 0.5452473953125 0.463134765625 0.5478515625 0.4580078125 0.5455729171875 0.44921875 0.546875 0.44873046875 0.5485026046875 0.452880859375 0.5511067703125 0.455078125 0.556640625 0.462646484375 0.5608723953125
7 0.647216796875 0.5211588546875 0.649169921875 0.5227864578125 0.64892578125 0.5436197921875 0.640625 0.548828125 0.6432292484375 0.5504557296875 0.642578125 0.5657552078125 0.6611328125 0.580078125 0.66650390625 0.5830078125 0.67236328125 0.5846354171875 0.677734375 0.583984375 0.6826171875 0.5859375 0.6845703125 0.5940755203125 0.683837890625 0.595703125 0.74267578125 0.6253255203125 0.743896484375 0.6272786453125 0.755615234375 0.6285807296875 0.763427734375 0.6321614578125 0.77685546875 0.6337890625 0.782470703125 0.6399739578125 0.786376953125 0.6396484375 0.79443359375 0.64453125 0.805908203125 0.6474609375 0.822265625 0.6595052078125 0.826171875 0.6598307296875 0.8291015625 0.6575520828125 0.833251953125 0.6565755203125 0.837646484375 0.6617838546875 0.849609375 0.662109375 0.853271484375 0.6630859375 0.85693359375 0.6666666671875 0.859619140625 0.6627604171875 0.8623046875 0.662109375 0.86376953125 0.666015625 0.868896484375 0.6735026046875 0.872802734375 0.6744791671875 0.876220703125 0.6708984375 0.879638671875 0.6715494796875 0.88037109375 0.677734375 0.89111328125 0.6712239578125 0.8974609375 0.6774088546875 0.90234375 0.6793619796875 0.9033203125 0.681640625 0.907470703125 0.6848958328125 0.907470703125 0.6888020828125 0.910888671875 0.6910807296875 0.915771484375 0.6969401046875 0.916015625 0.7018229171875 0.920166015625 0.6998697921875 0.92333984375 0.705078125 0.942138671875 0.7216796875 0.947021484375 0.724609375 0.962646484375 0.7278645828125 0.962646484375 0.732421875 0.96728515625 0.7317708328125 0.96923828125 0.7294921875 0.97265625 0.7291666671875 0.97705078125 0.7337239578125 0.978271484375 0.736328125 0.978271484375 0.7399088546875 0.98193359375 0.7373046875 0.98486328125 0.7373046875 0.990478515625 0.7412109375 0.995361328125 0.7415364578125 0.996826171875 0.7428385421875 0.997802734375 0.74609375 0.999755859375 0.74609375 0.999755859375 0.6637369796875 0.995361328125 0.662109375 0.994384765625 0.6604817703125 0.989990234375 0.6598307296875 0.986328125 0.6666666671875 0.982177734375 0.6653645828125 0.98095703125 0.6673177078125 0.9786376953125 0.6676432296875 0.975830078125 0.6663411453125 0.974365234375 0.6640625 0.97119140625 0.6669921875 0.96435546875 0.6624348953125 0.9638671875 0.6604817703125 0.96044921875 0.6595052078125 0.958740234375 0.6575520828125 0.955322265625 0.658203125 0.951904296875 0.6555989578125 0.943115234375 0.6565755203125 0.939453125 0.6546223953125 0.93701171875 0.6468098953125 0.9384765625 0.6422526046875 0.93408203125 0.6399739578125 0.936279296875 0.634765625 0.934326171875 0.6324869796875 0.934326171875 0.6295572921875 0.93701171875 0.6266276046875 0.93408203125 0.625 0.93212890625 0.62109375 0.927734375 0.6181640625 0.921875 0.6165364578125 0.918212890625 0.61328125 0.918212890625 0.6116536453125 0.916015625 0.6097005203125 0.916015625 0.6070963546875 0.91162109375 0.6080729171875 0.906494140625 0.60546875 0.904052734375 0.5986328125 0.906982421875 0.5953776046875 0.902099609375 0.5930989578125 0.900390625 0.5901692703125 0.896484375 0.5930989578125 0.89208984375 0.5940755203125 0.88916015625 0.5901692703125 0.889892578125 0.5872395828125 0.888427734375 0.5849609375 0.888427734375 0.5830078125 0.89013671875 0.580078125 0.88916015625 0.5774739578125 0.88427734375 0.5758463546875 0.88134765625 0.5784505203125 0.876953125 0.57421875 0.875 0.576171875 0.838134765625 0.5598958328125 0.83056640625 0.55859375 0.8251953125 0.5520833328125 0.819091796875 0.5501302078125 0.8173828125 0.5432942703125 0.809326171875 0.5393880203125 0.8046875 0.5361328125 0.802978515625 0.5328776046875 0.798095703125 0.5305989578125 0.765380859375 0.525390625 0.763916015625 0.5234375 0.76220703125 0.5240885421875 0.7607421875 0.5270182296875 0.755126953125 0.5302734375 0.751708984375 0.5286458328125 0.747802734375 0.5322265625 0.74658203125 0.5380859375 0.74462890625 0.5413411453125 0.740234375 0.5400390625 0.73779296875 0.5426432296875 0.732421875 0.5426432296875 0.72900390625 0.544921875 0.728271484375 0.5530598953125 0.725830078125 0.5589192703125 0.712158203125 0.5589192703125 0.71044921875 0.5572916671875 0.708984375 0.5533854171875 0.705322265625 0.5559895828125 0.700927734375 0.5559895828125 0.69970703125 0.5589192703125 0.694580078125 0.5579427078125 0.693359375 0.5563151046875 0.69091796875 0.5572916671875 0.68701171875 0.5550130203125 0.68359375 0.5546875 0.681396484375 0.5520833328125 0.673095703125 0.5478515625 0.668017578125 0.5478515625 0.665771484375 0.5445963546875 0.66162109375 0.5458984375 0.66015625 0.548828125 0.6572265625 0.548828125 0.655029296875 0.5384114578125 0.65673828125 0.5328776046875 0.654296875 0.5289713546875 0.6552734375 0.5250651046875 0.65234375 0.5221354171875 0.65283203125 0.5198567703125 0.6552734375 0.5172526046875 0.654052734375 0.5159505203125 0.6513671875 0.5162760421875 0.650634765625 0.5179036453125 0.638916015625 0.515625 0.63623046875 0.5162760421875 0.6357421875 0.5182291671875 0.636962890625 0.5205078125 0.646484375 0.5185546875 0.647216796875 0.5211588546875