9 0.507653803125 1 0.50771201875 0.9995283421875 0.5112321140625 0.9961444390624999 0.5102757140625 0.99035849375 0.5112578812499999 0.9843345203125 0.5102307296874999 0.97396574375 0.5091070578125 0.970824059375 0.5063268109375 0.9682137421875 0.5075202171875 0.95790028125 0.5037835703125 0.9495040156250001 0.504567384375 0.941864571875 0.501985490625 0.9408697265624999 0.4992095390625 0.9362910890625 0.4950054296875 0.9200810515625 0.49566163906250005 0.9154089624999999 0.49463019375000006 0.9070085062500001 0.491536871875 0.8998451140625001 0.49095796875 0.86908744375 0.4901688421875 0.8606572343750001 0.48884252031250003 0.8578683968749999 0.489459059375 0.8528732140624999 0.4849997453125 0.8425978890625 0.4845012015625 0.8305243828125001 0.48136820937499997 0.8230378953124999 0.48129745625 0.818455065625 0.4842535671875 0.8144844812500001 0.4819225859375 0.8095232421875 0.4812524734375 0.8020623171875 0.47904909375000004 0.794133721875 0.47366118593750006 0.8023384796874999 0.468281865625 0.8066065968749999 0.46422355625 0.797593896875 0.4640691671875 0.7943331984374999 0.46549201093750003 0.78989494375 0.4685714296875 0.7849253234375 0.466641453125 0.7812267109375 0.46858860937499996 0.77705204375 0.46371969999999996 0.769450734375 0.46463111562500004 0.7588439328125001 0.46137911093749995 0.7503881625 0.4609030578125 0.7465110296875 0.46188093124999996 0.7424553765625 0.4592239921875 0.7388460218749999 0.45327435781250003 0.708419828125 0.45035955625 0.7027103593749999 0.45160388124999995 0.6968181812500001 0.44677464375 0.6895399671875 0.446298590625 0.6856628328125 0.444408284375 0.6822873125 0.444782503125 0.6773218828124999 0.4415744640625 0.6672208875 0.4417063609375 0.6622852109374999 0.4402213546875 0.6582039953125001 0.4374797609375 0.6378787984375001 0.43344292500000003 0.6190245 0.43175526875000003 0.6152961328125001 0.42779246249999997 0.5810183671875 0.42892901875 0.5782550921875 0.428651321875 0.5759934296875 0.4276069921875 0.5734979359375 0.4236987765625 0.5697142515625 0.4243110203125 0.5666873890625 0.42196184218750005 0.5515614578125 0.4218600078125 0.54271889375 0.42057335625 0.5402531515625 0.4119571765625 0.4921162703125 0.410630853125 0.4893274328125 0.4047423640625 0.449382734375 0.402415678125 0.442453175 0.4012609234375 0.43505175625000003 0.4018731671875 0.43202489374999997 0.40106155 0.4153983109375 0.3931508578125 0.37701376875000003 0.38707893437499996 0.365624584375 0.3876515078125 0.362274628125 0.38656750624999997 0.3594560375 0.376512321875 0.3416686640625 0.38350424843750003 0.3385144046875 0.38360935937499996 0.3273506734375 0.382560734375 0.326823496875 0.33214578437500003 0.11655648593750001 0.3315550140625 0.10974175 0.3283426796875 0.1016090734375 0.32872548749999997 0.09270700468750001 0.325799440625 0.08289934843749999 0.32609431718750004 0.07728773125 0.320224025 0.047507726562500005 0.3133008140625 0.019168865625 0.276468046875 0.023691359375000002 0.2754022421875 0.0310374640625 0.271124103125 0.0302508921875 0.27058261093749997 0.037860584375 0.275019434375 0.0399395328125 0.2753946703125 0.053012078124999994 0.27745224999999996 0.053743335937500004 0.27954520625 0.0567660078125 0.27901230312499997 0.06043905937500001 0.27674777968750003 0.06202896875 0.27470839687500004 0.07146240625 0.2743566703125 0.0846242109375 0.27778024375 0.0884673984375 0.27670585000000003 0.0997501421875 0.2781115140625 0.10318516874999999 0.278618646875 0.11132203593750001 0.28057970625 0.11928038593750001 0.282404571875 0.13414272968750002 0.2826125359375 0.1498595359375 0.2735898140625 0.15851059218750002 0.271158015625 0.162744765625 0.26884523125 0.1679482203125 0.2692333515625 0.17511580468750002 0.265752928125 0.1788228015625 0.26404809375 0.1829677140625 0.2572148484375 0.1874143515625 0.2559153140625 0.1908535671875 0.25413972500000004 0.190415653125 0.2530557234375 0.1875970625 0.25083516562499997 0.187541746875 0.24855346250000002 0.1970049375 0.2487121453125 0.1982973140625 0.25314896875000004 0.20037626562500002 0.25180546718749997 0.2054607078125 0.2517357328125 0.218915853125 0.247850009375 0.22332854531250002 0.244624790625 0.22110082968749997 0.2435407890625 0.21828223906250002 0.2413599015625 0.21855001875000002 0.2378001359375 0.221610825 0.2370163234375 0.22925027031249998 0.2349501546875 0.232455653125 0.22634561718750001 0.234496053125 0.22146913750000002 0.248869359375 0.2234430796875 0.250922746875 0.22400276875 0.25347775 0.22185725781249999 0.2560369421875 0.220526640625 0.255216425 0.21943405 0.256334475 0.2207560765625 0.26109163281250003 0.2200869828125 0.27166868125 0.22185398125 0.27604323750000004 0.2211184296875 0.2800691375 0.22224210156250002 0.283210821875 0.2243721078125 0.302561621875 0.22613845000000002 0.31093743749999997 0.22855306875 0.3145765453125 0.2366846078125 0.362772934375 0.2374297671875 0.3728483671875 0.2395227234375 0.3758710390625 0.24223753124999997 0.3899681828125 0.2441116765625 0.41925495625 0.24600198281250002 0.42263047499999995 0.25201705625000004 0.44156984374999997 0.2515023515625 0.45540759062499997 0.25301414375000003 0.4657168578125 0.2589670546875 0.47613675781250003 0.2648019703125 0.503625346875 0.2661282921875 0.506414184375 0.269032865625 0.526063440625 0.2731834015625 0.5298173687500001 0.2760258109375 0.54094715625 0.280378996875 0.5443482375 0.287451284375 0.559878140625 0.2904963453125 0.5706550796875 0.2975289625 0.5858618890625 0.30042822343750003 0.5894414890624999 0.3010275828125 0.5923195859375 0.29895711875000003 0.5974932890625 0.29362176562500003 0.60011618125 0.2887270875 0.6043247921875 0.27997347499999997 0.6191741484375 0.27265660625 0.641718265625 0.27190817031250003 0.6516491249999999 0.2693090984375 0.658527559375 0.272341275 0.675209459375 0.2742669578125 0.6808763921875001 0.2748491375 0.69162776875 0.277453521875 0.7008189875 0.27860398124999997 0.7101887265625 0.2749797953125 0.742774334375 0.27242039375 0.7499758640625 0.2708173921875 0.762963340625 0.26635050625 0.774662628125 0.26662390937499997 0.7788926093749999 0.265606365625 0.78262516875 0.2676874546875 0.809590775 0.2715956703125 0.81337445625 0.27254777343750003 0.8211287234375 0.27243836875 0.8342607734374999 0.27379577187500004 0.8413093453125 0.2758490578125 0.8440089234375 0.27620180156249996 0.8488850937500001 0.27756779531250003 0.8519970234375001 0.24099961875 0.9388063578124999 0.23135075 0.9383512609375 0.22001422656249997 0.9341677984375 0.20866911250000003 0.9339209765625001 0.20459791875 0.9308132359375 0.185101828125 0.9282875734375 0.1805856640625 0.9255624359375 0.1762238890625 0.92609799375 0.1712230828125 0.9234323609375 0.1679496046875 0.9248181890625 0.1645217359375 0.922943321875 0.1601599609375 0.9234788796875 0.1488191421875 0.9212637375 0.12891345781250002 0.9214120906250001 0.12568823906249998 0.9191843734375 0.12348056562500001 0.9132240984375001 0.12254236249999999 0.9176028453124999 0.112404559375 0.9191755781250001 0.10829369375 0.91574474375 0.10361025625 0.9156638656249999 0.0999840328125 0.912173525 0.09606293437499999 0.914294803125 0.091670078125 0.9105706265625001 0.080765640625 0.911909521875 0.0756147390625 0.9040148734375 0.06467492500000001 0.9030623546875001 0.0589471578125 0.9004859828124999 0.05135586875 0.90076214375 0.0456195109375 0.9021224109375 0.05240325312500001 0.9573715625 0.0565977546875 0.959480265625 0.0590123734375 0.9631193734375 0.0623212296875 0.9640249593749999 0.065837028125 0.9626093765625001 0.06660795625 0.960874890625 0.066351734375 0.9487716296875 0.06745720937500001 0.9417486203125 0.07439658125000001 0.9441762265625 0.089178153125 0.942361278125 0.0964305984375 0.949341959375 0.09906504687499999 0.944754940625 0.10342252656249999 0.9461877015625 0.10730395468750001 0.9437433296875 0.11210640624999998 0.944793490625 0.1162301546875 0.942319365625 0.1250244578125 0.9458310750000001 0.1316464625 0.9456739265625 0.1386651765625 0.948747721875 0.14286397343749999 0.9488881062500001 0.14410236406250002 0.95496739375 0.1472115140625 0.9549136031250001 0.152253340625 0.9572462343750001 0.1650920515625 0.9576376312500001 0.172313415625 0.9603585796875 0.184552765625 0.9578718796875 0.19012184999999998 0.9591558750000001 0.1916947875 0.9599466390625 0.1898269734375 0.9647674937499999 0.19192422343749999 0.9658218453125 0.1941051125 0.965554065625 0.195078690625 0.9634667328125 0.21783966875 0.96854320625 0.2217435890625 0.9742952078125 0.222593859375 0.9732069125 0.225413778125 0.976140325 0.227273003125 0.975256109375 0.23772388125 0.978236453125 0.2421253265625 0.9780239906249999 0.24599387031250003 0.981484578125 0.2664195734375 0.9835681328125 0.2740419421875 0.9875517046875 0.27675143750000003 0.9855791937499999 0.28445744375 0.9882406343750001 0.2869514046875 0.99252593125 0.296798628125 0.9945964984375 0.29877257031250004 0.9966498874999999 0.30021631718749997 1 0.507653803125 1
9 0.5993871421875 0.41597236249999997 0.6035023015625 0.4174348765625 0.6026037703125 0.42213671875000003 0.6222413671875 0.4338280390625 0.62614958125 0.4376117203125 0.6284805640625 0.4425729609375 0.6334331093750001 0.44885213906250004 0.6376276109375 0.45096084062499997 0.657454971875 0.4682042734375 0.6631076921875 0.4681661375 0.6667864703124999 0.46607461250000004 0.668460225 0.45766996562499995 0.668680053125 0.44944383906249996 0.6719492375 0.45002632968749995 0.6769189625 0.448432228125 0.6812721484375001 0.451833309375 0.6783557078125 0.4561269890625 0.6790387046874999 0.45768295312499996 0.6815412546874999 0.45803161093750006 0.6824665734375001 0.4595578234375 0.6802770953125 0.4637622421875 0.684030921875 0.4642852265625 0.6865688484375 0.4669252984375 0.689036021875 0.4649825390625 0.692988203125 0.467120996875 0.692173309375 0.47050070625 0.6981744796875 0.47730706093749997 0.7041402734375 0.48182200000000003 0.708537425 0.48357785625 0.7114056046874999 0.482897721875 0.7143091593750001 0.484509003125 0.715353490625 0.4870045 0.7168470859375 0.48714907343749997 0.716339953125 0.47901220625 0.717560146875 0.4749268 0.7193003578125 0.4730733015625 0.7230938546875 0.4739193796875 0.7330686796875 0.47302259218750003 0.735157340625 0.4780135828125 0.73807378125 0.4737199046875 0.73996838125 0.47512710468749997 0.743502378125 0.48387621562499994 0.7455599578125 0.4846074734375 0.7481772265625 0.4878937328125 0.7496794125 0.4841016671875 0.7545697953125 0.4818613765625 0.76380906875 0.4849904875 0.7681579593750001 0.4903598890625 0.77340538125 0.4910274484375 0.7765866328125 0.4949003890625 0.7786045421875001 0.495308553125 0.78053451875 0.49900716718749993 0.784927375 0.5027313421875 0.7890511250000001 0.5002572171875 0.79199005625 0.5041599125 0.8020313390625 0.5098142734375 0.8070010640625 0.5082201703125 0.8140240734375 0.509325646875 0.8155219640625001 0.5075019015625 0.8159315578124999 0.504827884375 0.8138514875 0.49590025468750004 0.8164902296875001 0.4893449140625 0.8112619531249999 0.468800296875 0.8081828265625 0.4477294265625 0.80482469375 0.43239941249999997 0.7736771921875001 0.31094104843750003 0.770046675 0.309419028125 0.7680373546875 0.3050742234375 0.7664022546875 0.2957639921875 0.761911859375 0.2812289328125 0.758281340625 0.2797069109375 0.75568226875 0.28658534687500004 0.7501045953125 0.2892379921875 0.7456677734375 0.28715904062500003 0.7230955406249999 0.26959670625 0.7206058750000001 0.26334308906250004 0.717622978125 0.26108561875 0.7156576234375 0.2550955921875 0.7113087328125001 0.24972619062499998 0.7027567515625 0.246184725 0.69867696875 0.24701362656249998 0.677845965625 0.24563576562499997 0.589845071875 0.20003086093750003 0.5866241484375 0.195834825 0.563387115625 0.18688121875000002 0.5529845 0.18028732812499998 0.552566315625 0.1868979828125 0.5543515109375 0.20143723281249998 0.55963103125 0.22440250156250002 0.5626942890625 0.24534413437499997 0.56760818125 0.2693381921875 0.5712129312500001 0.2826701328125 0.58588916875 0.36613913125 0.5881365140625 0.3724225 0.5891679609375 0.38082295625 0.596932853125 0.41201016093750004 0.5993871421875 0.41597236249999997
9 0.37120521875 0.22031715156249998 0.37071628125 0.22234497812499998 0.37336994375 0.24596062500000002 0.375970034375 0.257120165625 0.37596144531250003 0.26105680625 0.3777327375 0.263463040625 0.3797903171875 0.2641942984375 0.37998437812499997 0.267778090625 0.378852115625 0.268573046875 0.37985677500000004 0.270745446875 0.3791565984375 0.2770627609375 0.383302840625 0.28278501093749997 0.38150577812500003 0.29218869375 0.3845637234375 0.297060671875 0.386418653125 0.298144778125 0.389419746875 0.31056694218750003 0.390442603125 0.32290403749999996 0.3932228515625 0.3255143546875 0.3928089625 0.330156690625 0.39643947968750004 0.3316787109375 0.401669721875 0.34021955 0.40254677968749997 0.345359309375 0.4042784015625 0.34744245 0.40390418281249996 0.3524078796875 0.40918698124999997 0.3553668546875 0.41270278125 0.35395127187500003 0.4236865609375 0.3532585625 0.4275551046875 0.3567191515625 0.430502625 0.3566852078125 0.43247656875 0.3587385953125 0.43247227343750005 0.360706915625 0.44157965 0.3687717015625 0.44908729999999997 0.3698176703125 0.45619925937500005 0.38567066875 0.45947273906249997 0.384284840625 0.464398496875 0.38433596406250004 0.46611294062499997 0.3942923859375 0.46219184062499996 0.3964136640625 0.4656990515625 0.398934721875 0.4687698796875 0.39790173906250004 0.47360770781249995 0.4012433140625 0.4836704640625 0.397056075 0.4895258359375 0.3966650921875 0.497650025 0.39271587812500003 0.5032984515625001 0.3946460609375 0.504827425 0.39708204999999996 0.5132379015625 0.39145785625 0.517234046875 0.39195108749999996 0.5202169453125001 0.39420855781249997 0.5243010234375001 0.3914113390625 0.5289801656249999 0.393460534375 0.5328047437500001 0.3985663484375 0.5358048203125 0.3929505390625 0.5465151984375 0.38802785 0.5514720375 0.3923387078125 0.5552698296874999 0.39121646718749997 0.5559217453125 0.38851269843749997 0.555462871875 0.3767622859375 0.54540565 0.3228989640625 0.537561415625 0.2910655703125 0.5260234828125 0.2311527140625 0.5207353718750001 0.21212408593749998 0.5163983484375 0.18281175 0.5104047484375 0.1540307828125 0.506734559375 0.152185665625 0.50285313125 0.15463003749999998 0.49893632656250003 0.154782996875 0.4954291171875 0.15226193906250002 0.4944287515625 0.1481212171875 0.49293515625 0.1479766421875 0.48924349375 0.1559731265625 0.48693929843749995 0.15723994218749998 0.48846827031249995 0.1596759328125 0.48704972187499995 0.162145865625 0.4839038453125 0.1605643390625 0.4800620875 0.1633318046875 0.47667818593750005 0.159811709375 0.47146614062500003 0.161435565625 0.4670689890625 0.159679709375 0.46332375312499996 0.1552200859375 0.454516565625 0.1576133328125 0.44988138906249997 0.15391891093750001 0.4502116421875 0.1505987078125 0.45158622499999995 0.1497739984375 0.4509825703125 0.14886422187499998 0.44681914999999994 0.151015253125 0.44028937187499995 0.14591363125 0.43463665 0.1459517671875 0.42672799375 0.1436431734375 0.4247540515625 0.141589784375 0.42348028437499996 0.1332190828125 0.410804553125 0.1321517421875 0.407579334375 0.1299240265625 0.40538454531249996 0.1180587921875 0.39578823281250003 0.11202183125000001 0.3914704234375 0.1109121640625 0.3878484953125 0.10545350312499999 0.3823984234375 0.105138790625 0.375701371875 0.10268143125 0.3723088796875 0.10309797812499999 0.3667923515625 0.0962321171875 0.363483496875 0.09532653125 0.36259785 0.0941234125 0.36108605625 0.08381414375 0.3590681484375 0.08340598125000001 0.3580548984375 0.0851702203125 0.35567565624999997 0.0838225265625 0.350391840625 0.062825578125 0.341465640625 0.06424954375 0.3382275375 0.0679267875 0.3389062390625 0.07145107187500001 0.3399945359375 0.07230134218749999 0.33933832656249996 0.07697343125 0.34401746875 0.0790226296875 0.34650284062500003 0.0872445640625 0.34695741875 0.1009632984375 0.34290442187500003 0.10802025156249999 0.36758227187500003 0.196820515625 0.368605128125 0.20915761093750002 0.37120521875 0.22031715156249998
9 0.8290987078125 0.3917029140625 0.8330562 0.409911025 0.833765984375 0.4176950453125 0.8420112234375001 0.4507910625 0.842443309375 0.4563134203125 0.845902259375 0.46244802500000004 0.8468543625 0.47020229062499996 0.85063068125 0.47892165000000003 0.8517457640625 0.48599997500000003 0.8539491437500001 0.4939285703125 0.8563637625 0.4975676765625 0.8561525234375 0.5018571640625 0.8581618421874999 0.5062019671875 0.863277365625 0.511805203125 0.86564801875 0.5170895359375 0.8717017453125001 0.518314025 0.8756099609374999 0.5220977062500001 0.8862238171874999 0.524402109375 0.8909780062499999 0.5290658140625 0.9046316109375001 0.5260775015625 0.9061209124999999 0.5281903953125 0.9121306718750001 0.5310601109374999 0.9141839578125 0.5337596875 0.9163648453125001 0.5334919078125 0.9396726296875 0.5470283453125 0.9447924484374999 0.5506632609375 0.9477710500000001 0.55488905 0.9552347359375 0.55758024375 0.9578916749999999 0.5611895984374999 0.96236816875 0.5635916421875 0.9629847078125 0.558596459375 0.9914297124999999 0.49377431562499996 0.9907906828125 0.49057312499999994 0.9882924265625 0.4882561484375 0.9894289828125 0.485492871875 0.986714175 0.47139573125 0.9894236703124999 0.46942321875 0.9868064015625 0.466136959375 0.9856162718749999 0.456444125 0.9872374703125001 0.4536213453125 0.9851884796875 0.44895344687499994 0.9809586031249999 0.44455332968750005 0.9780937 0.42522716875000005 0.9760404156250001 0.4225275921875 0.971881290625 0.42271030156249995 0.9695685046875001 0.42791375781249996 0.9648057250000001 0.42718669218749994 0.96329393125 0.41687742187500004 0.9594425671875 0.4055435546875 0.9427567874999999 0.3918499703125 0.939253871875 0.38736059218749996 0.9323981359375001 0.38361085625 0.928437365625 0.3854090390625 0.9253751265625001 0.3825053796875 0.9237271421875001 0.37910010625 0.9172552312500001 0.384486275 0.9101528796875 0.38273460937500003 0.9081789375 0.38068122187500003 0.9048218218749999 0.38338918125 0.9008299703124999 0.3809276296875 0.8968209390625 0.3863393578125 0.8902782765625 0.38714269687499997 0.887145284375 0.379656209375 0.8866295609374999 0.37545598125 0.8826420046875001 0.37102611093750004 0.8816148531250001 0.360657334375 0.878063678125 0.359781503125 0.8752834296875 0.357171184375 0.8733534531249999 0.353472571875 0.8596505703125 0.3420364546875 0.855464659375 0.3359911125 0.8453440328124999 0.32969056406249997 0.8392635203125 0.322238021875 0.8377785140625 0.31815680625 0.83535530625 0.3184543375 0.8133652546875 0.3116433796875 0.80933373125 0.3088587328125 0.808241140625 0.3099767828125 0.8077875796875 0.314296025 0.8106524828125 0.33362218593750004 0.8150195703125 0.34915628125 0.8173108812500001 0.35379442499999997 0.8187433328125 0.36345750468750004 0.823782171875 0.376449378125 0.8238770546874999 0.3792254359375 0.82568801875 0.381954765625 0.8272212859374999 0.382422434375 0.8292702750000001 0.38709033125 0.8290987078125 0.3917029140625
10 0.43406343124999996 0.0741547546875 0.37719930625 0.011627140625 0.32482995312499996 0.0177532640625 0.33237466250000003 0.0551644109375 0.39713299062499996 0.1259028203125 0.49947352343749996 0.14914162343749998 0.48386084531250007 0.1191885796875 0.43406343124999996 0.0741547546875
9 0.2325185625 0.167647828125 0.2032146375 0.1645963984375 0.1506524734375 0.16440039374999998 0.1120283125 0.1802257796875 0.1174324671875 0.22965600312499998 0.145712659375 0.251452384375 0.1827411203125 0.24158626249999998 0.20732716406249999 0.2305877484375 0.2233180703125 0.2064590953125 0.230851325 0.18115186562500002 0.2325185625 0.167647828125
9 1 0.509724015625 0.9926522703125 0.5033346046875 0.9791851671874999 0.5508626515625 0.98957435625 0.5876290421875 1 0.5980991765625 1 0.509724015625
7 0.605972734375 0.9904151328124999 0.65310001875 0.9846286296875 0.6867423671874999 0.97838019375 0.6561016171875 0.8792048781249999 0.64516684375 0.8782553484375001 0.5924704249999999 0.9351296796874999 0.596230734375 0.979423446875 0.605972734375 0.9904151328124999
7 0.7802143734375 0.946763246875 0.76348146875 0.9130134734375 0.7405404515625 0.8833826874999999 0.7112875437499999 0.9048764874999999 0.736606203125 0.974375359375 0.780426290625 0.968994928125 0.7802143734375 0.946763246875
9 0.6082370390625 0 0.61397373125 0.0038965921875 0.6428902703125 0.0190401171875 0.6566767890625 0.0291541015625 0.6602279656250001 0.0300299328125 0.6669560984375 0.036747028125 0.6765963765625 0.041138762499999995 0.6838927890625001 0.046474218750000004 0.6906605921875 0.0535144078125 0.69534403125 0.0535952859375 0.7036933624999999 0.0574895984375 0.7044246203125 0.05543201875 0.70293531875 0.053319121875 0.7025514937499999 0.044183218749999996 0.7010664859375 0.0401020046875 0.7001765453125001 0.0408672046875 0.697598946875 0.037904040625 0.6983784656250001 0.0322329140625 0.6943158609375 0.0251885359375 0.6948530578125001 0.0195471625 0.691653609375 0.0055095265625 0.688992375 0.0038684921875 0.6780879359374999 0.0052073890625 0.6749023890625 0.0033027671874999998 0.6752723125 0.0003056578125 0.674749325 0 0.6082370390625 0
9 0.8188448171875 0.1319014453125 0.82580136875 0.12645577187499998 0.82856341875 0.11890139531249999 0.8283296874999999 0.114994509375 0.81954826875 0.10557783750000001 0.7418610421875 0.0518193 0.7379485328125 0.0500039359375 0.7376579515625 0.0536472359375 0.7389713890625 0.062341032812499995 0.7445983421875 0.0741128171875 0.7437834484375 0.0774925265625 0.744823484375 0.08195634375000001 0.7498510765625 0.0908500296875 0.794730728125 0.1178080796875 0.802146153125 0.1241128203125 0.8083585624999999 0.1266296859375 0.81242975625 0.1297374265625 0.8188448171875 0.1319014453125