8 0.315185546875 0.2903645828125 0.314208984375 0.2877604171875 0.310546875 0.2884114578125 0.308837890625 0.2906901046875 0.310302734375 0.29296875 0.314697265625 0.2923177078125 0.315185546875 0.2903645828125
9 0.29248046875 0.08430989531250001 0.29052734375 0.08463541718749999 0.287841796875 0.09602864531250001 0.287109375 0.1149088546875 0.287841796875 0.1201171875 0.285888671875 0.1295572921875 0.28759765625 0.1354166671875 0.286376953125 0.1383463546875 0.282470703125 0.1422526046875 0.2841796875 0.1471354171875 0.28271484375 0.1497395828125 0.283203125 0.1627604171875 0.281494140625 0.1852213546875 0.2822265625 0.1956380203125 0.28173828125 0.21354166718749998 0.28076171875 0.220703125 0.280029296875 0.2561848953125 0.278564453125 0.2594401046875 0.2783203125 0.2666015625 0.27880859375 0.2828776046875 0.27978515625 0.2864583328125 0.27734375 0.2906901046875 0.278076171875 0.2952473953125 0.276123046875 0.2985026046875 0.2767333984375 0.3048502609375 0.275634765625 0.3063151046875 0.276611328125 0.3108723953125 0.27490234375 0.3138020828125 0.275390625 0.31640625 0.276611328125 0.3173828125 0.275146484375 0.3219401046875 0.276611328125 0.3258463546875 0.275390625 0.3291015625 0.2763671875 0.333984375 0.275146484375 0.3365885421875 0.273193359375 0.3580729171875 0.272705078125 0.3782552078125 0.270751953125 0.3844401046875 0.271484375 0.392578125 0.269775390625 0.4046223953125 0.271240234375 0.408203125 0.271240234375 0.4147135421875 0.269287109375 0.4231770828125 0.269775390625 0.4280598953125 0.265625 0.455078125 0.264892578125 0.4817708328125 0.265625 0.4860026046875 0.26416015625 0.5029296875 0.263916015625 0.5211588546875 0.26220703125 0.5283203125 0.261962890625 0.5390625 0.260986328125 0.541015625 0.260986328125 0.544921875 0.261962890625 0.5455729171875 0.175048828125 0.8170572921874999 0.171630859375 0.8180338546874999 0.1708984375 0.8235677078125001 0.168212890625 0.8258463546874999 0.170654296875 0.8268229171874999 0.173583984375 0.8310546875 0.177490234375 0.8291015625 0.186279296875 0.8310546875 0.188720703125 0.84375 0.18701171875 0.845703125 0.189208984375 0.8502604171874999 0.189208984375 0.8544921875 0.192626953125 0.8515625 0.1986083984375 0.8492838546874999 0.20263671875 0.8492838546874999 0.203125 0.8531901046874999 0.204833984375 0.8544921875 0.208251953125 0.8515625 0.210693359375 0.8515625 0.212646484375 0.8538411453125001 0.21337890625 0.8518880203125001 0.216796875 0.849609375 0.220703125 0.85546875 0.22802734375 0.8557942703125001 0.2314453125 0.8518880203125001 0.236328125 0.8544921875 0.239501953125 0.8512369796874999 0.246826171875 0.849609375 0.248291015625 0.849609375 0.251953125 0.8531901046874999 0.258056640625 0.8518880203125001 0.260009765625 0.8483072921874999 0.264404296875 0.8499348953125001 0.267822265625 0.8544921875 0.268310546875 0.8743489578125001 0.264892578125 0.8766276046874999 0.263671875 0.880859375 0.267578125 0.8857421875 0.275390625 0.8860677078125001 0.27734375 0.8844401046874999 0.283203125 0.8854166671874999 0.284912109375 0.8844401046874999 0.312255859375 0.8828125 0.314453125 0.8837890625 0.318359375 0.8824869796874999 0.322021484375 0.8850911453125001 0.326416015625 0.8837890625 0.329833984375 0.8873697921874999 0.33251953125 0.8863932296874999 0.36572265625 0.8889973953125001 0.366455078125 0.8880208328125001 0.36474609375 0.8857421875 0.36474609375 0.8837890625 0.36669921875 0.8831380203125001 0.368896484375 0.87890625 0.371337890625 0.8802083328125001 0.374267578125 0.8863932296874999 0.378173828125 0.8870442703125001 0.38037109375 0.8860677078125001 0.384765625 0.8909505203125001 0.392822265625 0.8883463546874999 0.392333984375 0.8873697921874999 0.388671875 0.888671875 0.3857421875 0.8844401046874999 0.385498046875 0.8828125 0.387939453125 0.8763020828125001 0.38525390625 0.8740234375 0.385498046875 0.8525390625 0.38818359375 0.8515625 0.392822265625 0.8525390625 0.396240234375 0.8509114578125001 0.399169921875 0.8518880203125001 0.400146484375 0.8544921875 0.402099609375 0.8515625 0.409423828125 0.8499348953125001 0.4150390625 0.8525390625 0.416015625 0.8551432296874999 0.417724609375 0.8512369796874999 0.421630859375 0.8499348953125001 0.425048828125 0.8470052078125001 0.426513671875 0.849609375 0.432373046875 0.8489583328125001 0.4345703125 0.8499348953125001 0.438232421875 0.8531901046874999 0.439208984375 0.8570963546874999 0.4404296875 0.8557942703125001 0.44140625 0.8515625 0.443603515625 0.8502604171874999 0.447021484375 0.8551432296874999 0.4482421875 0.8528645828125001 0.45166015625 0.8509114578125001 0.455078125 0.8564453125 0.457275390625 0.8538411453125001 0.460205078125 0.8538411453125001 0.462890625 0.8557942703125001 0.46435546875 0.8518880203125001 0.471923828125 0.849609375 0.47216796875 0.8505859375 0.47607421875 0.8502604171874999 0.4765625 0.8479817703125001 0.479248046875 0.8470052078125001 0.4814453125 0.8430989578125001 0.484619140625 0.8466796875 0.486083984375 0.8548177078125001 0.48876953125 0.8505859375 0.49072265625 0.8505859375 0.49267578125 0.8548177078125001 0.494384765625 0.8561197921874999 0.495849609375 0.8512369796874999 0.497802734375 0.8489583328125001 0.4990234375 0.849609375 0.5 0.8486328125 0.5078125 0.8531901046874999 0.50927734375 0.8551432296874999 0.5107421875 0.8544921875 0.511474609375 0.8518880203125001 0.51416015625 0.8505859375 0.517578125 0.85546875 0.521484375 0.8512369796874999 0.524169921875 0.8561197921874999 0.5283203125 0.857421875 0.544921875 0.8570963546874999 0.545166015625 0.85546875 0.549072265625 0.853515625 0.547607421875 0.8489583328125001 0.550537109375 0.84765625 0.552978515625 0.841796875 0.55078125 0.83984375 0.548828125 0.8333333328125001 0.55029296875 0.830078125 0.54931640625 0.8284505203125001 0.5546875 0.8095703125 0.5595703125 0.8095703125 0.56201171875 0.8072916671874999 0.56494140625 0.806640625 0.571044921875 0.798828125 0.573974609375 0.7994791671875 0.57666015625 0.7962239578125 0.580078125 0.7991536453125 0.583984375 0.7867838546875 0.5751953125 0.7884114578125 0.57275390625 0.7864583328125 0.573974609375 0.78125 0.57568359375 0.779296875 0.575439453125 0.77734375 0.577392578125 0.7750651046875 0.58056640625 0.775390625 0.580322265625 0.7737630203125 0.578857421875 0.7727864578125 0.578857421875 0.7701822921875 0.584716796875 0.763671875 0.582763671875 0.7626953125 0.580322265625 0.7565104171875 0.577880859375 0.7568359375 0.57666015625 0.7584635421875 0.56982421875 0.7571614578125 0.568115234375 0.7548828125 0.563720703125 0.7565104171875 0.560791015625 0.7509765625 0.5625 0.7467447921875 0.565673828125 0.7438151046875 0.558349609375 0.7405598953125 0.55810546875 0.7356770828125 0.556884765625 0.734375 0.552490234375 0.7376302078125 0.549560546875 0.7347005203125 0.544921875 0.7330729171875 0.541748046875 0.734375 0.538818359375 0.7333984375 0.537109375 0.7242838546875 0.534912109375 0.7262369796875 0.531982421875 0.7252604171875 0.529541015625 0.7200520828125 0.529296875 0.71484375 0.52734375 0.7119140625 0.525146484375 0.7112630203125 0.525390625 0.7001953125 0.526611328125 0.6998697921875 0.527099609375 0.6966145828125 0.528564453125 0.6953125 0.53369140625 0.6969401046875 0.53515625 0.693359375 0.532470703125 0.689453125 0.533203125 0.6858723953125 0.537353515625 0.6861979171875 0.540771484375 0.6884765625 0.54541015625 0.6858723953125 0.54736328125 0.681640625 0.546875 0.6754557296875 0.548095703125 0.6728515625 0.556640625 0.671875 0.560546875 0.6682942703125 0.56787109375 0.6643880203125 0.572021484375 0.6676432296875 0.57373046875 0.6673177078125 0.578857421875 0.658203125 0.56982421875 0.6552734375 0.564697265625 0.6516927078125 0.5615234375 0.6565755203125 0.555908203125 0.65625 0.553466796875 0.6585286453125 0.548828125 0.65625 0.53125 0.6555989578125 0.528564453125 0.6536458328125 0.525634765625 0.6442057296875 0.527587890625 0.6422526046875 0.525390625 0.6399739578125 0.523193359375 0.6399739578125 0.522705078125 0.6376953125 0.52001953125 0.6357421875 0.52001953125 0.6334635421875 0.521484375 0.630859375 0.51953125 0.6276041671875 0.518798828125 0.6188151046875 0.51513671875 0.6155598953125 0.515869140625 0.611328125 0.5126953125 0.6080729171875 0.51171875 0.6051432296875 0.509521484375 0.6044921875 0.506591796875 0.6070963546875 0.502685546875 0.6048177078125 0.5029296875 0.603515625 0.501953125 0.6028645828125 0.499267578125 0.6044921875 0.498046875 0.6002604171875 0.499755859375 0.5953776046875 0.4990234375 0.5944010421875 0.493896484375 0.5930989578125 0.489013671875 0.5950520828125 0.486083984375 0.5882161453125 0.480224609375 0.5846354171875 0.48046875 0.5797526046875 0.478759765625 0.5768229171875 0.4775390625 0.5771484375 0.45556640625 0.5514322921875 0.45849609375 0.5445963546875 0.45703125 0.5406901046875 0.453369140625 0.5390625 0.4521484375 0.5325520828125 0.460205078125 0.5276692703125 0.462890625 0.5286458328125 0.465087890625 0.5270182296875 0.466796875 0.5211588546875 0.463623046875 0.5179036453125 0.464599609375 0.5146484375 0.470458984375 0.5126953125 0.479736328125 0.5146484375 0.480712890625 0.5152994796875 0.482421875 0.5221354171875 0.487060546875 0.5192057296875 0.489013671875 0.5152994796875 0.491943359375 0.513671875 0.486328125 0.5107421875 0.481201171875 0.5130208328125 0.47412109375 0.5120442703125 0.470947265625 0.5081380203125 0.445556640625 0.5074869796875 0.44140625 0.5032552078125 0.444091796875 0.498046875 0.443603515625 0.494140625 0.441650390625 0.4921875 0.446044921875 0.4733072921875 0.4482421875 0.4733072921875 0.4501953125 0.470703125 0.4453125 0.4658203125 0.446533203125 0.462890625 0.445068359375 0.4615885421875 0.44384765625 0.45703125 0.43701171875 0.4534505203125 0.43701171875 0.4358723953125 0.439453125 0.4345703125 0.439697265625 0.4313151046875 0.435302734375 0.4306640625 0.433837890625 0.4319661453125 0.427490234375 0.4329427078125 0.42333984375 0.4361979171875 0.416748046875 0.4313151046875 0.4141437984375 0.4313151046875 0.413818359375 0.4322916671875 0.412109375 0.4313151046875 0.411865234375 0.4270833328125 0.411865234375 0.4309895828125 0.401611328125 0.4440104171875 0.399169921875 0.4436848953125 0.39794921875 0.4401041671875 0.393798828125 0.4404296875 0.3916015625 0.4388020828125 0.390625 0.4358723953125 0.391845703125 0.431640625 0.390625 0.4287109375 0.391357421875 0.4153645828125 0.388916015625 0.408203125 0.389404296875 0.3958333328125 0.38818359375 0.3916015625 0.390625 0.3876953125 0.38916015625 0.3844401046875 0.389404296875 0.380859375 0.385986328125 0.3798828125 0.384521484375 0.3779296875 0.386474609375 0.3727213546875 0.3857421875 0.3694661453125 0.38671875 0.3649088546875 0.385498046875 0.3603515625 0.386474609375 0.3583984375 0.388671875 0.357421875 0.387451171875 0.3548177078125 0.388916015625 0.3492838546875 0.384521484375 0.3473307296875 0.383544921875 0.3212890625 0.380859375 0.3177083328125 0.381591796875 0.3050130203125 0.380615234375 0.2978515625 0.382568359375 0.2945963546875 0.382568359375 0.2906901046875 0.380615234375 0.283203125 0.382080078125 0.2789713546875 0.380859375 0.2744140625 0.378662109375 0.2783203125 0.375732421875 0.2760416671875 0.3740234375 0.2721354171875 0.37353515625 0.2659505203125 0.371826171875 0.2623697921875 0.373291015625 0.2555338546875 0.37255859375 0.248046875 0.37451171875 0.24381510468749998 0.373046875 0.236328125 0.375244140625 0.232421875 0.37451171875 0.2236328125 0.37548828125 0.212890625 0.37353515625 0.20865885468749998 0.374267578125 0.1966145828125 0.3720703125 0.1917317703125 0.373046875 0.1875 0.374755859375 0.1852213546875 0.372802734375 0.1796875 0.374267578125 0.16796875 0.374267578125 0.1578776046875 0.373046875 0.1565755203125 0.368896484375 0.1565755203125 0.358642578125 0.1295572921875 0.35986328125 0.126953125 0.36572265625 0.1246744796875 0.369140625 0.1263020828125 0.375732421875 0.1253255203125 0.397216796875 0.1263020828125 0.39892578125 0.1295572921875 0.398681640625 0.1324869796875 0.3974609375 0.1334635421875 0.398681640625 0.1357421875 0.400390625 0.1357421875 0.402587890625 0.1324869796875 0.407958984375 0.1396484375 0.420166015625 0.1396484375 0.42333984375 0.1416015625 0.428466796875 0.140625 0.431396484375 0.1422526046875 0.435546875 0.1412760421875 0.43896484375 0.1438802078125 0.442138671875 0.1416015625 0.445068359375 0.1443684890625 0.444091796875 0.150390625 0.4453125 0.1516927078125 0.452392578125 0.150390625 0.454833984375 0.1539713546875 0.462646484375 0.1549479171875 0.48388671875 0.1559244796875 0.4853515625 0.154296875 0.483154296875 0.1494140625 0.484375 0.1474609375 0.484619140625 0.1422526046875 0.482421875 0.1402994796875 0.476806640625 0.1422526046875 0.470458984375 0.134765625 0.460693359375 0.1311848953125 0.460205078125 0.12890625 0.458251953125 0.126953125 0.4599609375 0.123046875 0.459228515625 0.1207682296875 0.45458984375 0.1165364578125 0.447265625 0.115234375 0.442138671875 0.1168619796875 0.438720703125 0.1149088546875 0.435302734375 0.1106770828125 0.431640625 0.109375 0.427490234375 0.1100260421875 0.416259765625 0.1028645828125 0.412841796875 0.1041666671875 0.404541015625 0.1012369796875 0.400146484375 0.09830729218749999 0.395263671875 0.09830729218749999 0.389404296875 0.09635416718749999 0.384521484375 0.09309895781250001 0.382568359375 0.09440104218749999 0.308349609375 0.06380208281250001 0.298583984375 0.0625 0.296875 0.06412760468749999 0.295166015625 0.07161458281250001 0.29052734375 0.07552083281250001 0.291259765625 0.07779947968749999 0.294677734375 0.07877604218749999 0.295166015625 0.08170572968749999 0.29248046875 0.08430989531250001
9 0 0 0 0.033203125 0.005126953125 0.0348307296875 0.006103515625 0.0377604171875 0.002197265625 0.0406901046875 0 0.0406901046875 0 0.0465494796875 0.003173828125 0.0478515625 0.004638671875 0.0517578125 0.002197265625 0.05403645781250001 0.001953125 0.064453125 0.0048828125 0.07486979218749999 0.002685546875 0.080078125 0.0048828125 0.08365885468749999 0.003662109375 0.08756510468749999 0.004638671875 0.091796875 0 0.0947265625 0 0.099609375 0.005615234375 0.1018880203125 0.009765625 0.1064453125 0.013671875 0.1061197921875 0.014892578125 0.1048177078125 0.015380859375 0.1025390625 0.010009765625 0.09798177031250001 0.011474609375 0.09407552031250001 0.013427734375 0.0947265625 0.015625 0.09147135468749999 0.016357421875 0.08365885468749999 0.01513671875 0.0810546875 0.01513671875 0.0771484375 0.015625 0.07421875 0.018798828125 0.072265625 0.020751953125 0.07389322968749999 0.024169921875 0.07421875 0.025146484375 0.07584635468749999 0.029541015625 0.0751953125 0.03271484375 0.07845052031250001 0.0341796875 0.078125 0.03662109375 0.0732421875 0.03955078125 0.07356770781250001 0.041259765625 0.07584635468749999 0.044677734375 0.07682291718749999 0.049560546875 0.06868489531250001 0.04833984375 0.06705729218749999 0.04833984375 0.05891927031250001 0.068359375 0.0595703125 0.0712890625 0.0615234375 0.080078125 0.060546875 0.085205078125 0.06282552031250001 0.0849609375 0.07161458281250001 0.079833984375 0.06998697968749999 0.076171875 0.07194010468749999 0.076171875 0.07291666718749999 0.077392578125 0.07584635468749999 0.078857421875 0.07649739531250001 0.08544921875 0.07584635468749999 0.087890625 0.0771484375 0.092041015625 0.076171875 0.09521484375 0.07779947968749999 0.09619140625 0.08203125 0.0947265625 0.08235677031250001 0.09228515625 0.08658854218749999 0.088134765625 0.08756510468749999 0.091796875 0.08984375 0.09326171875 0.09309895781250001 0.096435546875 0.09342447968749999 0.099853515625 0.0908203125 0.107421875 0.095703125 0.110107421875 0.09309895781250001 0.1201171875 0.091796875 0.124267578125 0.09440104218749999 0.130126953125 0.095703125 0.127685546875 0.1217447921875 0.12060546875 0.1266276046875 0.125 0.12890625 0.125732421875 0.1321614578125 0.128662109375 0.1360677078125 0.1259765625 0.1412760421875 0.1220703125 0.1422526046875 0.12451171875 0.1438802078125 0.125244140625 0.1468098953125 0.134765625 0.1539713546875 0.154541015625 0.162109375 0.156982421875 0.1676432296875 0.168212890625 0.171875 0.173583984375 0.177734375 0.181396484375 0.1829427078125 0.1845703125 0.1813151046875 0.18505859375 0.177734375 0.183837890625 0.1735026046875 0.187255859375 0.1689453125 0.188232421875 0.1656901046875 0.211669921875 0.1461588546875 0.216796875 0.1471354171875 0.220458984375 0.15234375 0.225830078125 0.1546223953125 0.240234375 0.1565755203125 0.2421875 0.1578776046875 0.244140625 0.162109375 0.24853515625 0.1617838546875 0.251220703125 0.154296875 0.25048828125 0.150390625 0.251220703125 0.14453125 0.253173828125 0.1399739578125 0.255859375 0.1396484375 0.255859375 0.1341145828125 0.2568359375 0.1311848953125 0.256103515625 0.1243489578125 0.251220703125 0.1209309890625 0.25 0.1106770828125 0.251953125 0.1064453125 0.25537109375 0.10546875 0.256591796875 0.103515625 0.25732421875 0.1002604171875 0.2568359375 0.095703125 0.251953125 0.09505208281250001 0.25 0.09342447968749999 0.247802734375 0.08626302031250001 0.236328125 0.08235677031250001 0.232666015625 0.07845052031250001 0.22265625 0.076171875 0.220458984375 0.072265625 0.22119140625 0.060546875 0.21142578125 0.052734375 0.209228515625 0.0442708328125 0.201416015625 0.0374348953125 0.19921875 0.033203125 0.1953125 0.0302734375 0.192138671875 0.0250651046875 0.189208984375 0.0227864578125 0.184814453125 0.0234375 0.17333984375 0.0192057296875 0.170166015625 0.0263671875 0.1650390625 0.0227864578125 0.1611328125 0.0218098953125 0.15869140625 0.0185546875 0.159912109375 0.013020832812499999 0.158447265625 0.011067707812499999 0.15380859375 0.013997395312499999 0.150634765625 0.012044270312499999 0.148193359375 0.013020832812499999 0.143310546875 0.012044270312499999 0.122314453125 0.013020832812499999 0.107666015625 0.008463542187500001 0.09912109375 0.0032552078125 0.0947265625 0.001953125 0.094482421875 0 0 0
3 0.909423828125 0.6884765625 0.82275390625 0.6787109375 0.7080078125 0.712890625 0.71044921875 0.7763671875 0.9033203125 0.8089192703125001 0.941162109375 0.7682291671875 0.909423828125 0.6884765625
8 0.419921875 0.7991536453125 0.39794921875 0.6819661453125 0.369873046875 0.6201171875 0.3125 0.5517578125 0.23193359375 0.5029296875 0.203857421875 0.5192057296875 0.196533203125 0.52734375 0.172119140625 0.5240885421875 0.10498046875 0.5078125 0.087890625 0.5094401046875 0.0341796875 0.5777994796875 0.01953125 0.7096354171875 0.035400390625 0.7747395828125 0.05615234375 0.8024088546874999 0.194091796875 0.8203125 0.335693359375 0.8479817703125001 0.40283203125 0.8349609375 0.419921875 0.7991536453125
8 0.07568359375 0.3304036453125 0.030517578125 0.3108723953125 0.01708984375 0.3125 0.010986328125 0.3515625 0.0048828125 0.390625 0 0.4345703125 0.009765625 0.458984375 0.023193359375 0.4638671875 0.047607421875 0.439453125 0.0732421875 0.400390625 0.07568359375 0.3824869796875 0.07568359375 0.3304036453125
8 0.247802734375 0.23111979218749998 0.1904296875 0.2766927078125 0.106201171875 0.3401692703125 0.133056640625 0.4378255203125 0.220947265625 0.4736328125 0.240478515625 0.4182942703125 0.257568359375 0.3564453125 0.26123046875 0.2783203125 0.247802734375 0.23111979218749998
10 0.419921875 0.6526692703125 0.54931640625 0.6705729171875 0.587158203125 0.6461588546875 0.587158203125 0.5501302078125 0.54443359375 0.4313151046875 0.400390625 0.4036458328125 0.3662109375 0.56640625 0.38330078125 0.6233723953125 0.419921875 0.6526692703125
10 0.487060546875 0.05696614531250001 0.411376953125 0.0211588546875 0.33935546875 0.006510417187500001 0.369873046875 0.07161458281250001 0.416259765625 0.07975260468749999 0.487060546875 0.05696614531250001
8 0.66650390625 0.244140625 0.726318359375 0.23274739531250002 0.733642578125 0.1578776046875 0.654296875 0.1171875 0.52490234375 0.1253255203125 0.48684977500000004 0.1792333265625 0.66650390625 0.244140625
8 0.9961669921875 0.5794270828125 0.9859095375000001 0.67754843125 0.99365234375 0.6689453125 0.999755859375 0.5826822921875 0.994873046875 0.4459635421875 0.96923828125 0.4069010421875 0.870361328125 0.4134114578125 0.91796875 0.52734375 0.9806893484374999 0.6748321875000001 0.9961669921875 0.5794270828125
6 0.09033203125 0.751953125 0.0390625 0.8024088546874999 0.02685546875 0.888671875 0.986328125 0.8479817703125001 0.999755859375 0.7633463546875 0.09033203125 0.751953125