9 0.3659959359375 0.5317849140625001 0.385009765625 0.5419921875 0.392684203125 0.524842246875 0.427734375 0.5146484375 0.439208984375 0.498046875 0.443359375 0.474609375 0.437255859375 0.4537760421875 0.42783462656250004 0.4267759765625 0.427183653125 0.4883927859375 0.271240234375 0.5074869796875 0.267333984375 0.5126953125 0.271240234375 0.5198567703125 0.304931640625 0.5413411453125 0.329345703125 0.5543619796875 0.3659959359375 0.5317849140625001
9 0.6376953125 0.6510416671875 0.64892578125 0.6520182296875 0.65869140625 0.6487630203125 0.6537086125 0.6090229171875 0.681884765625 0.5611979171875 0.682373046875 0.5481770828125 0.6787109375 0.5364583328125 0.677490234375 0.5341796875 0.673095703125 0.5322265625 0.626953125 0.5458984375 0.619140625 0.5511067703125 0.5869140625 0.6002604171875 0.58740234375 0.6116536453125 0.592041015625 0.630859375 0.61595444375 0.6359260234375 0.6376953125 0.6510416671875
9 0.59033203125 0.490234375 0.63037109375 0.5026041671875 0.694580078125 0.5042317703125 0.72216796875 0.4957682296875 0.7509765625 0.474609375 0.751708984375 0.4576822921875 0.7506976765625 0.3625556125 0.7402827000000001 0.3478022828125 0.7305186953125 0.23151138124999998 0.7337733640625 0.4571504671875 0.626369321875 0.4701681046875 0.5853605359375 0.463225371875 0.580078125 0.4150390625 0.578125 0.4163411453125 0.574951171875 0.4352213546875 0.574462890625 0.466796875 0.575927734375 0.4772135421875 0.578857421875 0.482421875 0.59033203125 0.490234375
9 0.7969140015625 0.47797866874999995 0.8034233375 0.47624300937499997 0.813187340625 0.47277169218750004 0.892333984375 0.4606119796875 0.923828125 0.4469401046875 0.928955078125 0.4404296875 0.93017578125 0.435546875 0.9336100546875 0.4154940296875 0.9169921875 0.4235026046875 0.8444320734374999 0.44326496562499995 0.8066780046875 0.44066144375 0.8053760578125001 0.40855126249999996 0.788818359375 0.4274088546875 0.786376953125 0.431640625 0.7861328125 0.4563802078125 0.787841796875 0.4664713546875 0.791015625 0.478515625 0.7969140015625 0.47797866874999995
8 0.833740234375 0.6321614578125 0.8483771640625 0.5777805984375 0.880615234375 0.6009114578125 0.90673828125 0.529296875 0.90673828125 0.5250651046875 0.892333984375 0.5022786453125 0.88818359375 0.498046875 0.88037109375 0.494140625 0.8295000796875 0.5378598859375 0.78662109375 0.5598958328125 0.7880859375 0.623046875 0.78955078125 0.6305338546875 0.814453125 0.640625 0.833740234375 0.6321614578125
8 0.7568359375 0.5751953125 0.755859375 0.533203125 0.751953125 0.5159505203125 0.724853515625 0.5029296875 0.72119140625 0.5032552078125 0.70458984375 0.53515625 0.70654296875 0.5462239578125 0.731689453125 0.5758463546875 0.756103515625 0.5940755203125 0.7568359375 0.5751953125
8 0.536865234375 0.705078125 0.545166015625 0.7008463546875 0.549072265625 0.693359375 0.5537109375 0.6516927078125 0.551513671875 0.6041666671875 0.54736328125 0.580078125 0.532958984375 0.5686848953125 0.526611328125 0.5680338546875 0.52099609375 0.5719401046875 0.515380859375 0.5791015625 0.510498046875 0.587890625 0.5087890625 0.5970052078125 0.509033203125 0.6272786453125 0.513427734375 0.689453125 0.521240234375 0.7005208328125 0.536865234375 0.705078125
8 0.29931640625 0.7600911453125 0.32275390625 0.7659505203125 0.357177734375 0.7542317703125 0.396484375 0.7301432296875 0.402587890625 0.720703125 0.399169921875 0.705078125 0.392578125 0.68359375 0.388671875 0.6790364578125 0.376953125 0.6735026046875 0.3419189296875 0.692335790625 0.299072265625 0.6624348953125 0.29541015625 0.6630859375 0.282958984375 0.6725260421875 0.28271484375 0.677734375 0.293212890625 0.7470703125 0.29541015625 0.7555338546875 0.29931640625 0.7600911453125
8 0.14404296875 0.9996744796874999 0.2060546875 0.9996744796874999 0.2099609375 0.994140625 0.208740234375 0.9391276046874999 0.21770810937500001 0.9028690812500001 0.198831025 0.892454996875 0.1780011703125 0.8941906546875 0.152099609375 0.7356770828125 0.1484375 0.7294921875 0.139404296875 0.7239583328125 0.119140625 0.7184244796875 0.11474609375 0.71875 0.1142578125 0.7220052078125 0.1337890625 0.9508463546874999 0.139892578125 0.9947916671874999 0.14404296875 0.9996744796874999
8 0.044677734375 0.84765625 0.048828125 0.8444010421874999 0.050048828125 0.8294270828125001 0.046142578125 0.814453125 0.044677734375 0.8111979171874999 0.036865234375 0.8040364578125001 0.032958984375 0.8030598953125001 0.029541015625 0.8056640625 0.02685546875 0.8098958328125001 0.0224609375 0.8229166671874999 0.021240234375 0.8401692703125001 0.023681640625 0.8505859375 0.029541015625 0.8522135421874999 0.044677734375 0.84765625
8 0 0.9996744796874999 0.032958984375 0.9996744796874999 0.041259765625 0.99609375 0.042236328125 0.9895833328125001 0.040771484375 0.9453125 0.037109375 0.9378255203125001 0.025634765625 0.9401041671874999 0 0.9661458328125001 0 0.9996744796874999
3 0.11326453750000001 0.3597313421875 0.1144362296875 0.3722282828125 0.125371925 0.38784945 0.12888694375 0.4013877859375 0.1284963890625 0.41700895156250006 0.126153034375 0.42977055000000003 0.12224743281249999 0.4407053890625 0.112483428125 0.454243715625 0.0988138234375 0.443308915625 0.0976421453125 0.45164018749999996 0.1097495203125 0.46569923125 0.1163890296875 0.464657825 0.12771528125 0.44799524375 0.1351359296875 0.4563265546875 0.138650946875 0.4662199375 0.14021319375000002 0.47975829374999995 0.153101690625 0.489130990625 0.15427335312499998 0.5037107421875 0.153101690625 0.5136041546875 0.159350646875 0.5245389625 0.1597412015625 0.5375566015625 0.1613034484375 0.5464086 0.164427940625 0.55473988125 0.156226153125 0.5625504640625001 0.148805534375 0.574005990625 0.1452904875 0.57817163125 0.15153944375 0.58806504375 0.156226153125 0.5760888203125 0.165599603125 0.5651539921875 0.1753636078125 0.567236821875 0.18981435156249998 0.5661954062500001 0.1987972171875 0.565674709375 0.2023122640625 0.577130215625 0.20153115625 0.6005619656250001 0.1976255546875 0.6354492406250001 0.199968909375 0.6661708749999999 0.1976255546875 0.689081928125 0.20270281875 0.713555071875 0.20387451093750003 0.70157886875 0.20387451093750003 0.6791885140625 0.2058273109375 0.6427391265625 0.2058273109375 0.6109760765625001 0.21246682187500002 0.5891064593750001 0.20856122031250002 0.568798934375 0.2120762671875 0.5432843546874999 0.2194969171875 0.533911659375 0.2183252234375 0.5193319078124999 0.2069989734375 0.53130813125 0.199968909375 0.549012128125 0.19528216874999998 0.5573434078124999 0.187470965625 0.5573434078124999 0.1738013609375 0.5583848234375 0.16950520468750002 0.5484914109375 0.165599603125 0.533911659375 0.165599603125 0.5214147375 0.1632562484375 0.511521325 0.1597412015625 0.5083971 0.16013175468750002 0.49537946093749996 0.146852734375 0.47767546406249994 0.1577884 0.48288252031249995 0.16950520468750002 0.47975829374999995 0.18317481093750002 0.46517853281250005 0.17419194531249999 0.46517853281250005 0.16599015781249998 0.46986488125000003 0.1570072921875 0.472989115625 0.15114888906249999 0.4662199375 0.1476338421875 0.4563265546875 0.1382603921875 0.44851597187500003 0.1327925453125 0.43862254843750004 0.134354790625 0.412587271875 0.1363075921875 0.39175905 0.13083974375000001 0.3812202 0.12380967968750001 0.372368221875 0.119904078125 0.36299550625 0.1159984765625 0.347895046875 0.118732384375 0.33123246562499997 0.114045675 0.31248706406250004 0.1117023203125 0.296865896875 0.105078115625 0.29830729218749996 0.104281671875 0.3097436171875 0.11014007343750001 0.329530425 0.10818727343750001 0.3415066578125 0.11326453750000001 0.3597313421875
8 0.154296875 0.6422526046875 0.158203125 0.6402994796875 0.149169921875 0.5992838546875 0.146728515625 0.5934244796875 0.127197265625 0.5836588546875 0.124267578125 0.583984375 0.122802734375 0.5849609375 0.114501953125 0.6025390625 0.1142578125 0.6070963546875 0.12548828125 0.6266276046875 0.150390625 0.640625 0.154296875 0.6422526046875
8 0.9466854187499999 0.44779270000000004 0.9531947546874999 0.411343271875 0.9453125 0.380859375 0.9330158234375 0.328030396875 0.919677734375 0.32421875 0.919921875 0.373046875 0.9232518187500001 0.401797015625 0.9401760828124999 0.4677530390625 0.9466854187499999 0.44779270000000004
3 0.5490938937500001 0.07651799375 0.5748708578125 0.0822457671875 0.602600621875 0.0806836546875 0.621347521875 0.0827664640625 0.6357982359375 0.0822457671875 0.6494678406250001 0.0687074109375 0.665871384375 0.0687074109375 0.6482961781250001 0.060896828125000003 0.6361887890625 0.0697488265625 0.6279870328125 0.0739144671875 0.618223028125 0.07026954375 0.5963516656250001 0.072352353125 0.5846348609375001 0.072352353125 0.57291805625 0.0661038828125 0.5666691 0.0655831859375 0.551827803125 0.06766601562499999 0.53464315 0.0645417703125 0.51784908125 0.0671452984375 0.500664428125 0.062458960937499995 0.485042021875 0.0645417703125 0.474496909375 0.077559409375 0.474496909375 0.0916184625 0.481542959375 0.09518229218749999 0.500664428125 0.0895356328125 0.5119906796875 0.0770387109375 0.5315186859375001 0.07339376875 0.5490938937500001 0.07651799375
8 0.2099609375 0.4166666671875 0.208251953125 0.3837890625 0.205078125 0.3772786453125 0.197265625 0.3792317703125 0.195068359375 0.3831380203125 0.197021484375 0.404296875 0.20458984375 0.4208984375 0.20751953125 0.4212239578125 0.2099609375 0.4166666671875
8 0.20263671875 0.3131510421875 0.200927734375 0.3056640625 0.197021484375 0.3030598953125 0.189208984375 0.3079427078125 0.1875 0.3102213546875 0.189208984375 0.3190104171875 0.201171875 0.3219401046875 0.20263671875 0.3131510421875
9 0.090576171875 0.2985026046875 0.093017578125 0.2688802078125 0.087646484375 0.2542317703125 0.083740234375 0.25 0.080078125 0.24869791718749998 0.0791015625 0.2509765625 0.08203125 0.2945963546875 0.083984375 0.3014322921875 0.088134765625 0.3024088546875 0.090576171875 0.2985026046875
9 0.862548828125 0.7516276046875 0.88232421875 0.7314453125 0.8876953125 0.7180989578125 0.88916015625 0.7086588546875 0.88671875 0.7041015625 0.884521484375 0.7027994796875 0.798095703125 0.732421875 0.795654296875 0.7369791671875 0.79296875 0.7486979171875 0.79248046875 0.763671875 0.79443359375 0.779296875 0.810546875 0.7757161453125 0.862548828125 0.7516276046875
11 0.0562806796875 0 0.0702873484375 0.21296146875000002 0.13245161875 0.23959375624999998 0.1968360328125 0.22923674374999997 0.19905617656250002 0.140462509375 0.281201746875 0.1345442203125 0.393319378125 0.130105521875 0.4565936828125 0.130105521875 0.47990523749999997 0.07980012812500001 0.4477131046875 0 0.19794606718750002 0 0.095819121875 0 0.0562806796875 0