8 0.46020400781250004 0.5692913703125 0.45631149843749996 0.568829721875 0.44277239843749994 0.5787799437500001 0.4417564109375 0.5868874453124999 0.44922126249999994 0.6529434125 0.45479847656250005 0.668121259375 0.46960142187500004 0.6989300796875 0.47902570468750005 0.715870865625 0.4825606171875 0.7195772171875 0.485114140625 0.716409196875 0.48390657812500004 0.688029453125 0.46161115625000004 0.57096910625 0.46020400781250004 0.5692913703125
8 0.41445231875 0.424377215625 0.4106506921875 0.4213129875 0.4081198890625 0.42383036250000006 0.40625289843749995 0.4283252359375 0.379110403125 0.49903563437500004 0.36909330156250003 0.5550352609375 0.3575853828125 0.7236816875 0.3534171109375 0.8150632390625001 0.3528426265625 0.8525008906249999 0.376037084375 0.901843028125 0.3794188890625 0.90293828125 0.390199975 0.9020118874999999 0.40654252968750004 0.88173655 0.4097998875 0.872404440625 0.4338280890625 0.625045453125 0.4370116234375 0.4639255953125 0.41445231875 0.424377215625
8 0.4861046203125 0.3242778046875 0.476793425 0.31808970468750003 0.4731449078125 0.317636575 0.468361375 0.32170388125 0.4651949015625 0.3284334109375 0.45134209218750004 0.3823447734375 0.45106943906249997 0.3901525140625 0.4533216515625 0.40260849531250004 0.4591201359375 0.41844550781249995 0.4657246984375 0.4251905296875 0.47752719375 0.4229969265625 0.4800466375 0.42080487343749995 0.49277037031250004 0.3642483265625 0.4888507546875 0.329585209375 0.4861046203125 0.3242778046875
8 0.7896614765625001 0.725741346875 0.77618511875 0.7268993375 0.767531796875 0.7298543515625 0.7550536109375 0.7444016875 0.6969156125 0.8912251625 0.6951562890625 0.8996324265625001 0.6983503859375 0.91309845625 0.7477087796874999 0.9617256624999999 0.7502168609375001 0.95985893125 0.7694201921875 0.913625953125 0.7910590578125001 0.8326260671875 0.80372650625 0.7636902234375 0.8041073421875 0.7457889640625 0.8023544749999999 0.7330247015625 0.7896614765625001 0.725741346875
8 0.456030553125 0.80073201875 0.45284626093749997 0.828958396875 0.4562092125 0.8795623171875 0.4643908125 0.8971111468749999 0.47389023437500005 0.8769225609375001 0.4811216984375 0.809751203125 0.47849510781250004 0.79402495625 0.4725716578125 0.7817664921875 0.46079188281250005 0.7833094484374999 0.458970334375 0.7865030328125 0.456030553125 0.80073201875
3 0 0.760254234375 0.0032269562500000003 0.7305770203125 0.0045444515625 0.6928488953125 0.0054421984375 0.6531522562500001 0.010050553125 0.6051185265625 0.0121275921875 0.587606553125 0.0114707546875 0.5504607265625 0.0146944390625 0.5141016796875 0.01635169375 0.4946211921875 0.023795656249999998 0.4772966375 0.028822821874999998 0.4592363671875 0.033339375 0.44180959687500004 0.02833705625 0.43532271875 0.0261907140625 0.450677834375 0.0207438 0.46676959062499995 0.0129709484375 0.47952373125000003 0.0090558671875 0.4937151484375 0.00759120625 0.5216689796875 0.0052189015625 0.5476372828125 0.003016440625 0.5827294296875001 0.002447615625 0.626996559375 0 0.647955484375 0 0.760254234375
3 0.0235846 0.635468496875 0.016858271875 0.6378387234375 0.0096522609375 0.63739789375 0.0075900906249999995 0.64585145 0.0165856859375 0.64564456875 0.028386215625 0.6434515171874999 0.0367101828125 0.6400950515625 0.043545559375 0.634602484375 0.048148028125 0.6259058125 0.03859858125 0.6307825671875 0.030220081250000003 0.6357002140625 0.0235846 0.635468496875
1 0.2025009046875 0.4024415671875 0.1795307921875 0.80282709375 0.05349304218749999 0.7973837296874999 0.07194771250000001 0.5151127093750001 0.062268809375 0.5017817796874999 0.0417012109375 0.8105185390624999 0.32050035625 0.8171282890624999 0.327829428125 0.707969409375 0.32002298281249997 0.7076968015625 0.31176861875 0.7985875671875 0.198892796875 0.79672995625 0.1979951828125 0.7664792640625 0.1893717625 0.7672201578125 0.2093908125 0.3953878484375 0.2025009046875 0.4024415671875
11 0.1630508375 0.9508693062500001 0.1678222109375 0.9471282625 0.1682310875 0.9354195437499999 0.1636814359375 0.9258170937499999 0.1499492078125 0.9201273562500001 0.14201830625 0.9094299156250001 0.131630625 0.9061364234375 0.12489627656249999 0.9101345625 0.11985233749999999 0.9216814359375001 0.1183372796875 0.930095159375 0.1153189890625 0.932594871875 0.10901032968749999 0.9313976531250001 0.1050276078125 0.9335380390625 0.1015836453125 0.9412331343749999 0.102996015625 0.9497490734375 0.10417577812500001 0.9579312546875001 0.1049130734375 0.9647954234375 0.10701185625000001 0.97463789375 0.1066143359375 0.9860213890624999 0.1124614703125 0.986445909375 0.1207216234375 0.9867343609375 0.1590562015625 0.988073034375 0.163634075 0.9831279703125 0.16345283906250002 0.9743293906250001 0.1612518375 0.9674140843749999 0.15554465 0.9629814874999999 0.1566172421875 0.9532497640625 0.1630508375 0.9508693062500001
11 0.3139632078125 0.99348250625 0.3278849578125 0.9939686640625001 0.3405781078125 0.994191584375 0.34746008906250003 0.9859652890625 0.3497924171875 0.9681365734374999 0.3502694421875 0.9544763656249999 0.35125707500000003 0.9401827546874999 0.348959796875 0.9290307640625001 0.344472346875 0.92464075 0.3375222203125 0.9348185328125 0.333511346875 0.9307707703125001 0.3325073859375 0.9245485718750001 0.33781800781250004 0.9123597171875 0.3443863 0.89878344375 0.3450392703125 0.8870803515624999 0.3438761140625 0.8854111375 0.33297600156249996 0.8827504625 0.323704309375 0.8824266875 0.2183961140625 0.88298359375 0.1859387328125 0.903021909375 0.1799861046875 0.9125856171875 0.1812232125 0.9270809484375 0.18347508125 0.939533878125 0.180927425 0.9495397390625 0.1742498828125 0.951911678125 0.17115754218749998 0.9635267015625001 0.164729384375 0.9727457718749999 0.1680165484375 0.9825229890625 0.1710748390625 0.9858869796875 0.1787916953125 0.9887622125 0.3139632078125 0.99348250625
11 0.383643684375 0.9708354187499999 0.3793935765625 0.973618475 0.37118821875 0.9847321109375 0.370813321875 0.9954677546875 0.4222956125 0.99726555625 0.4376844015625 0.9903114015625001 0.44229210625000004 0.984283640625 0.44623599687500004 0.9762783828125 0.4482052328125 0.9688556078125 0.44395564375 0.957632753125 0.431750628125 0.950366440625 0.42443087031250004 0.9501108281249999 0.383643684375 0.9708354187499999
3 0.3582976484375 0.1592924953125 0.357556884375 0.14320175 0.35804148125 0.1293247421875 0.35836739375 0.1106661203125 0.36038747031249996 0.0994478390625 0.35717296875 0.0889151203125 0.3548282515625 0.081452096875 0.3623706375 0.061308746875 0.3710402734375 0.03686290625 0.370655059375 0.0199162078125 0.36265111875 0.043951103125 0.3529148296875 0.0709648140625 0.349268409375 0.0821263015625 0.3538821 0.0992206671875 0.35332968125 0.1057141640625 0.3528220453125 0.129576653125 0.3528971140625 0.1460783328125 0.35396314218749997 0.16218046875 0.34504460937500003 0.165776671875 0.3346511453125 0.164979528125 0.318493725 0.1613759953125 0.30993863906249997 0.1545644578125 0.301186684375 0.153390475 0.293410521875 0.1522505515625 0.288243753125 0.1603196421875 0.2739925203125 0.15808524531249998 0.2666627828125 0.153487428125 0.25850078125 0.1540707796875 0.24947623124999999 0.16070263437500001 0.2346198765625 0.15714450156249998 0.23013394531250003 0.16436904375 0.22343960625 0.16022756093749999 0.214874246875 0.1625335765625 0.21048706250000002 0.15760431875 0.2018562578125 0.1529610671875 0.1942236375 0.15703638749999999 0.18547168281249998 0.15586240468749998 0.192725690625 0.1626285078125 0.2009634078125 0.1598768703125 0.21013875781250002 0.1675784421875 0.21690881874999998 0.169551590625 0.22319493124999998 0.16673180468749998 0.2314853265625 0.17179736406249999 0.23762789999999998 0.16376233125 0.25310448281250003 0.1682104640625 0.26221990625 0.1589767234375 0.27049516093750003 0.1644759015625 0.2922124234375 0.167405215625 0.29649425156250003 0.1567000953125 0.3093989875 0.160190040625 0.3169479953125 0.16783480312500001 0.33733389375 0.1715859984375 0.3496638171875 0.172884978125 0.35598019375 0.1691978375 0.35719765937500003 0.180963371875 0.3574090703125 0.19356215000000002 0.3594660078125 0.2092646609375 0.3619391453125 0.2223765984375 0.36696895937499996 0.23688038749999998 0.371287675 0.253096059375 0.37378447656249997 0.23755256875000003 0.36614523125 0.2138397625 0.3638084359375 0.1968249234375 0.36238683125 0.18157877656250002 0.36160065937499997 0.16678903437499998 0.380580121875 0.154860384375 0.3822966765625 0.1709852046875 0.3834232796875 0.1853526734375 0.3884228078125 0.20072378125 0.38839316875 0.1829211515625 0.38595824218749997 0.15939005 0.385391303125 0.1476472484375 0.40317571562500004 0.132637596875 0.4178661015625 0.12229595156249999 0.42247319375 0.1116021890625 0.421247209375 0.128058434375 0.42339505937500005 0.14115901250000001 0.4240449359375 0.1598517078125 0.42552646562499996 0.19203318281249998 0.43995880937500004 0.20773367343750002 0.4421744546875 0.22821779687500002 0.4488530296875 0.25146284375 0.45486653125 0.256448878125 0.46396489062499996 0.303658678125 0.4651006640625 0.27113440624999996 0.46051723593749994 0.2531727375 0.45090339375 0.2393772625 0.4470764984375 0.21840269375000002 0.44283350312499997 0.200018753125 0.4317368359375 0.1913816796875 0.42721592968750005 0.1156754890625 0.43620230937500004 0.1194627828125 0.4524124328125 0.1308834984375 0.467442603125 0.138789525 0.479416953125 0.14094441093750001 0.46870614687499995 0.1305841109375 0.45849438124999997 0.124583096875 0.44896347968750006 0.117737484375 0.439402290625 0.1117591875 0.428305621875 0.10312214687500001 0.4300307484375 0.0910251921875 0.432640778125 0.0815642453125 0.4350164296875 0.06949000625 0.4263329234375 0.057029565625 0.42797613593749995 0.075756940625 0.4253509375 0.0856515359375 0.42289959218749995 0.0998940625 0.4174530015625 0.10665084531249999 0.41453282812500003 0.115666765625 0.40255058125 0.12306367656249999 0.3931402046875 0.1314187734375 0.3810519265625 0.14185128593750002 0.3718910953125 0.1523860265625 0.3582976484375 0.1592924953125
8 0.1490570265625 0 0.13568003281250002 0.0188389984375 0.1108532984375 0.030346334375 0.100130325 0.043648723437499995 0.114165934375 0.04739525 0.11727409531249999 0.07029854218750001 0.1227418140625 0.10956619999999999 0.16821851875 0.122226075 0.200659096875 0.10251795156250001 0.17140764375 0.1008452 0.13559813125 0.0911280859375 0.1318775921875 0.057782934375 0.14313393125 0.043196609375 0.16410285625 0.0302520203125 0.171979709375 0 0.1490570265625 0
8 0.48628331718749995 0 0.47969644375 0.0152624859375 0.486123628125 0.0340483734375 0.495869878125 0.04871685 0.5035109156249999 0.0747091921875 0.4903133796875 0.1169070734375 0.487322303125 0.153599865625 0.48277070312500003 0.2000073546875 0.49185771718750004 0.24754238437499998 0.49164143281249995 0.267724459375 0.5030681 0.24825949375 0.5011860890625 0.2042324609375 0.5060487921875 0.1838869828125 0.5017894703125 0.14498719531249998 0.5142610875 0.09559987187499999 0.5148976078125 0.0633838015625 0.50798839375 0.0374170328125 0.49803232656249996 0.0217642953125 0.5112347921875 0.0004075 0.5020971328125 0 0.48628331718749995 0
8 0.46315472812499997 0.47733763125 0.4647088265625 0.48878927968749997 0.4690486046875 0.4974074453125 0.4717666078125 0.48252295468749995 0.4750179765625 0.466354528125 0.47934142968750004 0.45445684999999997 0.47601824375 0.45046751093750004 0.4665591796875 0.46377968750000004 0.46315472812499997 0.47733763125
8 0.4707952984375 0.5173324359375 0.47104516875 0.51017710625 0.46846390781249997 0.5071562078125 0.4656608453125 0.502220903125 0.46297748437499997 0.517385090625 0.4605774796875 0.5231627750000001 0.4654846765625 0.5295212890625 0.46630691406249997 0.540947378125 0.4699943359375 0.5472633 0.47369903750000003 0.5460901078125 0.4749133578125 0.539294090625 0.4727918625 0.530102096875 0.46940517656249997 0.52216848125 0.4707952984375 0.5173324359375
8 0.7078901328125 0.10943573437500001 0.725341046875 0.11330152812500001 0.7542917640625 0.11659196093749999 0.7786074000000001 0.119720559375 0.812630225 0.1176522703125 0.8314144750000001 0.11830823125 0.8431073375 0.11220376875 0.8615172703124999 0.10959026406250001 0.8741800578125 0.1106837265625 0.8786793125000001 0.10074602968749999 0.87586548125 0.097391375 0.8676051843750001 0.096126003125 0.8554303296875 0.09504956718749999 0.8429320421875 0.0962413140625 0.8352559562499999 0.0992296515625 0.8245107515625 0.09918005625000001 0.815915665625 0.1005081046875 0.8041151296875 0.1027011453125 0.797936821875 0.1047648609375 0.7882355546875 0.1027978875 0.7723900703125001 0.1019189421875 0.7643624015625 0.100987303125 0.7530329671875 0.096683996875 0.7432976265625 0.0956927625 0.73526995625 0.0947611484375 0.7264877109375 0.094454465625 0.710069375 0.0889965359375 0.6994772375 0.091557396875 0.6909957265625 0.08963301875 0.6858559578125 0.0829407484375 0.6838793843750001 0.07704180625 0.6706914515625 0.07654968437500001 0.6580059859375 0.0761066984375 0.6510163328125 0.0804215703125 0.6500459765625 0.08722610625 0.6567798390624999 0.0972304375 0.666140375 0.10895469218750001 0.6753196546875 0.11188035156250001 0.6845671 0.11285456093749999 0.69468268125 0.10995141093750001 0.7078901328125 0.10943573437500001
3 0.727026496875 0.4305171078125 0.7140516546875 0.43136655468749996 0.699692590625 0.4298882203125 0.6856683375 0.4258164546875 0.671122115625 0.422703365625 0.6720357015625 0.41752504375 0.6720934453125 0.3878938984375 0.667582878125 0.3863131578125 0.6671339578125 0.41800514062499994 0.6577615781249999 0.4206086078125 0.6585783796875 0.4251960875 0.676783871875 0.4284369375 0.6912960203125 0.432525765625 0.7097681765625 0.4351246578125 0.7212225453125 0.4358502875 0.746741146875 0.432508096875 0.738038384375 0.4299247234375 0.727026496875 0.4305171078125
3 0.7365238125 0.424335975 0.7368531875000001 0.41490393125 0.7341529312499999 0.40829684843749997 0.7345672453125001 0.4034267265625 0.7397983625 0.39351459843750003 0.73419883125 0.3929934 0.731475375 0.4010392796875 0.72271584375 0.4000821078125 0.7114259359374999 0.4016416875 0.6966584828125 0.397869603125 0.6912368578125 0.39976079531250003 0.6964767593750001 0.40307348125000003 0.7037385125 0.40495526406250004 0.712463971875 0.40688815937499995 0.7223128875 0.4046269921875 0.7298753765625 0.4048910796875 0.7318097171875 0.41244831875 0.7335682343750001 0.41804561093750003 0.7325183765625 0.427126834375 0.7365238125 0.424335975
8 0.744439934375 0.66655524375 0.7426695703124999 0.6752856734375 0.7423569875 0.6912311140625 0.742288375 0.7071850140625 0.7422819656249999 0.728351346875 0.74608841875 0.7382534515625 0.7510410296875001 0.7433109890625 0.757077590625 0.7383115671875 0.765582284375 0.725582984375 0.7755788515625001 0.7190936515625 0.7866020953125 0.7181760296874999 0.7960026265625 0.7217606953125 0.803650075 0.72658670625 0.8065374875 0.7348285203125 0.814247159375 0.744866928125 0.82290495625 0.7347488171875 0.825328634375 0.7003156765624999 0.8255162609375001 0.6879479234375 0.8278031765625 0.6714201828124999 0.8261582171875 0.662570475 0.8243488125 0.6514355593750001 0.824445596875 0.641669759375 0.8230673171875 0.6321780828125 0.8212974234375 0.626906053125 0.8140356687500001 0.6250242703125 0.8115112171875 0.6203771578125 0.812271696875 0.612588365625 0.8110692203125 0.605056671875 0.8056909390625 0.6051945062499999 0.8019916734375 0.6132063078125001 0.794917078125 0.61295925625 0.7913600265625 0.6099042828125001 0.7931644625 0.600198115625 0.7932839640625 0.5897818265625 0.79056099375 0.5838252328125 0.7812233703125 0.586120271875 0.7757816937500001 0.5943808765624999 0.777415296875 0.6035558171875001 0.779548153125 0.6124225625 0.7790370546875 0.627058484375 0.7739817375 0.6389305953125 0.769834084375 0.65278825625 0.763371853125 0.6629830390625 0.7528592203125 0.6632672109375 0.744439934375 0.66655524375
11 0.9822047515625 1 0.985714878125 0.910804359375 0.9839082171875001 0.9071592421875 0.976447965625 0.9039679656249999 0.9680513765625 0.9066055078125 0.9523190203125 0.9164765828125001 0.943099725 0.9216904984375001 0.9294497906249999 0.9208881953124999 0.9218309984375 0.9082478500000001 0.907687734375 0.9005898890624999 0.8946847203124999 0.8952512234375 0.8921434734375 0.8840907390625 0.881478240625 0.8677619812499999 0.8771266171875001 0.8734715234375001 0.87067574375 0.8833410687500001 0.8612806671875 0.8865950265625001 0.8517833515625 0.8927761593750001 0.84495459375 0.9034791921875 0.8397620046875 0.9245946515625001 0.8374583343750001 0.9346090328125 0.8335659671875 0.9481499624999999 0.827881028125 0.9570693390624999 0.8208573015624999 0.9623599234375 0.8164207375 0.9635075578125001 0.812228140625 0.9646637109375 0.810259259375 0.9720846703125 0.8078138234375001 0.9791633296875 0.8016696062499999 0.9802513312500001 0.796121428125 0.9712653078125 0.7828971828125 0.9652676484375 0.7692981328124999 0.970002984375 0.75625514375 0.97280390625 0.7386792734375 0.9725157765624999 0.7310367921875 0.9885308625 0.729952859375 0.99858785 0.731454571875 1 0.9822047515625 1
11 0.6169924625000001 1 0.6179582124999999 0.9897975140625 0.613919171875 0.9795616296875 0.604932953125 0.971106840625 0.6006613390625 0.9605372234375 0.5938820453125 0.9518338546875 0.590109665625 0.940956025 0.5858607671875 0.9297359203125 0.5856172875000001 0.9157249171874999 0.5824918296875 0.9003107343750001 0.57998465625 0.8881745234375 0.5770745078124999 0.8805831968750001 0.5718438765625 0.8764928640624999 0.5663124921875 0.8740202265624999 0.562017675 0.8781035562499999 0.5606443453125001 0.8894529765625 0.5587604046875 0.901435846875 0.5535915109375 0.9165603953125 0.5498013828125 0.9271741359375 0.54830311875 0.9421012203125001 0.5475821468750001 0.9557528984375001 0.5460952390625 0.9703547453124999 0.5422596796875 0.9822694734375 0.54250908125 0.9891166046875 0.5451179609375 1 0.6169924625000001 1
11 0.5171433140625 1 0.5166648421875 0.9821947874999999 0.513601628125 0.9719929796875 0.5116164234375 0.9588980812499999 0.511083546875 0.9461795328125 0.508922540625 0.9311246656250001 0.5047812781250001 0.92381598125 0.49785435156249996 0.919340778125 0.491103209375 0.9168255453124999 0.48508936406250003 0.9211744796874999 0.48239998125000005 0.9282446343749999 0.48531012812499996 0.9358359593750001 0.4848671765625 0.9485204312500001 0.47908592031249997 0.9532031609375 0.47323653906249996 0.9598372906250001 0.46842517031249997 0.9717179328125001 0.467318503125 0.9824253828125 0.4675051953125 0.9980625875 0.50574541875 1 0.5171433140625 1
11 0.0712009359375 0.96298446875 0.0650794359375 0.9634219828124999 0.057148064062500004 0.9667270406249999 0.0496023671875 0.972976325 0.0455438390625 0.9814219109375 0.09214457499999999 0.985736428125 0.0949146109375 0.9833509546875 0.0909378109375 0.9783274921875 0.08732397187499999 0.9768987062500001 0.082019271875 0.9819236984374999 0.076209865625 0.9804182671874999 0.07445132812500001 0.9748209875 0.074689840625 0.96799089375 0.0712009359375 0.96298446875
7 0.020981715625 0.17025611093749998 0.013861545312500001 0.143298490625 0.0121536015625 0.143238846875 0.008745448437500001 0.24083560781250002 0.0150892375 0.2410571375 0.0192939015625 0.2395753734375 0.0216488765625 0.235097540625 0.0238507421875 0.2280086078125 0.0242824421875 0.2156463515625 0.020981715625 0.17025611093749998
3 0.45432071875 0.0337511625 0.45805758281250003 0.0324343703125 0.46165309062500004 0.03516506875 0.4681685578125 0.03510311875 0.4732064953125 0.0338317625 0.4787637125 0.036341478125 0.47805785937499995 0.0316855078125 0.473120896875 0.03006581875 0.46852674062500005 0.031063221875 0.46416963593749994 0.031489984375 0.45879897343750004 0.029855150000000004 0.46027168749999997 0.024985804687499998 0.4623646265625 0.0210064875 0.462833878125 0.013786443749999999 0.4628997015625 0.00568394375 0.45995430312499996 0.0154226375 0.4584513171875 0.0211592953125 0.45612132968749997 0.025709240625 0.45227341093750006 0.0302061890625 0.45106803281249996 0.033637574999999996 0.448924615625 0.039062439062499996 0.4452733484375 0.0441451390625 0.4424894828125 0.049258151562500005 0.43858100625 0.055489725000000004 0.43292281250000003 0.055871075000000006 0.43025526562499994 0.051436062500000004 0.4283190109375 0.0447109125 0.425969246875 0.037392428125 0.42190976718749995 0.0355139171875 0.42242749999999996 0.03976413125 0.4246023375 0.0454495140625 0.4261553875 0.050713953125 0.4283690578125 0.05571205312500001 0.4325444390625 0.060489150000000005 0.4377386421875 0.06096 0.44216641875 0.058509501562499996 0.4456614015625 0.051684582812500005 0.4515921625 0.0434974484375 0.45371540625 0.0386507984375 0.45432071875 0.0337511625
5 0.9741400921875 0.5965009734375 0.961548753125 0.6389949921875 0.95372966875 0.7038626812500001 0.9551473484375 0.7586897484375 0.962215246875 0.8107530890625 0.985922784375 0.9048507015625 0.9866973281250001 0.8826706812499999 0.9990900328125001 0.52779005625 0.997511940625 0.5416803046875 0.9741400921875 0.5965009734375