7 0.144021484375 0.1628697921875 0.20216723593750002 0.1617786453125 0.2652265625 0.1661432296875 0.3520354 0.18796647187499999 0.440482178125 0.21742773437500001 0.538756346875 0.2327041015625 0.668150878125 0.23488639375 0.7680629890625 0.25452734375 0.8786213375 0.29817382812500004 0.980990478125 0.3156324875 0.9957314453125001 0.275259440625 0.9940935062499999 0.243615559375 0.9719819328125 0.23161295625 0.9064658203124999 0.2228834640625 0.8384929203124999 0.20324283906249999 0.7762524421875 0.18687532499999998 0.7074604484375 0.18032845 0.656685546875 0.17378125 0.57315234375 0.1650520828125 0.5043603515624999 0.1574137375 0.411818846875 0.1519580078125 0.3503974609375 0.1454111328125 0.2717780765625 0.1323170578125 0.22100292968750002 0.14104655 0.1456594234375 0.147593425 0.0727727046875 0.12577018281250002 0.0744106453125 0.1454111328125 0.0809621578125 0.149775715625 0.144021484375 0.1628697921875
3 0.6219948734375 0.1221748046875 0.564270996875 0.11477929687499999 0.4954462890625 0.088156575 0.43217211874999995 0.0792822265625 0.379998534375 0.07632389375000001 0.3278249515625 0.0748450515625 0.2789816890625 0.0792822265625 0.21681738281250001 0.07632389375000001 0.1668640140625 0.07780305937500001 0.11136010781250001 0.082240234375 0.041425292187500004 0.08371940156249999 0.0292146 0.110342121875 0.07694775312499999 0.11773762968749998 0.1546530765625 0.10886328125 0.22791821250000002 0.10146777343749999 0.31006372031249996 0.12069563750000001 0.357796875 0.11330045625 0.428841796875 0.10590494843750001 0.4821254890625 0.13252799531249998 0.56760131875 0.1561927078125 0.6319855953125 0.16210905 0.725231934375 0.1724622390625 0.7552041015625 0.1813365890625 0.8395698234375001 0.1990852859375 0.9317060546875 0.2153548171875 0.9661184078125 0.221271159375 0.9994206546875001 0.23162434843750002 0.999755859375 0.22275 0.98276953125 0.1976061203125 0.8240288093749999 0.1591510421875 0.75409399375 0.14288151093749998 0.683049071875 0.12809082031250002 0.6219948734375 0.1221748046875
9 0.708740234375 0.2783203125 0.71337890625 0.2809244796875 0.720947265625 0.291015625 0.728515625 0.2932942703125 0.730712890625 0.2958984375 0.732421875 0.3030598953125 0.740234375 0.3059895828125 0.748046875 0.3138020828125 0.76318359375 0.326171875 0.77392578125 0.3248697921875 0.782958984375 0.3274739578125 0.795166015625 0.328125 0.802490234375 0.3307291671875 0.805908203125 0.330078125 0.822265625 0.3238932296875 0.825927734375 0.3190104171875 0.82958984375 0.31640625 0.8310546875 0.3118489578125 0.832763671875 0.3098958328125 0.841796875 0.3079427078125 0.845947265625 0.302734375 0.845703125 0.2981770828125 0.84375 0.2942708328125 0.819091796875 0.2828776046875 0.8134765625 0.2819010421875 0.808837890625 0.2789713546875 0.80322265625 0.27734375 0.796142578125 0.2770182296875 0.775146484375 0.2718098953125 0.76220703125 0.2701822921875 0.755859375 0.267578125 0.7353515625 0.2685546875 0.703125 0.2649739578125 0.6953125 0.2669270828125 0.69482421875 0.267578125 0.697021484375 0.26953125 0.7041015625 0.2724609375 0.708740234375 0.2783203125
9 0.251708984375 0.22037760468749998 0.26171875 0.22916666718749998 0.26416015625 0.23697916718749998 0.26611328125 0.23990885468749998 0.283203125 0.2522786453125 0.28759765625 0.2532552078125 0.292724609375 0.2565104171875 0.295166015625 0.259765625 0.30224609375 0.2630208328125 0.3056640625 0.2669270828125 0.310546875 0.2688802078125 0.314208984375 0.2724609375 0.318115234375 0.2724609375 0.335693359375 0.265625 0.345703125 0.2581380203125 0.353271484375 0.24674479218749998 0.35693359375 0.2333984375 0.360595703125 0.23014322968749998 0.36474609375 0.23111979218749998 0.36865234375 0.23372395781250002 0.37255859375 0.232421875 0.373291015625 0.224609375 0.369140625 0.22005208281250002 0.365478515625 0.21842447968749998 0.361328125 0.21907552031250002 0.357666015625 0.216796875 0.34716796875 0.21516927031250002 0.343994140625 0.21256510468749998 0.3359375 0.2109375 0.33056640625 0.20833333281250002 0.325439453125 0.20865885468749998 0.318603515625 0.2041015625 0.290771484375 0.20149739531250002 0.2490234375 0.193359375 0.242919921875 0.1946614578125 0.240966796875 0.1962890625 0.2412109375 0.20052083281250002 0.242919921875 0.2041015625 0.243896484375 0.2099609375 0.251708984375 0.22037760468749998
9 0.049072265625 0.2672526046875 0.04931640625 0.2711588546875 0.052978515625 0.2796223953125 0.056640625 0.2955729171875 0.05810546875 0.306640625 0.057861328125 0.3154296875 0.060546875 0.3294270828125 0.0625 0.35546875 0.064208984375 0.3610026046875 0.068359375 0.3619791671875 0.0791015625 0.35546875 0.080322265625 0.353515625 0.08203125 0.3453776046875 0.08642578125 0.337890625 0.091064453125 0.3336588546875 0.0966796875 0.322265625 0.111572265625 0.3043619796875 0.1171875 0.2884114578125 0.122314453125 0.283203125 0.12451171875 0.279296875 0.122314453125 0.263671875 0.1181640625 0.24837239531250002 0.11474609375 0.24251302031250002 0.107421875 0.23470052031250002 0.103271484375 0.23209635468749998 0.09912109375 0.23177083281250002 0.08544921875 0.216796875 0.076171875 0.21061197968749998 0.071044921875 0.2119140625 0.0673828125 0.21842447968749998 0.0654296875 0.224609375 0.061279296875 0.2294921875 0.045654296875 0.23372395781250002 0.04443359375 0.2412109375 0.044189453125 0.248046875 0.046142578125 0.251953125 0.04736328125 0.2626953125 0.049072265625 0.2672526046875
9 0.092529296875 0.5940755203125 0.091796875 0.5963541671875 0.0947265625 0.5914713546875 0.09619140625 0.5911458328125 0.105224609375 0.59375 0.11181640625 0.5934244796875 0.114990234375 0.595703125 0.11865234375 0.5944010421875 0.125732421875 0.5953776046875 0.126708984375 0.5963541671875 0.125732421875 0.599609375 0.126953125 0.6015625 0.13037109375 0.59765625 0.133544921875 0.5986328125 0.154296875 0.5986328125 0.157958984375 0.5973307296875 0.160888671875 0.591796875 0.16162109375 0.5872395828125 0.16748046875 0.5755208328125 0.169921875 0.5719401046875 0.173583984375 0.5696614578125 0.17578125 0.564453125 0.1640625 0.5589192703125 0.161865234375 0.556640625 0.1337890625 0.5498046875 0.124267578125 0.5436197921875 0.119140625 0.5419921875 0.115966796875 0.5380859375 0.110107421875 0.5345052078125 0.107421875 0.5341796875 0.105712890625 0.5387369796875 0.100341796875 0.5436197921875 0.092041015625 0.5472005203125 0.087890625 0.5452473953125 0.08740234375 0.546875 0.087646484375 0.5615234375 0.089599609375 0.572265625 0.09130859375 0.5927734375 0.092529296875 0.5940755203125
3 0.18129492187500001 0.34551139375 0.1546530765625 0.363260090625 0.144662353125 0.3824876296875 0.1668640140625 0.40615266875 0.22680810468749998 0.404673503125 0.3022932125 0.404673503125 0.3444760734375 0.383966796875 0.3633474125 0.3484694015625 0.3400356453125 0.33367903593750003 0.29896289062500003 0.3277626953125 0.250119628125 0.35586490937500004 0.22791821250000002 0.35882291718750003 0.18129492187500001 0.34551139375
9 0.954833984375 0.3968098953125 0.9580078125 0.3974609375 0.968017578125 0.392578125 0.971923828125 0.3854166671875 0.97607421875 0.3805338546875 0.97802734375 0.3736979171875 0.97412109375 0.3489583328125 0.9716796875 0.3466796875 0.96728515625 0.3453776046875 0.962890625 0.345703125 0.95263671875 0.3541666671875 0.9501953125 0.3583984375 0.947265625 0.3681640625 0.945556640625 0.3763020828125 0.946533203125 0.3837890625 0.952392578125 0.3948567703125 0.954833984375 0.3968098953125
3 0.22887036093750002 0.5580888671875 0.2711792 0.57004655 0.32759082031250003 0.57687923125 0.3583608390625 0.58200390625 0.40323364218749996 0.58969108125 0.43528564375 0.5973782546875 0.48464575156249995 0.6067734375 0.5256723640625001 0.6050651046875 0.546185790625 0.6042109375 0.57887890625 0.603357096875 0.516056640625 0.5922535812499999 0.46797875937500005 0.5862747390624999 0.45387573281250004 0.5828580734375 0.3814382328125 0.57004655 0.30835961875 0.556380534375 0.239768065625 0.54271484375 0.22887036093750002 0.5580888671875
3 0.3856123046875 0.24049479218749997 0.416732665625 0.255771159375 0.4634128421875 0.255771159375 0.4961708984375 0.25140625 0.49289501874999997 0.2284918625 0.43556835937500005 0.21103352812499998 0.3798796390625 0.20339518281250002 0.3757849125 0.22412727812500002 0.3856123046875 0.24049479218749997
7 0.0465661625 0 0 0.0024690750000000003 0.014627196875000002 0.0744856765625 0.0375578609375 0.0777591140625 0.07686743124999999 0.0755768234375 0.144021484375 0.0581181640625 0.2283735359375 0.062482746874999995 0.3725090328125 0.057027018750000005 0.44867163125 0.055935871875 0.532204834375 0.08648828125 0.6419443359375 0.10394694062500001 0.7238396 0.12577018281250002 0.786898925 0.1421376953125 0.8818972171875 0.1508668625 0.98917993125 0.19014876249999998 0.999755859375 0.17378125 0.999755859375 0.1443199875 0.9768957515625001 0.10612923125 0.940861815625 0.07230338593749999 0.8687939453125001 0.033021484375 0.7746145015625 0 0.4724213875 0 0.255398925 0 0.0465661625 0