9 0.5377480671875 1 0.538066271875 0.9820777187499999 0.5419110609375 0.9626414078125001 0.54085354375 0.9397725359375 0.5692797781250001 0.8422909546874999 0.5701433671875 0.835941009375 0.57462330625 0.8257306124999999 0.571904284375 0.7840658796875 0.5666183124999999 0.7597114359375 0.5378821687500001 0.7129658546875 0.5381284187500001 0.7049894125 0.53144919375 0.698977840625 0.5319045328125 0.6790650015625 0.5303783281250001 0.6704094640625 0.531435309375 0.663281696875 0.52873540625 0.65359358125 0.5304863953125001 0.6391541421875 0.5293760203125 0.6234838890625001 0.5227020265625 0.6137527921875 0.5185740562500001 0.6015895062500001 0.5108344296875 0.55957050625 0.508595634375 0.5562466625 0.503447846875 0.5551711015625 0.5020197796875 0.5526959328125 0.502440840625 0.5419616921875 0.4976688359375 0.5167729015625 0.4965189484375 0.514000775 0.4862576515625 0.502671053125 0.47746158124999993 0.497776459375 0.4738399984375 0.505356434375 0.47200945 0.5155954859375 0.4696201953125 0.5432865328125 0.469906490625 0.55240860625 0.4740849734375 0.574231353125 0.4659572890625 0.6106193546875 0.468739634375 0.6376464171875 0.475575625 0.66891685 0.4804214203125 0.672028915625 0.4852724453125 0.6714214562499999 0.4872992671875 0.673543140625 0.49034879374999996 0.6777156578125 0.49198098437500004 0.6869722734375 0.49359747968749995 0.7073874671875 0.4929272828125 0.7129595937500001 0.49076281093749996 0.7175556640625 0.4965528234375 0.7785114515625 0.49738790312500003 0.8076172171874999 0.4999925515625 0.824263521875 0.49996639062500003 0.8428611515625001 0.501953703125 0.8578809625 0.49749522968750004 0.8832098937499999 0.498422678125 0.8922189140624999 0.49753527656249996 0.9003084078124999 0.49989367500000004 0.924931153125 0.5032242671875 0.94194526875 0.5054206671875 0.94502868125 0.5159688 0.9954771140625001 0.5212931281250001 1 0.5377480671875 1
9 0.48432916718749996 0.3698850984375 0.4819684203125 0.362120434375 0.47643908125 0.3588809890625 0.4724754578125 0.35139895625 0.47578169687500005 0.34015598125 0.4839284984375 0.335744596875 0.4848292484375 0.3333546078125 0.4856080484375 0.3265237984375 0.48318632656249993 0.316538725 0.48549314062500004 0.27150873125 0.487040275 0.2652861640625 0.48608901250000003 0.258016690625 0.486963065625 0.24422769375 0.48653911875 0.24182337812500002 0.48163235000000004 0.2364909015625 0.47260049375 0.2321336953125 0.4665252578125 0.2220491140625 0.4538979796875 0.2066742546875 0.45384223749999997 0.20073431875 0.45676169218749996 0.191046984375 0.46427780937499996 0.1793096015625 0.4661031234375 0.1727900765625 0.465456203125 0.146626015625 0.454190784375 0.1352254421875 0.45083638125 0.1199508734375 0.444596796875 0.10518503906250001 0.44277383124999997 0.09484648125 0.4378246671875 0.0892735734375 0.4327854828125 0.086939328125 0.4290895734375 0.0865993890625 0.426112025 0.10720486874999999 0.422466628125 0.116524390625 0.42251190781250003 0.12990337968750001 0.4266203234375 0.1532033625 0.4377483296875 0.26505301718749996 0.43981808281249996 0.297411771875 0.45886894375000004 0.394206975 0.46652324375000004 0.40574847187499996 0.48003504062499996 0.39989528124999996 0.4787179234375 0.379303346875 0.48060421406250003 0.3750042328125 0.483319815625 0.373533771875 0.48432916718749996 0.3698850984375
9 0.3055560046875 0.066485425 0.2971467203125 0.06003518906250001 0.2935779953125 0.0604165453125 0.277451084375 0.05706248125 0.273037353125 0.0657737625 0.270685259375 0.09742476718750001 0.27252157499999996 0.11346282968750002 0.2770711421875 0.1448885140625 0.28044124375 0.14900450468749998 0.2893511484375 0.148920890625 0.294697559375 0.1454991046875 0.3209999078125 0.099708746875 0.32465865312500003 0.0960887296875 0.3257104 0.09268048906250001 0.322114978125 0.081662834375 0.31091576718749997 0.06876314375 0.3055560046875 0.066485425
9 0.1311859390625 1 0.12284644687499999 0.981746384375 0.12317748749999999 0.97425080625 0.127705053125 0.9605613156249999 0.12746115 0.951679675 0.11826729531249999 0.925783134375 0.1166882328125 0.9243262187499999 0.116216659375 0.9254009968749999 0.11252940468749999 0.9644767265624999 0.1107941109375 0.9677575890625001 0.10913314375000001 0.978958365625 0.107991628125 1 0.1311859390625 1
9 0.1357611640625 0.6257060421875 0.13464555625000002 0.6137553171875 0.14704174375 0.5959514 0.14632050000000002 0.561867425 0.14238592187500002 0.54892631875 0.1398689453125 0.5458994328125 0.1398260140625 0.5156623625 0.14330183125 0.5053811125000001 0.14303123125 0.4851004625 0.14493321875 0.4696427703125 0.144127721875 0.4650745703125 0.14254865781249998 0.46361765468750005 0.1265065359375 0.46074445468749997 0.124002909375 0.4634170734375 0.12157360625 0.4740096078125 0.1209167578125 0.4852812375 0.1227159109375 0.4973593421875 0.1204190234375 0.5049536453125001 0.1183990421875 0.58910235 0.1151061515625 0.60604483125 0.11697674531249999 0.61290429375 0.120884625 0.6144463921875001 0.12309162656249999 0.6175899109375 0.126623590625 0.6357460765625 0.1259348125 0.6393382234375 0.129389703125 0.643935078125 0.1346036984375 0.6435115234375 0.1362303890625 0.6414893453125 0.13868350625 0.6291572640624999 0.1357611640625 0.6257060421875
9 0.1306361875 0.1223671046875 0.1319689984375 0.1318004625 0.129298678125 0.1466499109375 0.13027663750000001 0.16531839375 0.12926728437499999 0.16896706718750001 0.1272352296875 0.1705649078125 0.1215734734375 0.17032369375 0.11898505625 0.17251545 0.119880575 0.1738449859375 0.123340696875 0.174722315625 0.135816978125 0.1911154265625 0.1349777390625 0.22572246406250002 0.1360137890625 0.2334728015625 0.13837977031249998 0.23751793906250002 0.141052975 0.23580704687499998 0.14399913125 0.23751872187499998 0.14530001406249998 0.23927259687500002 0.14473841875 0.2435860375 0.1469162390625 0.2446894703125 0.15106513906250002 0.2419746515625 0.1520135171875 0.23610556875 0.1544985625 0.23145297187499997 0.15740755625 0.2292046890625 0.15587611875000001 0.224268678125 0.15237360312499998 0.22315091874999998 0.1506673546875 0.22097270781249997 0.14883915625 0.214353675 0.16603820625000001 0.1694247546875 0.16992750625 0.16898687343750002 0.17222439375 0.1613925703125 0.1764156859375 0.1589181828125 0.1785191828125 0.1521017015625 0.181814959375 0.148297778125 0.1826309203125 0.145426925 0.1809670671875 0.1434891453125 0.1715431953125 0.1444071078125 0.16757433906250002 0.1406446 0.1632343953125 0.12727915625 0.16274135781250001 0.11323540000000001 0.16015005625 0.1022886 0.1588144921875 0.0872158453125 0.163405784375 0.0813861625 0.16578601875 0.06770344375000001 0.1699468265625 0.064118853125 0.165691671875 0.051234271875 0.1349164296875 0.056660778125 0.1379212109375 0.07745094531249999 0.1307390203125 0.0948313078125 0.129051353125 0.094633075 0.1281929984375 0.0972634953125 0.1312930328125 0.11109547500000001 0.1306361875 0.1223671046875
9 0.3129617078125 0.10286144687500001 0.31677145 0.0982231765625 0.3149670640625 0.08986459687500001 0.3159340234375 0.08597549374999999 0.30996215625 0.078351753125 0.304027453125 0.07468797031249999 0.288107284375 0.0762555921875 0.2865229875 0.0785182015625 0.2829966578125 0.0791399875 0.280328684375 0.0771313546875 0.2732283984375 0.0818540234375 0.2720151875 0.09371956875000001 0.27412968437499996 0.10946067343749999 0.2829681484375 0.1145957 0.2822555578125 0.11992739375000001 0.28526792031250003 0.120139953125 0.2920795609375 0.12315329531250001 0.295823096875 0.1200141390625 0.2998395796875 0.12029755312499998 0.3023112765625 0.10994545 0.30507450468749997 0.10499589375 0.3129617078125 0.10286144687500001
9 0.12907080625 0.29345096875 0.130930934375 0.307749484375 0.1311881875 0.32233062968750004 0.1297682375 0.3292744921875 0.13116202500000002 0.340928259375 0.13331603281249998 0.34377124062500003 0.137894109375 0.3397412125 0.13768736875 0.33481952812500004 0.147945246875 0.3030140546875 0.144988090625 0.27874479218750003 0.1406562640625 0.27479837812499996 0.1370451453125 0.274939303125 0.1313810421875 0.2915561703125 0.12907080625 0.29345096875
9 0.1901778921875 0.08137574843749999 0.192936425 0.1101423578125 0.180301565625 0.11534510625000001 0.17989096875 0.1186402953125 0.182005465625 0.1343814 0.18343353125 0.13685656875000002 0.1847582296875 0.136870896875 0.1911749703125 0.1320208484375 0.19060002812500002 0.130634784375 0.2030967 0.1021531546875 0.1987038984375 0.09598633125 0.20347536718749998 0.09117848281249999 0.200507746875 0.07434827187500001 0.1901778921875 0.08137574843749999
9 0.135035225 0.62533823125 0.150551840625 0.5764915515625 0.15318265312499998 0.5745402281249999 0.1533998578125 0.572022859375 0.13822890625 0.54222210625 0.1377439828125 0.5375973796875 0.1390843765625 0.5264531296875 0.1385622921875 0.5178684453125 0.1428540734375 0.50471634375 0.14271065624999998 0.4851569890625 0.1445702484375 0.46945886562499994 0.1425248453125 0.46535720156249993 0.13443090156249998 0.4625699640625 0.1314378890625 0.45871794218749995 0.1328437203125 0.4516940171875 0.1325202609375 0.4386119875 0.1346237578125 0.43179550468750005 0.1323025203125 0.411132715625 0.134627915625 0.3680827015625 0.133030271875 0.36464580625 0.129201946875 0.3673040984375 0.1278429734375 0.37646837031249997 0.12875707187500002 0.3797778859375 0.1163451875 0.4087403796875 0.11255925781250001 0.411639103125 0.11678248124999999 0.4168442 0.1182150125 0.42121928437499995 0.11591366249999999 0.42691367187499996 0.11855182187499999 0.4400008203125 0.119533434375 0.46618841718750004 0.116332709375 0.5998787906249999 0.115172359375 0.604545715625 0.1167647734375 0.6117021359375 0.11998910781250001 0.6131168546875 0.12410372968750001 0.6195806359375 0.12578093125 0.6272179203125 0.12421521718749999 0.6314605078125 0.12589241874999998 0.6390977921875 0.12902673125 0.6437511734375 0.13428312343749998 0.6435680500000001 0.13752838750000002 0.6301046640625 0.135035225 0.62533823125
2 0.051187945312500004 0.2191768734375 0.0547752515625 0.22077549687500003 0.0564814984375 0.22295370781249998 0.057037323437499995 0.1923631546875 0.0582824640625 0.1881770921875 0.05638805625 0.18305717500000002 0.044452440625 0.1772287265625 0.04073271875 0.178628334375 0.0368248375 0.17708623750000002 0.0285984796875 0.17729723125000002 0.0196833421875 0.18110037343750002 0.0153172375 0.18633255937499998 0.0181309765625 0.191042465625 0.015937459374999997 0.2010976109375 0.01921230625 0.21217179062499997 0.0187169203125 0.214986115625 0.023689898437500002 0.2188194765625 0.026993790625000003 0.2244345828125 0.0292140046875 0.2257784484375 0.0450732 0.2219904171875 0.046978070312499995 0.21967128125 0.051187945312500004 0.2191768734375