7 0.28955078125 0.359375 0.306396484375 0.3681640625 0.320556640625 0.3688151046875 0.35302734375 0.3580729171875 0.380615234375 0.3444010421875 0.38525390625 0.3375651046875 0.3837890625 0.330078125 0.376953125 0.314453125 0.353759765625 0.2815755203125 0.298583984375 0.28125 0.287841796875 0.283203125 0.283203125 0.2867838546875 0.28173828125 0.2906901046875 0.280517578125 0.314453125 0.279541015625 0.3385416671875 0.28076171875 0.3486328125 0.28515625 0.35546875 0.28955078125 0.359375
7 0.181396484375 0.255859375 0.230224609375 0.2594401046875 0.25016345 0.2385082859375 0.20134343124999998 0.156497171875 0.181640625 0.1569010421875 0.1728515625 0.1565755203125 0.154296875 0.1604817703125 0.150390625 0.1692708328125 0.141845703125 0.212890625 0.1416015625 0.22981770781250002 0.144775390625 0.23600260468749998 0.158203125 0.2513020828125 0.181396484375 0.255859375
7 0.228682671875 0.3530635453125 0.2277062859375 0.33223529375 0.21020505625000002 0.32584635624999997 0.198414275 0.3478564703125 0.1788862671875 0.35046000781250003 0.234541059375 0.3973234859375 0.228682671875 0.3530635453125
7 0.24918706406250002 0.38430584843750004 0.2706679171875 0.373891746875 0.274573459375 0.3478564703125 0.25903318125 0.322591146875 0.24723429375 0.3335370875 0.251139909375 0.34915821406249997 0.238446675 0.3621758515625 0.24918706406250002 0.38430584843750004
7 0.15154702656250002 0.56264760625 0.16521664687499998 0.48584341875000003 0.14306638437500002 0.48860677187499996 0.1281134015625 0.5353104859375 0.1339718640625 0.55744043125 0.15154702656250002 0.56264760625
7 0.3341339421875 0.91282195625 0.34487433125 0.8685620640625 0.3331574828125 0.8542425828125 0.3253463234375 0.8633549890625 0.3243699390625 0.84382853125 0.313629475 0.8216984859375 0.3005370875 0.8369140640625 0.31070031875000004 0.8529408374999999 0.3185114765625 0.8893902656250001 0.3341339421875 0.91282195625
7 0.466552734375 0.7666015625 0.497802734375 0.7835286453125 0.619140625 0.7659505203125 0.631591796875 0.7477213546875 0.63720703125 0.7327473953125 0.635986328125 0.720703125 0.632080078125 0.7109375 0.62890625 0.7086588546875 0.620361328125 0.7080078125 0.489501953125 0.7096354171875 0.4755859375 0.7135416671875 0.462890625 0.7262369796875 0.46142578125 0.7294921875 0.45703125 0.7438151046875 0.45703125 0.7516276046875 0.458984375 0.7581380203125 0.466552734375 0.7666015625
7 0.732177734375 0.830078125 0.739990234375 0.82421875 0.767578125 0.7327473953125 0.767822265625 0.71484375 0.765380859375 0.7041015625 0.760498046875 0.7014973953125 0.728515625 0.7001953125 0.685302734375 0.7037760421875 0.639892578125 0.7672526046875 0.636962890625 0.7744140625 0.636962890625 0.7822265625 0.638427734375 0.7838541671875 0.728515625 0.8307291671874999 0.732177734375 0.830078125
7 0.802734375 0.8232421875 0.818603515625 0.810546875 0.85498046875 0.7646484375 0.859130859375 0.7513020828125 0.857177734375 0.7200520828125 0.85205078125 0.6930338546875 0.848876953125 0.689453125 0.8310546875 0.6936848953125 0.809814453125 0.7018229171875 0.7958984375 0.7171223953125 0.783447265625 0.7516276046875 0.783203125 0.7789713546875 0.78515625 0.794921875 0.7900390625 0.8098958328125001 0.802734375 0.8232421875
7 0.5830078125 0.9938151046874999 0.583251953125 0.9860026046874999 0.575927734375 0.9641927078125001 0.555419921875 0.9469401046874999 0.5517578125 0.9459635421874999 0.54833984375 0.947265625 0.547607421875 0.9674479171874999 0.553955078125 0.9996744796874999 0.578857421875 0.9996744796874999 0.5830078125 0.9938151046874999
7 0.9287617906250001 0.9687978421875 0.9336437921874999 0.959685534375 0.9238797890624999 0.946667896875 0.9033753203125 0.957081946875 0.8887293156249999 0.950573128125 0.887753003125 0.9219343625 0.8789653109375 0.9141237999999999 0.8669433375000001 0.9248046890625 0.8731069984375001 0.959685534375 0.8955640875 0.9700995859375 0.9287617906250001 0.9687978421875
7 0.951171875 0.9544270828125001 0.954345703125 0.951171875 0.956298828125 0.9436848953125001 0.956787109375 0.9156901046874999 0.943603515625 0.8844401046874999 0.931396484375 0.8873697921874999 0.9296875 0.8919270828125001 0.929443359375 0.900390625 0.935546875 0.9358723953125001 0.9462890625 0.9541015625 0.951171875 0.9544270828125001
7 0.942626953125 0.7366536453125 0.951904296875 0.7164713546875 0.9482421875 0.7080078125 0.93505859375 0.705078125 0.926513671875 0.7229817703125 0.9267578125 0.7288411453125 0.930419921875 0.7353515625 0.939453125 0.740234375 0.942626953125 0.7366536453125
7 0.974365234375 0.7985026046875 0.974609375 0.7864583328125 0.973388671875 0.7825520828125 0.970703125 0.7799479171875 0.962158203125 0.7858072921875 0.9599609375 0.7900390625 0.95947265625 0.7952473953125 0.962646484375 0.8004557296874999 0.970947265625 0.8043619796874999 0.974365234375 0.7985026046875
7 0.8252632906249999 0.91542554375 0.8135465156249999 0.8854849343750001 0.8059081812500001 0.8906250015625 0.8115937437499999 0.919330775 0.8213577484375 0.947969640625 0.8252632906249999 0.91542554375
11 0.9336687078124999 0.1779813609375 0.9348911078125001 0.224595528125 0.999755859375 0.2135124390625 0.999755859375 0.16331256875 0.9336687078124999 0.1779813609375