3 0 0.6038336765625 0.009468668750000001 0.6011762390625 0.062131928125 0.6005088484375001 0.10604094374999999 0.6186620781250001 0.1381242921875 0.625534709375 0.06871682343749999 0.6223363749999999 0.06707695625 0.62943941875 0.1430120546875 0.6373511828125 0.1599619171875 0.6316451109375001 0.18185785625 0.64097541875 0.19157673125000002 0.6405471875 0.2076191953125 0.6335628375 0.2621841828125 0.647228946875 0.2821482015625 0.6545100125000001 0.30618060156250004 0.67021198125 0.32140260625 0.6737262578125 0.3486565109375 0.672002284375 0.35840341875 0.687078196875 0.3774600984375 0.69308098125 0.4019912609375 0.69446923125 0.41680346874999996 0.6946824734375 0.43673892499999994 0.6934065203124999 0.46387458437499995 0.7060841109375 0.47394483281250005 0.704133778125 0.48863945781250007 0.7134047359375 0.5034814437499999 0.7098840531249999 0.5427056890624999 0.7413845625000001 0.5621428796875 0.7474752140625001 0.595866625 0.740297675 0.6140245328125 0.7557122171875 0.6204355890625 0.7539859 0.6432680640624999 0.7662044390625 0.6691459859375 0.76523158125 0.67368290625 0.7716230359375 0.701727009375 0.771684715625 0.70775699375 0.776817646875 0.7201688484375001 0.7786143609375 0.7305306593750001 0.79276340625 0.7717180421875 0.8001346671875 0.7903649749999999 0.80443965 0.8124655140625 0.8180923890624999 0.828888521875 0.8111958937500001 0.8339231453125 0.81716785625 0.8783023 0.8124503328125 0.8669446421875 0.8060873921875 0.8292113000000001 0.8011167828125 0.8143693140625 0.804637465625 0.7915368609375 0.792418953125 0.7612099875 0.784883028125 0.7383473109375001 0.7849487875000001 0.7138176953125 0.7627192171875 0.69923970625 0.7598880171875 0.67743066875 0.76233464375 0.6721326624999999 0.7557674796875 0.655915271875 0.753092209375 0.6440593828125001 0.7540958609375 0.623393059375 0.7429118531250001 0.6134107765625 0.742744859375 0.598101865625 0.7274536640625 0.566163740625 0.735577840625 0.5507074671875001 0.7330782874999999 0.50316998125 0.6959176765625 0.49049415625000004 0.7004728703125 0.479399909375 0.6947051359375 0.47178890781250005 0.6929479984375 0.46628521875000006 0.69595260625 0.4283187359375 0.6781025109375001 0.42313678125000004 0.6849221953125 0.41075459218750004 0.677788328125 0.38493495312500003 0.681981025 0.3612825515625 0.6733140328125 0.3506573609375 0.6585697671874999 0.3235851375 0.6603356859375 0.30151321875 0.65523998125 0.2879019203125 0.6430127234375 0.2600634640625 0.6333792828125 0.2305627890625 0.6281717390625 0.20758349062499998 0.621797740625 0.1847494328125 0.6304205328125 0.16575159687500002 0.620690515625 0.14561160312500002 0.617644034375 0.11356995 0.611849859375 0.0869319703125 0.59875275 0.0627818796875 0.590505253125 0.049052396875 0.5926795734375 0.0350011796875 0.5910388171875 0.0018486796874999998 0.5930041953125 0 0.5937260984375 0 0.6038336765625
6 1 0.39995525781249996 0.900333296875 0.65656823125 0.8771489796875 0.6495452921875 0.8522626624999999 0.644468 0.843589228125 0.6407951625 0.801593515625 0.63277010625 0.7930847375 0.6294693671875 0.7761217968749999 0.625887246875 0.7552066765625 0.6177177765625 0.7505958703125 0.6116420390624999 0.7466983078125 0.610074046875 0.7177315640625 0.602050215625 0.7016833390625 0.60101785625 0.6821951109375 0.59752089375 0.6432169062499999 0.5875198171875 0.6410048890625 0.58600688125 0.6410235015625 0.5826703453125 0.639577996875 0.581334375 0.6270798156249999 0.580119359375 0.6243534640624999 0.5778195140625 0.613191153125 0.5762447421875 0.6012787828125 0.5724923046875 0.592330646875 0.57109463125 0.5891099171875 0.5720214828125 0.5860724546875 0.569983896875 0.5800396015625 0.572600103125 0.5727687859375 0.5722578359375 0.5657605343750001 0.5689694390625 0.55937409375 0.5694995125 0.502797515625 0.5517606125000001 0.47834772187499996 0.5471181828125 0.46691111718749995 0.543475584375 0.46418476562500005 0.5411757390624999 0.451613359375 0.5402779015625 0.4439828890625 0.53751401875 0.44173230312499995 0.5353240140625 0.4374686078125 0.5353419125000001 0.434431146875 0.533304325 0.40561085625000004 0.5246461375 0.346213253125 0.5105990375 0.33728373125 0.5058648265625 0.3377417015625 0.5006252234375 0.335124984375 0.5000211078125 0.3318124140625 0.5046016734375 0.32917749375 0.5029911046875 0.324675915625 0.5029540828125 0.31386153125 0.49878697031249997 0.2861206140625 0.49305064062500004 0.283156378125 0.4906958765625 0.271829409375 0.48874900625000006 0.267840415625 0.486491740625 0.25254265625 0.4832940578125 0.23982479687499997 0.4830305765625 0.2325604578125 0.47868080312499994 0.1884606140625 0.4678313875 0.1857160578125 0.4645250890625 0.1705647515625 0.46069305156249996 0.1585241328125 0.45858142031250004 0.1523205546875 0.46049004687500006 0.1410486078125 0.45721954531250003 0.12038916718749999 0.4544544390625 0.07184317500000001 0.43790137968750004 0.0673233921875 0.4368579046875 0.06032686875 0.43858346406250004 0.051568071874999996 0.4345568359375 0.043974009375 0.43380585937499994 0.0414123140625 0.4318781125 0.0046136265625 0.42304838125 0 0.44303219374999997 0 0.55330624375 0.029377659374999997 0.561062621875 0.1132768359375 0.5851094406249999 0.6726129234375 0.7225944359375001 0.707636384375 0.7336869890625 0.731973709375 0.7389716203125001 0.7378657703125 0.7416682421874999 0.8330004843750001 0.76697265625 0.8382157125 0.7671744375 0.8400637578125 0.7689374250000001 0.855635809375 0.7742029328125 0.8874571515625 0.7828858015625 0.9055180796875 0.7860532453125 0.93166663125 0.7954309484375 0.944109790625 0.79796959375 1 0.5558825 1 0.39995525781249996
3 0.695750153125 0.6299872125 0.7050296421875 0.6331983390625 0.73339545 0.637075090625 0.7508716046874999 0.6395065765625 0.7618196015625001 0.6441717375 0.7819299265625 0.6525553921875 0.7970347906249999 0.656577059375 0.8037378531250001 0.664002959375 0.8170576609375001 0.660130853125 0.8325139343749999 0.6626304078125 0.844691525 0.6654418265625 0.8633671328125001 0.6783038765625 0.8848830546875 0.6805992078124999 0.8946898624999999 0.678053659375 0.8643629859375 0.6705177546875001 0.8536201671875 0.6632279515625 0.865124628125 0.6637463671875 0.8496980296875 0.6559096234374999 0.8541777093749999 0.64518700625 0.8488500312499999 0.6439570140625 0.8453074171875 0.65062075625 0.8430235968750001 0.6570407203124999 0.8236155171874999 0.6525600109374999 0.811759653125 0.653563690625 0.7825452640624999 0.6446814187500001 0.77358800625 0.638338240625 0.81544851875 0.6480025015625 0.8397454718749999 0.6504054890625001 0.8391020140625001 0.6427752953125 0.8206305046875 0.6411828234375 0.8030372140625 0.639258709375 0.7738519984375001 0.6319863765625 0.7498476296875001 0.6317885546875 0.7226234546875 0.62817536875 0.7062306453125 0.62278756875 0.6968345499999999 0.6131366890625001 0.6937615515625 0.6038767828125 0.691126296875 0.6118188359375 0.6937016515625001 0.62149824375 0.6737953703125 0.6243841375 0.6489721765625001 0.6138436421875 0.6326376546875 0.6116757234375 0.6141083843749999 0.599916265625 0.6021941703125 0.5977000671875 0.62110349375 0.6164944718750001 0.63158186875 0.6370833218749999 0.65259265625 0.6556324375 0.6661817078125 0.6573625296875 0.6545902984375 0.6450672453124999 0.64416970625 0.6346454296874999 0.6339542046875 0.62159895 0.6457221171875 0.62271254375 0.6571386203125 0.6253482515625 0.668496278125 0.63171119375 0.680644759375 0.6329126671874999 0.695750153125 0.6299872125
3 0.5170862859375001 0.5695035374999999 0.5109100234375 0.563268028125 0.4862908765625 0.5639970609375 0.4570176703125 0.55884203125 0.45207050625 0.5576998890625 0.44200131562499995 0.5457559765625 0.4335126140625 0.5373833953125 0.43822443125 0.5534344609375 0.4495810390625 0.5736916109375 0.446301309375 0.587897684375 0.44120733906250004 0.592600084375 0.4452460578125 0.6063581390625 0.4512759984375 0.611491121875 0.4491379390625 0.625960728125 0.4478780875 0.640098753125 0.444569740625 0.6457477734375 0.4491649515625 0.6553590875 0.453278765625 0.6550525375 0.45177102968750005 0.6458070984375001 0.4558113515625 0.638723846875 0.45651572500000004 0.6148383843749999 0.45765791718750004 0.6081548328124999 0.4506039515625 0.5953038984375 0.4543808421875 0.58762539375 0.4571628953125 0.57383881875 0.453884746875 0.5672035609375 0.484533878125 0.5716074578125 0.5170862859375001 0.5695035374999999
3 0.38380309218750003 0.5756064515625 0.37414148125 0.5931487796875 0.36819840937500004 0.5997927468750001 0.367641353125 0.6108866203125001 0.36064359218750003 0.6290439046875 0.3659707703125 0.637221028125 0.375457478125 0.610019103125 0.37733161718749997 0.6019013140625 0.3919113984375 0.571395425 0.38380309218750003 0.5756064515625
3 0 0.462773384375 0.027943084375 0.46433624375000004 0.032861628125 0.456921353125 0.059061290625 0.4597635953125 0.069013875 0.46526775625 0.09615009218750001 0.47099822968750005 0.13256576250000002 0.479939865625 0.13642902968749998 0.4909854 0.12618225 0.50411741875 0.12966552656250002 0.5081280031250001 0.142576140625 0.4956109984375 0.13979622187500002 0.48160914843749997 0.15727237968750002 0.48404061406250004 0.1642097265625 0.49045185625 0.20952434062499997 0.5025167609375 0.231918484375 0.5044804515625 0.24658396875 0.5121414578125 0.2682748171875 0.5240964109374999 0.29271854531249997 0.5206548468750001 0.3096381515625 0.5272330578125 0.3314175125 0.530123621875 0.3165474640625 0.518140153125 0.303930453125 0.51896810625 0.2939487203125 0.511854034375 0.26628513125 0.5118802015624999 0.2518830546875 0.504814421875 0.2447114421875 0.499417903125 0.196791278125 0.4899578640625 0.18312062499999998 0.48840494999999995 0.161341815625 0.47856730625 0.1487545078125 0.47405807343750006 0.122145140625 0.469518040625 0.10156628593749999 0.46316381562500003 0.08329989843749999 0.4589466875 0.0696292421875 0.457393790625 0.0598526046875 0.4476550375 0.045830539062499995 0.44762419375 0.026656226562500003 0.449075890625 0.015648885937500003 0.45508507343750004 0 0.454734471875 0 0.462773384375
3 0.0106671375 0.40795734531249994 0.0433075359375 0.4037361234375 0.034552765624999995 0.42950384531249997 0.040947789062500003 0.42889774999999997 0.0462576375 0.4118988453125 0.05489421875 0.400532703125 0.0732782984375 0.3972953625 0.0864539359375 0.36453224375 0.089323975 0.34862838281249997 0.0821221390625 0.355516134375 0.07117150625 0.3855865328125 0.059900753125 0.3910005078125 0.0105739234375 0.4015229953125 0.0106671375 0.40795734531249994
3 0.36886059375 0.849051815625 0.374890575 0.8541847656250001 0.37831497812500003 0.8619225765625 0.38244220625 0.8666162421875001 0.361950259375 0.8720389328125 0.3368842953125 0.9736668625 0.34125810156249997 0.9753008984375 0.36499361874999997 0.88663601875 0.373044534375 0.8778066750000001 0.395731790625 0.8750284078125 0.4172180140625 0.8826609046874999 0.4216102640625 0.867108453125 0.3928347390625 0.8615339078125 0.38247243124999997 0.854331971875 0.38118501718750003 0.8460187156250001 0.3706467390625 0.8430513484375 0.36886059375 0.849051815625
3 0.8227727109374999 1 0.8237804125 0.9956351625 0.7890623703124999 0.9897574671875 0.7560133671875 0.978386684375 0.71377228125 0.9686345609375 0.6851721765625001 0.9657725265625 0.657860565625 0.9573295484375001 0.6463274546875 0.9482540890625 0.622615675 0.9502614109374999 0.6003974734375 0.944063146875 0.5860240234375 0.9455543828125 0.5768616609375 0.941835921875 0.5602929 0.940682734375 0.548934696875 0.9412668515625 0.5363479296875 0.9298105796874999 0.5174078640625 0.9302475078124999 0.5111145046875001 0.9245193390625 0.5042057468750001 0.9266651453125 0.49343375468749995 0.9177654046875 0.45927116406249996 0.921635203125 0.4502259421875 0.9174093515624999 0.43313033125 0.9150657203125 0.4135473703125 0.9009254015625 0.414167784375 0.9112852515625001 0.42821180312499996 0.9224806171875001 0.44925919218750004 0.9268053953125 0.4585678234375 0.9316264734375 0.493901234375 0.9296301843749999 0.500633459375 0.938666078125 0.50777645625 0.9355055406250001 0.5148017921875 0.9397994796875 0.532102515625 0.93951849375 0.545245275 0.9537751374999999 0.558067375 0.950322540625 0.587750296875 0.9571753828125 0.60045526875 0.954230121875 0.6203021484375 0.9620185609374999 0.6498684640625 0.9624316515625001 0.6573035093749999 0.9684234203125 0.6884206265625 0.97774495 0.7055750828125 0.9763613453125 0.7188063515625001 0.981553621875 0.7535243921875 0.9874313156250001 0.7817277265625 1 0.8227727109374999 1
3 1 0.3368062796875 0.9860251828125 0.3310286953125 0.9776820687500001 0.33244255 0.964217078125 0.3213178734375 0.95122710625 0.31898691874999996 0.9408712515625 0.3226080921875 0.901901346875 0.315615184375 0.88532645625 0.2984285125 0.8675067484375001 0.2909744953125 0.8559073859374999 0.2869605859375 0.8375377140625 0.29273965468749996 0.8261947968750001 0.2854449109375 0.8181081203125 0.2835779546875 0.7983113703125 0.2890275578125 0.7845164578125 0.2858427515625 0.7750762609375 0.2789872859375 0.7644282640625 0.2751929921875 0.749937665625 0.277191590625 0.735630603125 0.27188454218749997 0.72322695625 0.2583328984375 0.7149938296875 0.257100125 0.6965148984375 0.256841959375 0.6771581328125 0.2517050796875 0.6599969156250001 0.245739096875 0.6458356125 0.2484817375 0.6226368984375 0.2404538703125 0.61528230625 0.23541591562500003 0.5969861890625 0.23653594218750001 0.5834476421875 0.2300703078125 0.575140996875 0.2334965859375 0.550881590625 0.219211828125 0.5309398109375 0.20792787812500002 0.5044835 0.21183999843749998 0.49010288125 0.2111919921875 0.46489145781249996 0.20537147656250002 0.44319334218749995 0.1930140265625 0.41816474687499994 0.18857173124999999 0.39910080937500003 0.1821664703125 0.37758487500000004 0.179871146875 0.3577159796875 0.1726120296875 0.34286034375 0.1631703015625 0.3327692640625 0.16952464843749998 0.302875140625 0.1492629890625 0.2946055828125 0.1460178015625 0.2811028109375 0.15024846249999999 0.260136790625 0.13472003906250002 0.24337707812499998 0.14220680937500002 0.2230682578125 0.1455341609375 0.21021059062499997 0.15981664843750001 0.2532886359375 0.15050708125 0.2641929984375 0.15102054843749999 0.2798535796875 0.16131610624999998 0.29921104375 0.157769090625 0.3293244453125 0.1814213875 0.3364597609375 0.1830687046875 0.34725483437500004 0.1775449046875 0.37370982656249996 0.1910005671875 0.3914931015625 0.1964421703125 0.4045566296875 0.19411408125000001 0.440964625 0.207863571875 0.4711886703125 0.220185359375 0.4882034359375 0.22678552343749997 0.507743746875 0.2246167328125 0.5322973015625 0.220265325 0.54550661875 0.2259869578125 0.560252271875 0.23807529062500002 0.577596334375 0.245419496875 0.6048204625 0.2490326859375 0.6182496828125 0.2494610453125 0.63782576875 0.257988546875 0.6557190265624999 0.2607835453125 0.6883586359375 0.2669829828125 0.7139728812499999 0.268888465625 0.7244744578125 0.273316975 0.736366028125 0.28474639062499996 0.754612215625 0.2882908359375 0.7699442249999999 0.28915851406250004 0.785275546875 0.29871003906250004 0.7933622234375 0.30057699531250004 0.8245389796874999 0.295750671875 0.8417366218750001 0.3037290921875 0.8582399671875001 0.29952315 0.8725834609374999 0.3068426140625 0.886240103125 0.3140035296875 0.8981316015624999 0.3254329296875 0.937577221875 0.332535665625 0.958873840625 0.33144034218749996 0.9717167718749999 0.34308939843749997 0.9769493656250001 0.34429743749999997 0.9903785812500001 0.34472581875 1 0.3482947828125 1 0.3368062796875
3 0.5267173609375 0.10639281249999999 0.50900694375 0.1049760625 0.49005299375 0.09592417343750001 0.470110559375 0.093324103125 0.418187696875 0.077328759375 0.3830232734375 0.071214415625 0.3704360875 0.0649684203125 0.35543403125 0.0561609046875 0.3357837734375 0.060976309375 0.34062115937500004 0.061302203124999996 0.3611045234375 0.0728341 0.37566733124999996 0.0835442109375 0.4165764625 0.092988828125 0.44903321875 0.09781006406250001 0.494442825 0.11163371250000001 0.5452678718749999 0.1280435984375 0.58866476875 0.1440745953125 0.5850798796875 0.1292189109375 0.5548558390625 0.1168970984375 0.5267173609375 0.10639281249999999
3 0.2807879875 0 0.2868821046875 0.0082703046875 0.305177528125 0.015834149999999998 0.314984109375 0.0167621921875 0.33156028593750003 0.0165810578125 0.34261040781249996 0.025144203124999997 0.3648213328125 0.0309400046875 0.38538585937500003 0.0330157171875 0.40404767656249996 0.034652103125 0.42091736874999996 0.0245187421875 0.4735351546875 0.044014521875000004 0.47188748281250004 0.0576621890625 0.5015987187500001 0.0765456390625 0.5229318078125 0.0774627265625 0.5025143859375001 0.0660689640625 0.4793891890625 0.053382059375 0.4808175796875 0.0363437671875 0.42073517968749996 0.0144566375 0.405438940625 0.0242852796875 0.3765313359375 0.0236234296875 0.344660240625 0.01626540625 0.33481787500000004 0.0046411078125 0.325304121875 0.0024446843749999997 0.3038610890625 0.0041741984375 0.29068824375 0.0004649765625 0.2903165953125 0 0.2807879875 0
3 0.8272387609375 0.1584055953125 0.8379960562500001 0.16823711875 0.848973975 0.16409154374999999 0.8562914796875001 0.175800965625 0.8636825046875 0.182851334375 0.8811007796875 0.1768526171875 0.905799434375 0.18923478124999998 0.9109233546875 0.17572167656249998 0.8976405125 0.1746591203125 0.886480403125 0.1687425921875 0.8978611484375 0.1606819703125 0.8961419312500001 0.152937025 0.911035315625 0.147023396875 0.9038271390625001 0.1413512390625 0.8889337171875 0.14726487187499998 0.8906894015625 0.15702223906249999 0.8752832078124999 0.1694975296875 0.86569590625 0.1719601125 0.85929333125 0.1584579171875 0.8675999781250001 0.1550316390625 0.8811749921875001 0.163509696875 0.8832248187499999 0.154630925 0.8611603171875 0.148200896875 0.85102380625 0.155212746875 0.8296913765625 0.14561176874999998 0.819189175 0.1498671734375 0.794673371875 0.1388632109375 0.7648143625 0.1379817390625 0.7496294609375 0.127796 0.74187205 0.126673065625 0.74823815625 0.1381628390625 0.7408100109375 0.13778391406249998 0.6758814640625 0.1153173078125 0.7242338359375 0.13796503437500002 0.74223643125 0.1467972609375 0.7557756343750001 0.1445790140625 0.76814350625 0.1474343625 0.7837683156249999 0.147033615625 0.793464909375 0.1506082875 0.8045521625 0.15249995 0.8175050421875 0.1615023921875 0.8272387609375 0.1584055953125
3 1 0.2543148796875 0.9975994968749999 0.2538486765625 0.9846823890625 0.2555425515625 0.9734494171874999 0.2456011953125 0.96375278125 0.242026540625 0.9481644062499999 0.24443968906250002 0.9346994093750001 0.23331503750000002 0.9000099734375 0.235994384375 0.8851543718749999 0.2265526625 0.850282703125 0.219169921875 0.8342193046874999 0.2127893734375 0.8123012484375 0.2057251875 0.7832478765625 0.1970136859375 0.76165905 0.19069350000000002 0.7290559078125 0.1865064875 0.70937053125 0.1719417171875 0.6869761015625 0.1734515828125 0.6652415546875 0.15908171875 0.645884125 0.16262874375 0.6166114406250001 0.15052659375 0.6020404921875 0.15840478281249998 0.6490668484375 0.17271558125 0.6632281515625 0.16997294062499999 0.68620693125 0.1832940484375 0.7057472046875 0.1811252484375 0.7293845125 0.1959344 0.764329665625 0.19865808125 0.8087879093750001 0.2122620890625 0.8295346640625001 0.224399903125 0.8842023125 0.23501691875000003 0.902680553125 0.24395895781250002 0.93425946875 0.24390150312499997 0.94358971875 0.2534035828125 0.9705945703125 0.2536261328125 0.9839496125 0.26739742187500004 1 0.262356703125 1 0.2543148796875
9 1 0.1765893125 0.976675221875 0.17086160781249998 0.92147901875 0.1579864703125 0.9078808125 0.178901078125 0.9058122718750001 0.186775603125 0.9096362015624999 0.193003759375 1 0.21705513125000003 1 0.1765893125
6 0.108691078125 0.117670353125 0.10636685937499998 0.12014051562500001 0.0897849890625 0.15072287499999998 0.0600252484375 0.20799630468750002 0.0564743875 0.21686494218750002 0.0588155875 0.2284302015625 0.06188945781250001 0.23248069375 0.13629273125000002 0.24230820937500003 0.14478412031250001 0.235916515625 0.184409159375 0.156532584375 0.18999255937499998 0.1334335296875 0.18393584062499999 0.13036480781249998 0.12702670625 0.11856263281249999 0.108691078125 0.117670353125
8 0.64729164375 0.283108346875 0.6401361234375 0.28914028125 0.6394402703125001 0.294324965625 0.6474178515625 0.30318248593749997 0.656310965625 0.3059037890625 0.6628802671875 0.306752265625 0.6636489390625 0.30559339375 0.664454428125 0.3021044390625 0.6630465562500001 0.2897524046875 0.6601191390625 0.28506755625 0.651939675 0.28251101093750003 0.64729164375 0.283108346875
6 0.2672844921875 0 0.26306785312500003 0.0062039406249999995 0.2539874421875 0.026441939062499996 0.2354408609375 0.060951409375 0.23949635625000001 0.07011615 0.2415561296875 0.076469153125 0.27374817500000004 0.0897787390625 0.32770385156250004 0.092831440625 0.3454760421875 0.076951084375 0.3392967203125 0.05789207187499999 0.293843534375 0.0180110390625 0.29191330312499997 0.0034594890625 0.291967965625 0 0.2672844921875 0