9 0.0194403109375 0.3309873390625 0.018657929687499998 0.337970678125 0.0220162703125 0.3439536515625 0.0255874875 0.335643990625 0.020464909375 0.32864776875 0.0194403109375 0.3309873390625
9 1 0.472089753125 0.999401359375 0.46721421718749995 0.9882631906249999 0.4646462265625 0.977953921875 0.46615802031250003 0.961620678125 0.4666876453125 0.9560090609375 0.46639276875 0.9498363218750001 0.464198996875 0.9465458703125 0.46411106562500004 0.9435529515625 0.46644634218750003 0.9415846312499999 0.466442046875 0.938732096875 0.464578528125 0.9348294015624999 0.46751745937500006 0.9304804078125001 0.46682157812499997 0.9264289453125001 0.46854890625 0.92290046875 0.4665224078125 0.9152057078125001 0.46795915312499997 0.9115070953125001 0.46988913125 0.9071878546875001 0.4694355703125 0.901818453125 0.47378446093750004 0.8964746124999999 0.475670471875 0.887925390625 0.47549031406250003 0.8842481484375 0.47225221250000005 0.8799330984375 0.47450385156249997 0.8725232953125 0.47024820624999997 0.8608918953125 0.47167636249999995 0.852372428125 0.471738525 0.8482870218749999 0.47051833125 0.8367448812499999 0.47267345 0.833042075 0.47189822656249997 0.81403481875 0.47201825781249995 0.809690015625 0.47402757656250005 0.8056641156250001 0.473292025 0.79949556875 0.47380345312500005 0.7934757859375 0.4755264859375 0.7828987390625 0.4748573921875 0.779200125 0.47678736875 0.7749998953125 0.4773030921875 0.7516436453125 0.4767272421875 0.7478557718750001 0.47793025624999996 0.735693003125 0.4777018375 0.7316117890625 0.4791868453125 0.72282873125 0.47977332031250003 0.7197423625 0.47867643437499996 0.71536780625 0.48044343281249996 0.7040553093749999 0.4791267171875 0.7009731312499999 0.48073503124999994 0.695654853125 0.4801581640625 0.692279334375 0.48204847031250003 0.68848726875 0.480546284375 0.6803504015625 0.48105341875 0.6772384687499999 0.4824194109375 0.672859721875 0.48148120937499994 0.66839590625 0.4825212453125 0.6610200500000001 0.4812131203125 0.6531509609375 0.483901140625 0.6461577046875 0.4830379859375 0.637612675 0.4855630296875 0.6303516390625 0.48251898750000005 0.6214835125 0.4850837 0.594666675 0.48837639375 0.5833839296875001 0.487302 0.5741034515625 0.489179421875 0.5678158890625 0.48872156718750004 0.5515165921875 0.49219871406250004 0.5404676828125 0.49035768593749995 0.5360336218749999 0.4916400421875 0.5338272749999999 0.48969718125000006 0.531476353125 0.48924791562500003 0.5201382953125 0.49039407968750004 0.509238153125 0.48976465625000004 0.503805053125 0.49092370625 0.5007484359375 0.490069140625 0.4974026703125 0.49220176718750003 0.4930834296875 0.49174820781250006 0.49009051093749995 0.49408348437500005 0.4497632109375 0.49952700156249996 0.438922575 0.4993822203125 0.43359591406250003 0.49339495156249996 0.41829146250000004 0.49429020625 0.4149415046875 0.49371763281250003 0.402459834375 0.49623408593749996 0.3958491796875 0.4958159015625 0.3832187421875 0.49712075 0.37543053125000003 0.49512533281250004 0.3707328796875 0.49693200312499997 0.3608317734375 0.49642588749999994 0.354429390625 0.4977039484375 0.3441754375 0.4969951828125 0.339184446875 0.4990838453125 0.329606434375 0.49853805781249994 0.3235569 0.5000187703125001 0.3168867375 0.49911594375 0.3081631875 0.5001870609375 0.2975861375 0.4995179671875 0.2941511125 0.50092363125 0.28953853125 0.5007520624999999 0.2854275625 0.5019947484375 0.28169500468750003 0.5009772046875 0.27009335624999997 0.5026476828125 0.2663607984375 0.5016301375000001 0.26166314687500003 0.5034368078125 0.2533477609375 0.5024900156250001 0.24603560156249998 0.5043717328125 0.24268564375 0.503799159375 0.23205327968749997 0.5053506234375 0.222564528125 0.5055318 0.219452596875 0.5068977921875 0.20349776406250003 0.5051671890625 0.1956542375 0.50539233125 0.1678681140625 0.5088040375 0.16122770625 0.5081435328125 0.1208962140625 0.51088185 0.062671325 0.512127590625 0.0445822265625 0.5170543671875001 0.0359181828125 0.5186101265625 0.028367996875000002 0.5185532765625 0.02571954375 0.5156808015625 0.025902668750000003 0.501145846875 0.0243787578125 0.49407672343750003 0.0256139328125 0.48543895781249996 0.023497259375 0.46552897812499994 0.024725940625 0.4621804515625 0.02376964375 0.45172098437499997 0.024730545312499998 0.446191571875 0.0231578125 0.4360537671875 0.0245654265625 0.4154650859375 0.021118653125 0.37136698749999997 0.0219353921875 0.3486370890625 0.017918703124999998 0.3159237765625 0.019972090625 0.313949834375 0.022616353125 0.3141171078125 0.025022590625 0.3123458140625 0.021026443750000002 0.3118525828125 0.022535890625 0.3001064640625 0.0248273046875 0.3000710890625 0.0265278453125 0.2978944953125 0.032428612499999995 0.2952021796875 0.039685457812500005 0.295541021875 0.043702975 0.2908661734375 0.048608896875 0.29075575 0.051376365624999996 0.29459750625000003 0.059453726562499996 0.29360573125 0.063211846875 0.292160396875 0.06864913593750001 0.2937065484375 0.07378470312499999 0.290124290625 0.07739825 0.2901725515625 0.086806125 0.2946748125 0.0897097828125 0.2916125734375 0.10163452343749999 0.289902425 0.10583056093750001 0.2866815015625 0.0977490078125 0.2849680765625 0.09028808125 0.2856381890625 0.0851738859375 0.28405236718750004 0.07095773125 0.2857978921875 0.065290796875 0.2877235734375 0.0623871375 0.29078581406250004 0.057744803125 0.2903719234375 0.0549220203125 0.288750725 0.0443491640625 0.29078683125000004 0.0350900546875 0.2874961734375 0.028015921875 0.29131645625 0.02369668125 0.290862896875 0.0181317875 0.2922841015625 0.0146202828125 0.2917313640625 0.013030371874999998 0.28946683906250004 0.009574803125 0.25865242187500004 0.0094134640625 0.2493252171875 0.011126990625 0.23657014375 0.0096607 0.21928602343749998 0.0081856109375 0.21528558125 0.0073101921875 0.2001426765625 0.0081265171875 0.196106859375 0.007004275 0.19230906875 0.008203203124999999 0.188718221875 0.0071915921875 0.1804793125 0.0082970671875 0.173456303125 0.0062652390625 0.162250521875 0.007800059375 0.15605316875 0.006461162500000001 0.14514873125 0.008918521875 0.1384516796875 0.0072523390625 0.12488171249999999 0.0036048499999999997 0.12188593125 0.00520355625 0.110866775 0 0.083874453125 0 0.5305813125000001 0.0296420109375 0.771996121875 0.031491318750000004 0.7710311328125 0.0313044171875 0.7641668078125 0.032796684375 0.76029396875 0.030960365625000003 0.7506804765624999 0.031861759375 0.744666421875 0.030650257812499998 0.74014166875 0.0318491859375 0.736550821875 0.0297874140625 0.7331143640625 0.02854196875 0.7256420890624999 0.02952884375 0.698955715625 0.0280198109375 0.692007753125 0.029737529687499997 0.68195788125 0.028555782812500003 0.677675446875 0.029431615625 0.674124271875 0.0282716515625 0.645979678125 0.029262306249999998 0.6406925859375 0.025545451562499998 0.6024080406250001 0.02890609375 0.6003965734375 0.0378974234375 0.60150634375 0.04171505 0.60054565 0.0534952171875 0.6003290984375 0.05954894375000001 0.6015535875 0.13004723125 0.5960951484375 0.1552485984375 0.593000809375 0.1585985546875 0.5935733828124999 0.1669990109375 0.5925419359374999 0.171080225 0.5910569296875 0.174489690625 0.5921141453125001 0.18195061562499998 0.5914440328125 0.1869713609375 0.5895976921875 0.1901172375 0.5911792203124999 0.19452154531250002 0.5896545421875 0.1982243515625 0.5904297656249999 0.20001415156250002 0.5889801359375 0.2032450953125 0.588583425 0.206038125 0.589962303125 0.2125297671875 0.589411203125 0.21758026562500002 0.587807184375 0.22095997500000003 0.588622078125 0.2280978078125 0.5879916374999999 0.2335011515625 0.5865902671875001 0.2368511109375 0.587162840625 0.2493922875 0.5851310296875 0.25174320781250004 0.5855802953125 0.26496032812500003 0.5837114625 0.2887247421875 0.582269403125 0.29606665468750004 0.5806300078125 0.30593800781249997 0.580893803125 0.33119888125 0.57828410625 0.369476984375 0.57751973125 0.3895385921875 0.5753024484375 0.4000561359375 0.5754869015625 0.4132435015625 0.5733757484375 0.427285328125 0.5728815 0.458859325 0.568266778125 0.45994342968749996 0.5664118484375 0.4602753203125 0.553088496875 0.46359133437500005 0.5507135484375 0.47213636562500005 0.54818850625 0.4831299578125 0.5522500921875 0.484281953125 0.5562902046875 0.4889540421875 0.5569464140625 0.490577896875 0.5621584609375 0.4941361265625 0.5644272796875 0.503446359375 0.562792178125 0.5216586609375 0.5615398859375 0.5296170109375 0.5595788265625 0.5339660046875 0.5602747078125 0.5415715046875 0.558111 0.55244189375 0.5584981015625 0.558049321875 0.556087778125 0.5627511640625 0.5569863078124999 0.5645791 0.5611894000000001 0.56933625625 0.559867371875 0.5724226265625 0.5609642578125 0.57470985 0.55822368125 0.5798240453125 0.559809503125 0.58449194375 0.5577605140624999 0.587931159375 0.55906005 0.589338359375 0.5571654484375 0.5928626453125 0.556486746875 0.5953920859374999 0.5583899375 0.599826146875 0.5571075796875 0.6032398031249999 0.5608699953125 0.6032737484374999 0.5638175171875 0.60524206875 0.5638218109375 0.6061815984375001 0.563460478125 0.6057353 0.559825665625 0.6079332625 0.5563581265625 0.61204423125 0.5551154406250001 0.611249275 0.553983178125 0.613039075 0.5525335484375 0.6150371484375 0.5527801640625001 0.6181151359375 0.5484666484375 0.622226103125 0.5472239640625001 0.630158890625 0.5477257843750001 0.6318212953125 0.5398964703125 0.63549015625 0.537724171875 0.6438906125 0.536692725 0.6462884640625 0.5295110328125 0.655131028125 0.5294091984375 0.6570440328125 0.5316340515625 0.65942470625 0.5323256375 0.662413434375 0.5272851609375 0.6660525421875 0.5248705421875 0.6741936015625 0.527068609375 0.6766849046875001 0.523319078125 0.6896681890624999 0.5222168796875 0.6903952546875 0.5174540999999999 0.6939153484375 0.514070196875 0.694353265625 0.512294609375 0.6978477984375 0.5113735859374999 0.7004367453125 0.5137614187499999 0.708484353125 0.512527321875 0.7135050984375 0.5106809812499999 0.7155924312499999 0.5116545593749999 0.718440775 0.5108128796875 0.7241119 0.511592396875 0.7255488531250001 0.5099401171875 0.735747490625 0.5128694406250001 0.7375670453125001 0.51166213125 0.7418862859375001 0.5121156921875001 0.748148284375 0.5150364265625 0.752318759375 0.5142783828125 0.7546612984375 0.509317246875 0.7620329625 0.507920171875 0.767002584375 0.510999590625 0.768554359375 0.50761139375 0.7729586687500001 0.506086715625 0.78027501875 0.5069102 0.782659884375 0.5103069859375 0.7847388359374999 0.5058701640625001 0.7895257453125 0.5047904578125 0.7908776296875 0.505116415625 0.79235271875 0.50911685625 0.7944102984375 0.5098481140625 0.797994090625 0.509654053125 0.799783890625 0.5082044234375 0.8140297984375 0.50670121875 0.8157559031250001 0.502061746875 0.8213633296875 0.49965142343749996 0.8299423046875001 0.5000739015625 0.8301845218749999 0.50471766875 0.8465177640625001 0.5041880437499999 0.8488431234375 0.5071001875000001 0.8496125171875001 0.5106953296875 0.8542464687500001 0.50569881875 0.858387190625 0.504698453125 0.860623290625 0.5068836359375 0.8621453109375 0.50325311875 0.8655505828125 0.5016051328125 0.8767143140625 0.5017102437500001 0.8784785515625 0.5027234921875 0.8792776999999999 0.5065609546875 0.880748596875 0.5078561968749999 0.885709834375 0.5055252140625 0.888090509375 0.5062168 0.8922907375 0.5057010765625 0.89537710625 0.5067979625000001 0.901044040625 0.50487228125 0.90768445 0.5055327859375 0.9123351671875 0.511357075 0.9163313140625 0.51185030625 0.924642509375 0.5100918984375 0.9287362984374999 0.5167224921875 0.9321373796874999 0.51236930625 0.9364608125 0.5155280671875 0.9404230140625 0.5130737765625 0.9450142250000001 0.518413425 0.9489211125000001 0.51817969375 0.9516504421875001 0.5163687296874999 0.9549408937500001 0.5164566609375 0.9648801359375 0.5226154984375 0.9677540421874999 0.5193109375 0.9726897187500001 0.5194428359375001 0.975062009375 0.5147240203125001 0.9806694374999999 0.512313696875 0.9874246671875 0.511238284375 0.9915993328124999 0.5131854406249999 0.9942138421875001 0.51311039375 1 0.5111676171874999 1 0.472089753125
9 0.3627317359375 0.3195832125 0.36836891562499996 0.317415209375 0.374507709375 0.3166614609375 0.37237805 0.3073299609375 0.3662350640625 0.305378509375 0.3525460828125 0.306075409375 0.3503397375 0.304132546875 0.3465351 0.2945147609375 0.3415994234375 0.2943828640625 0.3363662140625 0.29182775781250003 0.33386233593750003 0.2874616875 0.321546609375 0.283316465625 0.31144561249999997 0.2865245046875 0.29522719375 0.2853182125 0.2856236203125 0.28723530468749997 0.26990681250000004 0.28744326875000004 0.267173290625 0.2865490328125 0.2534843109375 0.28724593125000003 0.2467802046875 0.283395584375 0.2358205546875 0.28228151874999996 0.20521165 0.284072028125 0.1854094375 0.283059796875 0.1432286390625 0.28676310312500003 0.1274523265625 0.2864864234375 0.121428353125 0.28550425625 0.1160250078125 0.28690562656249996 0.10147737500000001 0.2832804203125 0.09272407187500001 0.28410921718750004 0.074477825 0.28241398906250004 0.06478918125000001 0.2863093203125 0.0573877640625 0.28746407343749997 0.046283539062500004 0.28784360468750003 0.0307410609375 0.2868002921875 0.0202872171875 0.28980568125 0.0142418734375 0.29399159375 0.019274778125 0.318954934375 0.021212932812499998 0.3374109890625 0.02444806875 0.3397194796875 0.07834952656250001 0.3353149796875 0.09603465156249999 0.3351113109375 0.1389508984375 0.332055625 0.27651664062500003 0.32524961406249997 0.3057439078125 0.3228908265625 0.330626371875 0.322541359375 0.3627317359375 0.3195832125
9 0.478471628125 0.3139812328125 0.47950461093749996 0.3170520625 0.4803506890625 0.313258565625 0.4849293265625 0.31048261250000003 0.4881644625 0.312791103125 0.4870803578125 0.3146460328125 0.49169713125000003 0.3175228015625 0.491352665625 0.32273055156249997 0.49335493125 0.32568236875 0.49832455312499996 0.3287617859375 0.4952168125 0.3328329796875 0.496721653125 0.3370757421875 0.49608384843750003 0.342565484375 0.49435355468750003 0.34449975625 0.4987788203125 0.3565010796875 0.5003687296875 0.35876560468749996 0.506885934375 0.3557516265625 0.5104697265625 0.35555756562499996 0.5144105578125 0.3582713546875 0.51321163125 0.36186220156250004 0.514899184375 0.3702640890625 0.51775171875 0.372127609375 0.5200431328125 0.3720922328125 0.5166801890625 0.3820981390625 0.5192393828124999 0.38424365 0.5472635312499999 0.38277051093750003 0.5538741859375 0.3831886953125 0.5573134046875 0.38448822968749996 0.6560738671874999 0.37949521875 0.66344553125 0.37809814375 0.6675011843750001 0.3790760171875 0.6964053578125 0.3767569 0.7124155046875 0.376266946875 0.714473084375 0.376998203125 0.7501324875 0.37360367656250004 0.7518883421875 0.369206525 0.7502389265625 0.3664573578125 0.7453288109375 0.36386258125 0.7404568328125001 0.3669205265625 0.7370771234375 0.36610563281249997 0.7352491859375 0.361902540625 0.7323073921875001 0.359312059375 0.732477528125 0.355355584375 0.7181851 0.34579566562499997 0.714053175 0.33351235 0.7048112453125001 0.3223484125 0.7611658718750001 0.3085416609375 0.7634870406250001 0.3087486046875 0.7668030515625001 0.3063736578125 0.7732691328125 0.30828543750000004 0.7726568890625 0.3113123 0.7750715078125 0.31495140781250003 0.7732858984375001 0.3191062375 0.775258409375 0.32181573281250003 0.776810184375 0.3184275359375 0.779599021875 0.31710121406249997 0.782302790625 0.317753128125 0.784670890625 0.3103291140625 0.7892834718749999 0.3105006828125 0.7916599546875001 0.30848706875 0.7922424453125 0.305217884375 0.7966170015625 0.30345088593749997 0.7991464421875001 0.3053540765625 0.8014081031250001 0.3050763796875 0.8044307749999999 0.3029834234375 0.80684539375 0.30662253125 0.8085501265625 0.3071511390625 0.8109224171875 0.302432325 0.8194376953125 0.2996649609375 0.8238164421875 0.3006031640625 0.8276340687499999 0.2996424703125 0.8339216296874999 0.300100325 0.8438780515625 0.29838588125 0.8669962765625 0.29702316562500003 0.8690794187499999 0.2952915421875 0.887648759375 0.2969471 0.8941404015625001 0.296396 0.8994247359375 0.294025346875 0.9089134859374999 0.293844171875 0.9198391921875 0.292010715625 0.9228660546875 0.292622959375 0.924251884375 0.2958964375 0.9269258984375 0.2963060328125 0.9310666203125001 0.2953056671875 0.9296212859375 0.291547546875 0.9306458828125 0.2892079765625 0.93531378125 0.2871589859375 0.9439522625000001 0.28806610625 0.9444496843750001 0.286775159375 0.9434762109375001 0.2841889734375 0.9387785609374999 0.2859956421875 0.9315514687500001 0.2858991203125 0.9292261093749999 0.2829869765625 0.9253745390624999 0.2810001484375 0.9190107062499999 0.2692368515625 0.9144236843750001 0.266602403125 0.9089440671875 0.25669833125 0.9046206343750001 0.25353957031249996 0.8964837671874999 0.254046703125 0.8917140359375001 0.24725313125 0.8847844765625 0.24957981875000002 0.8802272109375 0.24718769062499998 0.8201701937499999 0.2415251390625 0.8115061499999999 0.2430808984375 0.8029271734375 0.2426584203125 0.7938805296875 0.2437692078125 0.71852325 0.24170711093750002 0.5864543062500001 0.250543915625 0.5842521515625 0.2513062546875 0.58020488125 0.2557387828125 0.5767401015625 0.2569021265625 0.5726249421875 0.2554396109375 0.5611976234375 0.2558588125 0.5544382015625 0.254229025 0.5426580359375001 0.2544455765625 0.5388701609375001 0.25564859218749997 0.49134552343750004 0.261237909375 0.463087540625 0.2634776828125 0.45304605000000003 0.2671703640625 0.43742269531250005 0.2708104890625 0.43126253124999997 0.27673231875000004 0.41282896718749995 0.2868668453125 0.4019925234375 0.2894272640625 0.397320434375 0.28877105468750003 0.39720561249999997 0.2905069703125 0.407663234375 0.3089008625 0.413933615625 0.31723199687500003 0.4160507015625 0.318447896875 0.42063353125 0.31837714375 0.43011809218749997 0.3154907671875 0.449563265625 0.3135951484375 0.47033476093750004 0.3144883671875 0.4763842953125 0.31300765468749997 0.478471628125 0.3139812328125
9 0.34837100468750004 0.3228223328125 0.353659528125 0.3231568796875 0.3643216453125 0.3218477375 0.3742185609375 0.3196486515625 0.376769371875 0.3163837625 0.3742059875 0.3115330515625 0.3707458125 0.2967075140625 0.3658273140625 0.2887023375 0.363242559375 0.28901970625 0.3554841015625 0.287266609375 0.3417398046875 0.2901840671875 0.33736105781250003 0.289245865625 0.334006909375 0.28596809218749997 0.3291009859375 0.286078515625 0.3221630453125 0.2829948015625 0.309711128125 0.2857535765625 0.30533238125 0.28481537343749996 0.2881191140625 0.286190975 0.25807992031250004 0.28594373906250004 0.25295294375 0.28558935625 0.2503639953125 0.2832015234375 0.2432517265625 0.2813690859375 0.21467065000000002 0.28364853125 0.1899922671875 0.28298904375 0.17489608750000002 0.28558054374999997 0.1653478296875 0.28527707812499997 0.15891569218749999 0.28631281875000003 0.1335911203125 0.285732675 0.1241916296875 0.2866408125 0.10112452812499999 0.2830777703125 0.090079809375 0.28394194375000004 0.07480091875 0.28237431874999996 0.06995450156250001 0.2829693828125 0.065112278125 0.28626964843749997 0.0584463078125 0.2880720234375 0.0550963484375 0.28749945 0.042759253125 0.28852230625 0.0376450578125 0.286936484375 0.0307410609375 0.2868002921875 0.027335787499999997 0.288448278125 0.0215200875 0.28916235625 0.018352840625 0.29274890781249996 0.015504496875 0.2935905890625 0.019768009375 0.3149587875 0.0217103546875 0.33612004375 0.0242100421875 0.33778091250000003 0.0322023359375 0.338767375 0.16818958906249998 0.3306793328125 0.2360958890625 0.32726096875 0.2580407515625 0.32702621875000004 0.3044812828125 0.32329183125 0.3422917171875 0.32406072343750003 0.34837100468750004 0.3228223328125
9 0.3812197296875 0.15497028125 0.3883022453125 0.1565603984375 0.39306778593749997 0.1606487703125 0.39908296249999997 0.17491461875 0.4066457234375 0.18308706875 0.4128607890625 0.1936387625 0.414178728125 0.1910172 0.41827827500000003 0.1887920203125 0.436735834375 0.18775558750000002 0.44337624218749994 0.1884160921875 0.45265672187500006 0.1865386703125 0.4579749984375 0.1871155375 0.4681355015625 0.184392140625 0.4708392703125 0.18504405625 0.48402663593749995 0.182932903125 0.4925163515625 0.18262841875 0.49856588593750006 0.1811477078125 0.5015927484375 0.1817599515625 0.5194819578125001 0.1805473296875 0.5283203296875 0.1777402953125 0.532316475 0.1782335265625 0.5379620390625 0.18147592343750002 0.5505669140625 0.18263395468750002 0.58070815 0.1823767125 0.5876972140625 0.1805346671875 0.615198378125 0.182815353125 0.623887984375 0.1787967140625 0.6308217328125 0.179175228125 0.6360549421874999 0.1817303328125 0.637610909375 0.1810473359375 0.6436943890625 0.18251414531250001 0.64812845 0.18123178906249998 0.65083221875 0.18188370468749998 0.6687511796875001 0.18091340312499998 0.6718077953125 0.18176796875 0.6739588265625 0.1859313890625 0.6805141671875 0.18857013125 0.6805313453124999 0.18069685156249998 0.6761655859375 0.16918016875 0.6771818015625 0.161430196875 0.675094884375 0.1417625375 0.67728865625 0.13558979843750002 0.6854552765624999 0.1353249859375 0.6885118921875 0.1361795515625 0.6942383328124999 0.1347385109375 0.7012018359375001 0.13535934375 0.7502568765625 0.131549909375 0.7552818125 0.13240876875000002 0.7610975125 0.131694690625 0.7706755249999999 0.132240478125 0.7828043484375 0.129521375 0.7839777125 0.1283934078125 0.7801223640625 0.1050073 0.77565435625 0.10334213437499999 0.77306121875 0.098249103125 0.7665951375 0.0963373234375 0.7646481875 0.0911649484375 0.7624120890625 0.088979765625 0.724843871875 0.092854640625 0.7224929515625 0.092405375 0.7185223671875 0.0894492640625 0.706712446875 0.0894234953125 0.6980442124999999 0.0882740546875 0.6957783609375 0.0858465515625 0.6940652453125 0.07990754375 0.6899245234375 0.0809079078125 0.6935125078125 0.0834190484375 0.693929053125 0.086811540625 0.69216900625 0.088503490625 0.688113353125 0.08752561875 0.6830628546875 0.0891296375 0.6758060109375 0.0887907953125 0.6724262999999999 0.0879759015625 0.6691316578125 0.0851827703125 0.6641364750000001 0.08456623125 0.6563524546874999 0.0852760140625 0.647858546875 0.0828752984375 0.6279159515625 0.0860618625 0.6238305453125 0.08484166875 0.6176024906250001 0.08486845625 0.6128155796875 0.08594816250000001 0.499133265625 0.0922814 0.4840073328125 0.094630578125 0.47172555312500003 0.0934328765625 0.42992735625 0.097581153125 0.42496192656250004 0.0972069359375 0.4010529359375 0.100142590625 0.34345705625 0.10918226718749999 0.340374878125 0.11079058281250001 0.335762296875 0.1106190140625 0.33162995781250004 0.117029778125 0.3324291046875 0.12086724062500001 0.3293766796875 0.1227178765625 0.32729772968750004 0.1271546984375 0.326396334375 0.1331687546875 0.3274079453125 0.1414076625 0.330005275 0.1492058953125 0.33315534375 0.1534926234375 0.34755420937500003 0.1559062234375 0.36039291875 0.1562976203125 0.3655029234375 0.15517824375 0.373376203125 0.155195421875 0.376755915625 0.156010315625 0.3812197296875 0.15497028125
9 0.1843663640625 0.1597088828125 0.22916167187499997 0.155930528125 0.2475524921875 0.1561321609375 0.25102146406250003 0.15767401718750002 0.2570412453125 0.155950984375 0.26638542187500003 0.1572634046875 0.2823955703125 0.15677345 0.28491243593750004 0.150561040625 0.280265909375 0.14744195 0.27843797187499997 0.143238859375 0.2758787796875 0.14109334843750002 0.27424235 0.127765703125 0.27199786875 0.12017011875000001 0.27002535625 0.11746062500000001 0.26796777656250004 0.1167293671875 0.2662291 0.1132532390625 0.2476895125 0.111840003125 0.23295916718749998 0.104055671875 0.22961340156249999 0.10618829999999999 0.20153393749999998 0.10988199843749999 0.1962454140625 0.10954745156250001 0.18402733124999998 0.111539590625 0.17870905312500002 0.1109627234375 0.16375745 0.1120606265625 0.1570617265625 0.11362068125 0.13097614375 0.11485579531250001 0.1285104 0.116142446875 0.123927571875 0.1162131984375 0.120994159375 0.11903311718750001 0.11653034531249999 0.120073153125 0.102369503125 0.11959811875 0.0872351875 0.1165368984375 0.062600909375 0.12005355468750001 0.0526640828125 0.1207816953125 0.0388263359375 0.12026699062499999 0.0116566484375 0.12335703437500001 0.0087529890625 0.12641927343749998 0.008187264062500001 0.140509259375 0.0082635375 0.15181470156250002 0.010163553124999999 0.164618034375 0.01242940625 0.1670455375 0.0201283578125 0.1683139921875 0.1551986046875 0.1625523109375 0.16157123281250002 0.161031928125 0.16495094375 0.161846821875 0.1726754578125 0.160652396875 0.17766644843749999 0.1585637359375 0.1843663640625 0.1597088828125
9 1 0.5299239906250001 0.9963560765624999 0.53055749375 0.9942092375 0.529099275 0.9901322140625 0.53328948125 0.98406570625 0.5332964328124999 0.9813449640625 0.53117075625 0.981753128125 0.5291528484375 0.9732336593750001 0.5292150109375 0.9617426421875 0.5264443703125 0.9538693625000001 0.5264271921875 0.9426205624999999 0.52830031875 0.9210670999999999 0.5156963578125 0.9193284234375 0.5122202296875 0.9206166093749999 0.5093563453125001 0.9120334437500001 0.5062286671875 0.9085984171874999 0.50763433125 0.9066003437499999 0.507387715625 0.9076505046875001 0.5025852640624999 0.9000408125 0.5020437734375001 0.8953050265625 0.4981977203125 0.8893447515625 0.5004053953125001 0.8819986468750001 0.499339590625 0.8794394531249999 0.49719407968749996 0.7781239875 0.5027467796875 0.7568295078125 0.5056073875 0.7508989859375 0.5080573828125 0.7302506953125001 0.5108386484375 0.71890844375 0.5092796125 0.71171110625 0.5094254125 0.6926782859375 0.512008321875 0.68894991875 0.513695978125 0.6825559203125 0.520384440625 0.6741638484375 0.5268262874999999 0.6700231249999999 0.527826653125 0.6666136625 0.5267694374999999 0.6562746390624999 0.5280389109375 0.6476403484375 0.529836990625 0.6401836140625 0.533212303125 0.6349843500000001 0.5336047171875 0.6200369359375 0.537407821875 0.6141403609375 0.5428053375 0.6103990046875001 0.555071475 0.6104413328125 0.5634293968749999 0.6158911984375 0.5730911484375001 0.6181059265625 0.580444409375 0.6303617312500001 0.602799071875 0.6350803390624999 0.6145184031250001 0.6419415953125001 0.6249907546875 0.6433316140625001 0.6309694343750001 0.6485392609375 0.63598741875 0.65658686875 0.6347533234375 0.6642263140625 0.6355371359374999 0.6673382453125 0.6341711421875 0.671568228125 0.6338977406249999 0.676146865625 0.6311217874999999 0.690626609375 0.6288519499999999 0.695094615625 0.6305171140625 0.7012589734375 0.6273004859375 0.706666509375 0.6286043171875 0.7108964906249999 0.6283309140625 0.713948915625 0.6264802796875 0.718501990625 0.62616720625 0.7219370171875 0.624761540625 0.7263157640625 0.62569974375 0.7299846249999999 0.6235274453125 0.7375050578125 0.623341975 0.7408847671875 0.62415686875 0.7446428875 0.6227115328124999 0.7490513890625 0.62389205625 0.7535449578125 0.623094340625 0.7562487265625 0.62374625625 0.8149626578125 0.6157991703125 0.8213989843749999 0.6174686296874999 0.8323288796874999 0.6183403734375 0.838471865625 0.6202918234375 0.883088653125 0.6150595453125 0.8974238234374999 0.6142833046875 0.9014497218749999 0.6150188562500001 0.94821335 0.6112447984375 0.9580805109374999 0.6088033921875 0.9636921296875001 0.6090982687500001 0.9823721015625001 0.6063127078125 0.9871632031249999 0.6079382015625 0.9950364828125 0.60795538125 1 0.6064687703125 1 0.5299239906250001
9 1 0.892537234375 0.9988265359374999 0.892573978125 0.98563916875 0.8946851312499999 0.9615516609375 0.8961668609375 0.9496269187499999 0.897877009375 0.9480072546875 0.8953701640625 0.9283835625 0.8958118578125 0.9164588218749999 0.89752200625 0.9126667562499999 0.8960198203124999 0.8855523828124999 0.89688930625 0.881526484375 0.896153753125 0.8790309890625 0.897198084375 0.8556789281249999 0.8993274343750001 0.7504863296875001 0.9053561875 0.748339490625 0.9038979671874999 0.7445218625 0.9048586609375 0.740729796875 0.903356475 0.7344506187500001 0.908309021875 0.732512053125 0.908547046875 0.7165530296875 0.9041112421875 0.7078294796875 0.9051823593749999 0.7063627734375 0.9065923187499999 0.701631178125 0.9054514671874999 0.6978135515624999 0.9064121609375 0.6928481203125 0.90603794375 0.6913516625 0.9072055812500001 0.6778072578125001 0.906408884375 0.67589844375 0.9068892312499999 0.675639046875 0.91011874375 0.672233775 0.9117667296875 0.670652246875 0.91491260625 0.6629574875 0.9163493515625 0.658901834375 0.9153714781250001 0.6554412468749999 0.9192400234375 0.651415346875 0.9185044703124999 0.6480695796875 0.9206370968750001 0.6452765515625 0.9192582203124999 0.6426620437499999 0.9193332671875 0.6368505328125 0.9227525453125001 0.634172328125 0.9196377515625 0.6312221499999999 0.9116368687499999 0.6298744562499999 0.9140161109375 0.6276425484375 0.9145361296875001 0.622732434375 0.9119413515625 0.620436828125 0.9092715281249999 0.6149995374999999 0.9077253765625001 0.606305740625 0.909038815625 0.6035764109375 0.9108497796874999 0.599435690625 0.9118501437500001 0.5888246953125 0.908233528125 0.5851813984375 0.907942946875 0.553076034375 0.9109010937500001 0.5444673046874999 0.91023629375 0.539004453125 0.9111530218749999 0.5131824593750001 0.9118638234375 0.496058453125 0.9139663875 0.4860680859375 0.912733309375 0.3572131140625 0.9196996437499999 0.3256477078125 0.920377725 0.314662496875 0.9217265390625 0.3096673125 0.92111 0.270453871875 0.924940909375 0.2667510671875 0.9241656859375 0.23173366093749997 0.9247756718750001 0.18817122656250002 0.9279107 0.1652017671875 0.9304850203124999 0.1550157015625 0.935671296875 0.142563784375 0.9384300703124999 0.1379298328125 0.94342658125 0.1358550734375 0.9505686046875 0.1268976875 0.9524063546875 0.1132087078125 0.9531032546875 0.10748226718750001 0.9545442953125001 0.0823064625 0.9551757546875 0.0726094375 0.9536606843750001 0.06940405468750001 0.951594515625 0.06585001562500001 0.952030896875 0.062474496874999993 0.9539212031250001 0.052224734375000005 0.9559176375 0.0560926578125 0.9874193468750001 0.0653731375 0.985541925 0.10067969218749999 0.9819447468750001 0.12293507343750001 0.973554725 0.12639566093750002 0.96968618125 0.157043115625 0.9548543140625 0.163062896875 0.9531312812499999 0.19660521250000002 0.9485208546875 0.20544777656250002 0.9484190203124999 0.21478776093750002 0.9470262406250001 0.2303855546875 0.9458489953125 0.23408836093750002 0.94662421875 0.23822908125 0.945623853125 0.24199139375 0.9468837171875 0.245133078125 0.9457600453125 0.24880612968750002 0.946292946875 0.33989739375 0.940273803125 0.34327710625 0.9410886968750001 0.3477706734375 0.9402909812500001 0.3512098921875 0.9415905171875 0.3885740265625 0.938724596875 0.400443453125 0.9392350078125 0.4310651375 0.9362130593750001 0.44441824218750003 0.9367872703125 0.4451834453125 0.9376772125 0.46145717968750005 0.9366629453125 0.46421626250000003 0.9350943015625001 0.46856525781249997 0.9357901828124999 0.4713838484375 0.9347061812499999 0.4757030890625 0.9351597421875001 0.486335453125 0.9336082765624999 0.49206608437500005 0.9348724374999999 0.5155371578125 0.9337123703125 0.519677878125 0.9327120046875 0.5234401906249999 0.9339718703125 0.5387743953124999 0.9333189359375 0.54356130625 0.9322392296875 0.5472938640625 0.9332567734375001 0.5507586437499999 0.9320934296875001 0.5545804624999999 0.9338379359375001 0.5596607140625001 0.9324762375000001 0.562334728125 0.9328858328124999 0.5742297171875 0.9309333625 0.5934113015625 0.92956205625 0.6486688375 0.9281887140625 0.6519848484375 0.9258137671875 0.6565123640625 0.9279635734375 0.6590078578125 0.9269192421874999 0.6640327953125 0.9277781015625 0.6680842578124999 0.926050775 0.6745163921875 0.9250150343750001 0.6799239296875 0.9263188640625 0.6843579921875 0.9250365078125 0.688001290625 0.9253270890625 0.690790128125 0.9240007671875 0.694786275 0.9244939984375 0.6992203375 0.923211640625 0.7028933890625 0.92374454375 0.706387921875 0.9228235203124999 0.7101799875 0.92432570625 0.711387296875 0.926145259375 0.722368315625 0.9220912453125001 0.72780560625 0.923637396875 0.7350922046874999 0.924218559375 0.738939584375 0.9235001859375 0.74273165 0.925002371875 0.8359400000000001 0.9201991265625 0.8367052015625 0.9210890671874999 0.8424018890625 0.9194057062500001 0.8448420703125 0.9205819343750001 0.8492166265625001 0.9188149359375 0.8523327484375001 0.9201541421874999 0.8570601531250001 0.91858979375 0.860087015625 0.9192020375000001 0.8635517937499999 0.91803869375 0.8681941296875 0.9184525828125001 0.8706598734375 0.9171659312499999 0.887724371875 0.9145787265624999 0.8911338359375 0.9156359421875001 0.8945688609375001 0.9142302765625001 0.898947609375 0.9151684796874999 0.9007969171875001 0.9142034906250001 0.9082875937500001 0.9137756984375001 0.9465401359375001 0.915474203125 0.9824928796875 0.911797684375 0.9929806687499999 0.911739815625 1 0.910482340625 1 0.892537234375
11 1 0.6646554671875 0.6854047328124999 0.6904946875 0.66933590625 0.6531118390625 0.6222755734375001 0.6170745281250001 0.4579227453125 0.6274155546875 0.25171640625 0.644125415625 0.0781170421875 0.6592913859375 0.0925473734375 0.7768169921875 0.1631818546875 0.7644545578125 0.184564353125 0.8184031546874999 0.22484430625 0.8392846765625 0.24879981406249999 0.84741214375 0.4976454125 0.85744346875 0.45951312499999997 0.8006320062500001 0.4438486828125 0.7398319671875 0.5307656953125 0.7131715843750001 0.5659645703125 0.7728029671875001 0.61659529375 0.8379187781249999 0.6776857078125 0.8279580781250001 0.7374791375 0.8341449421875 0.8484564421874999 0.8832420328125 1 0.8872917703125 1 0.6646554671875
8 1 0.6935371890625001 0.9190741015624999 0.6704127890625 0.8242284953125001 0.6992765515625 0.7693233937499999 0.7195466234375 0.68285268125 0.74984181875 0.6323686562499999 0.779408015625 0.6293283921875 0.80806833125 0.67398750625 0.8111939749999999 0.840360190625 0.777237403125 0.947406703125 0.75425478125 1 0.78107478125 1 0.6935371890625001
8 0.4069756 0.45288012968749997 0.4042978078125 0.4310712546875 0.39354265312500003 0.410254153125 0.3614888265625 0.3895924609375 0.304501 0.392900075 0.264411725 0.400282159375 0.1900580890625 0.3823544890625 0.14614280468750002 0.3852868671875 0.1131523984375 0.4237739515625 0.12131358750000001 0.47688618125 0.1579162984375 0.4945296 0.16070094375 0.4904980765625 0.21267263125000002 0.4730479234375 0.2208778015625 0.45974174999999995 0.23966840312499998 0.45251507343749997 0.265962259375 0.4529762046875 0.29316966875 0.4742329625 0.33285455625 0.49026806875 0.37970325312500003 0.48451577187500006 0.4069756 0.45288012968749997
8 0.5882688968750001 0.47366557499999995 0.634543484375 0.4765928625 0.6787353421875 0.4625576921875 0.7139782 0.45577067343750005 0.766863440625 0.4591161453125 0.8651306734374999 0.45811927968750005 0.8938906843750001 0.4385996796875 0.91695359375 0.4394575203125 0.9404628046875001 0.443950175 0.981997828125 0.42163212968749997 0.9403370640625001 0.36279416875 0.961507925 0.3749531578125 0.9727952734375 0.360038671875 0.9664402375 0.33499169375000004 0.9454390984375 0.337570309375 0.9216113984375 0.3171284453125 0.8888346984375 0.3039347328125 0.8753158546875 0.30067515624999996 0.8293597578125 0.31369707812500003 0.8868777124999999 0.36812828125 0.7936056640625 0.3697416859375 0.6620085796875 0.3797504234375 0.569161871875 0.3714726390625 0.46855629375 0.380135840625 0.4625616609375 0.3980900734375 0.49705861875 0.4787154375 0.5104286953125 0.480763409375 0.5882688968750001 0.47366557499999995
8 0.0878411734375 0.2042752375 0.057997884374999996 0.18826160625 0.0345096328125 0.197294953125 0.0393979625 0.223751890625 0.046603682812500005 0.22901649218750003 0.093452378125 0.2232641953125 0.0878411734375 0.2042752375
8 0.3244649109375 0.194899421875 0.2491537375 0.222594528125 0.256487265625 0.21554473125 0.265373396875 0.1677185765625 0.196758775 0.1564654671875 0.1695073828125 0.2016271109375 0.2253260375 0.2021526640625 0.21977770312499997 0.2237417109375 0.18298224375 0.2713050890625 0.199285734375 0.2705331421875 0.2531913828125 0.2688338421875 0.3369193640625 0.269622171875 0.3392577109375 0.2619558375 0.340194290625 0.20280706093749998 0.3244649109375 0.194899421875
8 0.801113053125 0.1904886875 0.8678146703125 0.19951694375 0.8562947281250001 0.159115821875 0.75273478125 0.1570729390625 0.7247186 0.1826505609375 0.50531190625 0.21205005625 0.4483031234375 0.20183166875 0.36574431406249996 0.197210171875 0.3946300671875 0.258846578125 0.5205090921875 0.25568928125 0.5172571921875 0.2425599890625 0.5333909578125 0.22705043749999998 0.595055478125 0.208410153125 0.6703017124999999 0.2336074484375 0.7449319265625001 0.240432325 0.737365803125 0.1921665125 0.801113053125 0.1904886875