7 0.1761067703125 0 0.1761067703125 0.01171875 0.1764322921875 0.01708984375 0.1813151046875 0.021240234375 0.1858723953125 0.020263671875 0.1930338546875 0.023681640625 0.201171875 0.022705078125 0.21158854218749998 0.030517578125 0.21256510468749998 0.040771484375 0.21614583281250002 0.04248046875 0.21940104218749998 0.040771484375 0.21940104218749998 0.02783203125 0.2255859375 0.01953125 0.22819010468749998 0.01806640625 0.23697916718749998 0.01953125 0.248046875 0.01708984375 0.2587890625 0.02001953125 0.2633463546875 0.023193359375 0.267578125 0.023681640625 0.2799479171875 0.038818359375 0.2815755203125 0.042724609375 0.2805989578125 0.050048828125 0.2819010421875 0.059814453125 0.2796223953125 0.064453125 0.2815755203125 0.068603515625 0.2845052078125 0.08740234375 0.2825520828125 0.091064453125 0.283203125 0.095458984375 0.2796223953125 0.10107421875 0.275390625 0.103515625 0.2740885421875 0.10791015625 0.275390625 0.10986328125 0.2802734375 0.111328125 0.2958984375 0.1142578125 0.298828125 0.116943359375 0.302734375 0.11083984375 0.3011067703125 0.1005859375 0.3020833328125 0.079833984375 0.298828125 0.02978515625 0.2985026046875 0.027587890625 0.2952473953125 0.02587890625 0.2942708328125 0.023681640625 0.2962239578125 0.016357421875 0.2965494796875 0 0.1761067703125 0
7 0.3932291671875 0.039306640625 0.396484375 0.0439453125 0.3994140625 0.041015625 0.3997395828125 0.0361328125 0.3961588546875 0.026123046875 0.388671875 0.020263671875 0.3857421875 0.020751953125 0.3805338546875 0.018798828125 0.3766276046875 0.019775390625 0.3743489578125 0.024169921875 0.3756510421875 0.029052734375 0.3782552078125 0.030029296875 0.3844401046875 0.03759765625 0.3932291671875 0.039306640625
9 0.4866536453125 0 0.486328125 0.010498046875 0.4912109375 0.01416015625 0.4915364578125 0.031982421875 0.4895833328125 0.045166015625 0.4970703125 0.095458984375 0.5016276046875 0.09716796875 0.5061848953125 0.0966796875 0.517578125 0.1015625 0.5380859375 0.10693359375 0.5419921875 0.111328125 0.5491536453125 0.1240234375 0.5680338546875 0.200439453125 0.5625 0.2080078125 0.564453125 0.2177734375 0.5725911453125 0.211181640625 0.5735677078125 0.208984375 0.5771484375 0.182861328125 0.5751953125 0.15966796875 0.576171875 0.150146484375 0.5725911453125 0.13916015625 0.560546875 0.120849609375 0.5553385421875 0.105712890625 0.5559895828125 0.098388671875 0.5533854171875 0.079345703125 0.5589192703125 0.05517578125 0.5537109375 0.025146484375 0.5494791671875 0.01611328125 0.5462239578125 0 0.4866536453125 0
8 0.6953125 0 0.6953125 0.001708984375 0.7789713546875 0.02392578125 0.7838541671875 0.0224609375 0.7867838546875 0.023681640625 0.791015625 0.023681640625 0.794921875 0.025634765625 0.8111979171874999 0.029541015625 0.8147786453125001 0.031982421875 0.818359375 0.03125 0.8203125 0.029541015625 0.8304036453125001 0.017578125 0.8369140625 0.005859375 0.8372395828125001 0 0.6953125 0
11 0.6966145828125 0 0.6966145828125 0.001708984375 0.7005208328125 0.002685546875 0.703125 0.002197265625 0.724609375 0.009033203125 0.814453125 0.032470703125 0.8186848953125001 0.03125 0.830078125 0.017822265625 0.8356119796874999 0.00927734375 0.8372395828125001 0 0.6966145828125 0
8 0.8645833328125001 0 0.8645833328125001 0.002685546875 0.8675130203125001 0.012939453125 0.8727213546874999 0.023681640625 0.8756510421874999 0.03759765625 0.8811848953125001 0.046142578125 0.8883463546874999 0.049560546875 0.9534505203125001 0.06298828125 0.9554036453125001 0.064208984375 0.974609375 0.049560546875 0.974609375 0.046142578125 0.9814453125 0.038330078125 0.990234375 0.032470703125 0.9938151046874999 0.03173828125 0.9996744796874999 0.028076171875 0.9996744796874999 0 0.8645833328125001 0
11 0.8642578125 0 0.8642578125 0.00244140625 0.8675130203125001 0.013671875 0.8723958328125001 0.0234375 0.8753255203125001 0.03759765625 0.880859375 0.04638671875 0.8883463546874999 0.0498046875 0.9557291671874999 0.064453125 0.974609375 0.0498046875 0.9853515625 0.033935546875 0.9938151046874999 0.0322265625 0.9967447921874999 0.029296875 0.9996744796874999 0.0283203125 0.9996744796874999 0 0.8642578125 0
9 0.7825520828125 0.31201171875 0.7796223953125 0.318115234375 0.7802734375 0.322021484375 0.8020833328125001 0.334228515625 0.8173828125 0.33056640625 0.8326822921874999 0.3251953125 0.8460286453125001 0.32421875 0.8502604171874999 0.322998046875 0.8798828125 0.306884765625 0.8841145828125001 0.302734375 0.8766276046874999 0.294677734375 0.8662109375 0.290771484375 0.8072916671874999 0.27880859375 0.7985026046875 0.278076171875 0.7939453125 0.28173828125 0.7861328125 0.280029296875 0.7789713546875 0.275146484375 0.7747395828125 0.2783203125 0.7718098953125 0.28271484375 0.771484375 0.287109375 0.7737630203125 0.296142578125 0.7822265625 0.3095703125 0.7825520828125 0.31201171875
5 0.787109375 0.345703125 0.7936197921875 0.341796875 0.7877604171875 0.3369140625 0.7828776046875 0.335693359375 0.7809244796875 0.336181640625 0.7682291671875 0.33154296875 0.7532552078125 0.335693359375 0.751953125 0.33837890625 0.759765625 0.34228515625 0.7858072921875 0.3447265625 0.787109375 0.345703125
5 0.9622395828125001 0.380615234375 0.9827473953125001 0.381103515625 0.9892578125 0.3828125 0.9996744796874999 0.3828125 0.9996744796874999 0.341064453125 0.994140625 0.340576171875 0.9905598953125001 0.342529296875 0.8974609375 0.332763671875 0.8623046875 0.324462890625 0.8548177078125001 0.327392578125 0.8499348953125001 0.33203125 0.8470052078125001 0.3330078125 0.837890625 0.334228515625 0.8277994796874999 0.337158203125 0.818359375 0.33740234375 0.8138020828125001 0.33984375 0.8102213546874999 0.338134765625 0.8037109375 0.337890625 0.796875 0.341064453125 0.8024088546874999 0.346435546875 0.8069661453125001 0.34619140625 0.8336588546874999 0.35400390625 0.9622395828125001 0.380615234375
9 0.5865987578125 0.2446179078125 0.593516196875 0.2568098921875 0.6409006484375 0.262257375 0.6744502234375 0.265370221875 0.685863996875 0.2648514140625 0.69174381875 0.259144528125 0.6948566656249999 0.24617433125 0.6820594062499999 0.24150506093750002 0.6464345984375 0.2293130765625 0.6087345609375 0.226978440625 0.5872905015625001 0.22464380468749998 0.5865987578125 0.2446179078125
7 0.5810546875 0.27685546875 0.5865885421875 0.27880859375 0.5921223953125 0.27880859375 0.5960286453125 0.267333984375 0.591796875 0.261962890625 0.5751953125 0.260498046875 0.556640625 0.262451171875 0.5553385421875 0.263671875 0.5641276046875 0.2724609375 0.5680338546875 0.281005859375 0.5810546875 0.27685546875
5 0.4469401046875 0.273193359375 0.4602864578125 0.275146484375 0.4661458328125 0.274658203125 0.478515625 0.263671875 0.4788411453125 0.247802734375 0.4755859375 0.216552734375 0.4703776046875 0.2109375 0.4586588546875 0.211181640625 0.4537760421875 0.213134765625 0.4508463546875 0.212646484375 0.4440104171875 0.216796875 0.4329427078125 0.25146484375 0.4329427078125 0.263671875 0.439453125 0.27001953125 0.4469401046875 0.273193359375
5 0.32210323750000003 0.14734722656250002 0.3385084953125 0.1596511703125 0.35371336875 0.1641526125 0.37532029375 0.1593510734375 0.38932478125 0.1686540546875 0.438140428125 0.1836588640625 0.46134786562499996 0.18065790312500002 0.47055081562499995 0.1785572296875 0.46494902031249996 0.16955434375 0.43373901718749996 0.1719551125 0.4041295265625 0.170754728125 0.3921256796875 0.156050015625 0.388524525 0.1338428984375 0.364916959375 0.1293414546875 0.321703109375 0.115236934375 0.311299775 0.11763770312499999 0.312500159375 0.12754087812499998 0.32210323750000003 0.14734722656250002
5 0.21712239531250002 0.6162109375 0.21842447968749998 0.616943359375 0.22102864531250002 0.643310546875 0.22298177031250002 0.64453125 0.22688802031250002 0.651428221875 0.22721354218749998 0.656005859375 0.23307291718749998 0.6605224609375 0.2333984375 0.66259765625 0.23990885468749998 0.665283203125 0.24283854218749998 0.67041015625 0.24934895781250002 0.672607421875 0.251953125 0.677490234375 0.2565104171875 0.677490234375 0.2581380203125 0.6796875 0.2633463546875 0.680908203125 0.2688802078125 0.679443359375 0.2884114578125 0.699462890625 0.2877604171875 0.700927734375 0.2890625 0.701904296875 0.2985026046875 0.70361328125 0.3017578125 0.702392578125 0.310546875 0.7041015625 0.337890625 0.7158203125 0.3365885421875 0.720947265625 0.3447265625 0.725341796875 0.353515625 0.72119140625 0.361328125 0.726318359375 0.3649088546875 0.72216796875 0.392578125 0.71875 0.3938802078125 0.716064453125 0.3981119796875 0.713134765625 0.3974609375 0.710693359375 0.3951822921875 0.709228515625 0.3990885421875 0.703125 0.4039713546875 0.7021484375 0.4052734375 0.69873046875 0.4514973953125 0.640869140625 0.4560546875 0.63134765625 0.4541015625 0.6259765625 0.4469401046875 0.623046875 0.4495442703125 0.61474609375 0.4567057296875 0.60498046875 0.4580078125 0.59765625 0.453125 0.58203125 0.4508463546875 0.547607421875 0.4524739578125 0.541259765625 0.4508463546875 0.536865234375 0.4527994796875 0.52490234375 0.4508463546875 0.517822265625 0.4381510421875 0.5146484375 0.4348958328125 0.509765625 0.4153645828125 0.50830078125 0.4104817703125 0.507080078125 0.4007161453125 0.5009765625 0.3746744796875 0.498779296875 0.330078125 0.49072265625 0.3212890625 0.491455078125 0.314453125 0.492919921875 0.291015625 0.50146484375 0.283203125 0.498291015625 0.2747395828125 0.499267578125 0.2509765625 0.5078125 0.24576822968749998 0.51220703125 0.23404947968749998 0.5166015625 0.22428385468749998 0.523193359375 0.21809895781250002 0.539794921875 0.21809895781250002 0.552734375 0.21907552031250002 0.5537109375 0.21647135468749998 0.612548828125 0.21712239531250002 0.6162109375