3 1 0.443382665625 0.943575159375 0.4197634234375 0.8616158374999999 0.4066336234375 0.794647228125 0.40407779843749997 0.73689573125 0.3886072921875 0.6631959453125 0.3848649078125 0.6332222640625 0.4086592171875 0.5820333765625 0.400955075 0.5223048 0.402319540625 0.452110559375 0.389942403125 0.38683887499999997 0.389007628125 0.346678909375 0.380604503125 0.2877974125 0.37154394687500003 0.2277281421875 0.36359579218750004 0.1475233375 0.35738422812500004 0.0807234265625 0.34824928125 0.025363559375 0.34193672343750003 0.018339921875 0.3702943828125 0.0558409984375 0.376906834375 0.12037724375 0.3763900890625 0.1694171125 0.38503714218749996 0.213817765625 0.386257309375 0.24843414375 0.392361109375 0.30471458125 0.40492821718750005 0.31778178437500004 0.4151633546875 0.3314698375 0.4162550875 0.3474180703125 0.4045272890625 0.41421822343750003 0.41366227968749997 0.463146928125 0.4341859546875 0.46728738437499995 0.5062933796875 0.4803508640625 0.49405725 0.478478278125 0.45407286874999997 0.49515846718749995 0.42132535937500004 0.5504198265625 0.42842575 0.586959415625 0.434868665625 0.5865110437500001 0.45990389531250003 0.6053511828125 0.49362723593749996 0.61134314375 0.47089133125 0.6181817046875 0.43773031875 0.651043565625 0.43691588281250004 0.733454984375 0.447481721875 0.723272421875 0.43775555468749994 0.660372321875 0.41212466562500005 0.719537159375 0.4252007015625 0.840579834375 0.4359694046875 0.9596454859374999 0.46357275937500003 1 0.46284642031249995 1 0.443382665625
3 0.4991984515625 0.572723128125 0.4955135734375 0.5205229640625 0.49463886874999996 0.49244383750000004 0.49375209218749994 0.46866227968749996 0.4785391109375 0.4818412328125 0.47566156406250004 0.526275396875 0.47600597968749997 0.5580592828125 0.45321546250000005 0.5804768296875 0.4486981015625 0.6285870375 0.4710400078125 0.631204678125 0.4776527609375 0.5993256890625 0.4991984515625 0.572723128125
3 0.7457296875 0.0967248453125 0.75178615 0.12422889374999999 0.7880994515624999 0.13195374843750002 0.817682109375 0.13849180781249998 0.823899878125 0.11447387812500001 0.7981636421875 0.1086140453125 0.7693166625 0.1035275453125 0.7457296875 0.0967248453125
3 0.5328932703125 0.1173553296875 0.5387703453125 0.08402478125 0.54889555625 0.0884538078125 0.580289784375 0.107207521875 0.6056853265625 0.103754734375 0.6001958453125 0.08428136875 0.5771182609375 0.0802121671875 0.5483250921875 0.057951903125 0.5266072765625001 0.0686620390625 0.5072609906250001 0.054676381249999996 0.4852597765625 0.061371359375000004 0.481922984375 0.06342667187499999 0.47468619375000004 0.0819775609375 0.4771760921875 0.090347634375 0.4942582328125 0.0946815171875 0.5096434484375 0.09739434531249999 0.49460265000000003 0.12646540312500001 0.48844223124999997 0.1557804734375 0.5037698578125 0.15319612031250002 0.5328932703125 0.1173553296875
3 0.6591887453124999 0.0814653421875 0.6213003765625 0.08341969375 0.619488025 0.11544106875 0.67338966875 0.10776179999999999 0.6832851093750001 0.091001540625 0.6591887453124999 0.0814653421875
3 0.932234134375 0.9266577 0.9376591703124999 0.8958907921874999 0.90264355 0.8936821125 0.86995014375 0.8879173828125 0.8301276296875001 0.8663556953124999 0.7960243671875 0.8854566593750001 0.7505473406250001 0.8734723140625 0.6980595171874999 0.8787571984375001 0.66044355625 0.861550103125 0.6137214046875 0.845381021875 0.5726610265625001 0.8645767687499999 0.5177403609375 0.866788996875 0.5131048703125 0.8818333796875001 0.5539427406249999 0.8863905187500001 0.612709590625 0.884856475 0.6641244703125 0.8912789578125 0.7328478328125 0.9007530625 0.7873739953125 0.9064019765625 0.83527995625 0.8989873453125 0.9075122390624999 0.9222985625 0.932234134375 0.9266577
3 0 0.8061712671875 0.0466338625 0.81147818125 0.122145403125 0.8274365828124999 0.19347012187499998 0.83340385625 0.25976058750000003 0.8398056265625 0.33453693125 0.854312553125 0.302801528125 0.8262461343749999 0.2699934765625 0.8098868046875 0.22813658750000002 0.7998626265625 0.176100859375 0.8025835484374999 0.14323899843750001 0.8033979828125 0.110829175 0.801648775 0.0704431609375 0.79452763125 0.0424430203125 0.779016065625 0 0.785019075 0 0.8061712671875
8 0.748272503125 0.7964068203125 0.7245011546875 0.8056723359375001 0.721976734375 0.8274588421875 0.7501456281250001 0.8363909656249999 0.7611137171875 0.80792361875 0.748272503125 0.7964068203125
8 0.422312309375 0.8063430765625 0.4318095203125 0.77497269375 0.3833902046875 0.757182515625 0.3221334578125 0.7503464875 0.3305076359375 0.770328503125 0.359358340625 0.797886271875 0.422312309375 0.8063430765625
8 0.3473239015625 0.66148831875 0.3473374453125 0.6571936546875 0.34466404375000004 0.654077921875 0.34440850312500004 0.6470914703124999 0.3457093859375 0.6453375953125 0.3459068359375 0.6414059015625 0.34444913593750004 0.6342074765625 0.337249734375 0.6286409749999999 0.3080165890625 0.6271223499999999 0.3008474046875 0.6354439625 0.299970859375 0.6376032015625 0.3024746828125 0.6416806609375 0.31452491562499996 0.6464497828125 0.3149355125 0.649744971875 0.31396043749999997 0.6552748984375001 0.315360828125 0.6571745359375 0.327396734375 0.6606189625 0.33441223125 0.66582249375 0.34178043125 0.6648079078125 0.3473239015625 0.66148831875
3 0.3911187828125 0.6290086359375 0.350542759375 0.620738075 0.352885753125 0.6434158921875001 0.4291329734375 0.660825853125 0.5135787640625 0.6598541796874999 0.6238754359375001 0.675336940625 0.639256928125 0.6555785015625 0.5823559406250001 0.6521545203125 0.518214253125 0.6448097984375 0.4540727515625 0.637465440625 0.3911187828125 0.6290086359375
3 0.17228343906250002 0.627432575 0.2445696453125 0.6335693859375 0.30356254374999997 0.6307533609375 0.3009577046875 0.611788965625 0.23246038906250002 0.6010328796875 0.155582184375 0.5946248296875 0.14688441562500001 0.6084141375 0.17228343906250002 0.627432575
11 0 0.5615722703125 0.006754253125 0.5627632265625 0.013217251562499999 0.5612584875 0.031220965625000003 0.5617886890625 0.0374299875 0.56453621875 0.04451555625 0.5651245109375 0.074483540625 0.5624756546875 0.0760248546875 0.560764175 0.0826009046875 0.5586182843749999 0.0869430015625 0.560706084375 0.09380168125 0.5569573171875 0.0956678265625 0.5519976875 0.09975516250000001 0.5527183953125 0.10742031875 0.5514256296875 0.10750471718750002 0.5481350843749999 0.11099735625 0.54379279375 0.11344308750000001 0.5369521078124999 0.11321619999999999 0.5326150484375 0.11528057656249999 0.5293430859375 0.14308389531250001 0.5206933171875 0.143762990625 0.5224657734375 0.1460542546875 0.5235308703125 0.148515096875 0.5236342390625001 0.15214944218749998 0.521300190625 0.1545537578125 0.5217241359375 0.1565058640625 0.5247126859375 0.1591076296875 0.5212049375000001 0.155189871875 0.5195225031249999 0.153478196875 0.516576346875 0.1555990984375 0.512983809375 0.15484915 0.5102072343749999 0.15547093750000002 0.5066809046875 0.1591331546875 0.5013768859375001 0.1690609203125 0.49849982343750004 0.1732047828125 0.49889995625 0.1892563890625 0.49644160781249996 0.21046932968749998 0.48861303281249996 0.21466971875000002 0.4886925890625 0.22189699375 0.49128912343750003 0.22623830625000002 0.48775756093749995 0.23031131562499998 0.4871535734375 0.23302613437500003 0.48300467343750003 0.2320779515625 0.47854043125 0.232515834375 0.47465113125 0.2424428171875 0.4661547078125 0.25026087656249996 0.44571743750000004 0.2583360421875 0.4435053375 0.26281984375 0.447601378125 0.2648428046875 0.4515940484375 0.2652392703125 0.45496938125 0.26771443906250003 0.45639744843749996 0.275916984375 0.45486889531249997 0.2803426953125 0.448046790625 0.285023946875 0.44821113593749995 0.2872849921875 0.43538811875 0.2892076609375 0.43010791406250004 0.290931315625 0.4175206828125 0.29305221875 0.4139281453125 0.2943349703125 0.40384140156250004 0.2998671359375 0.40058592812500005 0.30900353593749996 0.402196921875 0.321166821875 0.4063248921875 0.32217152968749996 0.41046855937500004 0.32665533125 0.4145646 0.328493603125 0.4125749390625 0.32928496875 0.408086884375 0.3331024375 0.4004964421875 0.3377693625 0.3993360921875 0.340301840625 0.40606294531250003 0.34174364687500003 0.4006979515625 0.346523625 0.39889644999999996 0.3500592453125 0.398528246875 0.3533830875 0.40076704375 0.36471124375 0.3997896203125 0.37325294531250003 0.396337615625 0.38165372343750004 0.3964967296875 0.3843836515625 0.3992918875 0.3894183875 0.39885747656250004 0.400619946875 0.40281586875000003 0.41563975781250007 0.40480318125 0.42408273437500005 0.40331702343750003 0.43464817968749997 0.4094770484375 0.4495262828125 0.4094561203125 0.4667243046875 0.4131496796875 0.4677990828125 0.41267810781250003 0.46818043906250006 0.40910938281250003 0.4700752375 0.40679914687499996 0.47915432812500003 0.40311135625 0.47636787500000005 0.4006367734375 0.4882430515625 0.36703209531250003 0.49312253593750005 0.3688841078125 0.49786031406250003 0.3687278796875 0.5076479375 0.375081296875 0.512088759375 0.37520324843749997 0.518113875 0.3775878078125 0.5208016046874999 0.38202823750000003 0.5209154390624999 0.38700644687499997 0.5198127890625 0.3904479890625 0.5205484109375 0.39189986875 0.5290765687500001 0.392742528125 0.5316361359374999 0.39088005 0.533078725 0.3911344171875 0.5359774484375001 0.38734848906249997 0.5395695953125 0.38665971093749996 0.5440948140625 0.38349111874999997 0.5447166 0.37996478906250003 0.543839271875 0.3765046671875 0.5443623343749999 0.374944184375 0.543273228125 0.3740910609375 0.5430176875 0.367104609375 0.5500602734375 0.36371881250000004 0.554203353125 0.35849958437499996 0.5567063953125 0.3569576828125 0.5592938328125 0.3521252359375 0.5640738109375001 0.3503237359375 0.5666763593749999 0.352435346875 0.5753318968750001 0.3539615515625 0.580055346875 0.3524806265625 0.5830113796874999 0.3539934828125 0.5883287453125 0.3519561953125 0.5925426796875 0.3477410875 0.5920753609375 0.343361634375 0.5962892937500001 0.3391465265625 0.596501071875 0.336539528125 0.5906455328125 0.3331932421875 0.5706897125 0.3296744921875 0.5358414609375 0.32485197499999996 0.52557375625 0.324033128125 0.5211472625 0.3252358734375 0.516989071875 0.32351104531249997 0.46784230468750004 0.3168283984375 0.45881895625 0.314576253125 0.08633626093749999 0.2660857171875 0.0799863140625 0.2669493046875 0.05858790312499999 0.2631761875 0.0510923265625 0.2635072265625 0.0387737890625 0.2616656796875 0.03433296875 0.26154372656249997 0 0.4562556671875 0 0.5615722703125
11 0 0.7425709296874999 0.002395003125 0.7421402453125 0.007203634374999999 0.7429881375 0.011192246875 0.7456746921875 0.0123665328125 0.7488566328124999 0.020471135937500003 0.7549132875 0.024826775000000002 0.7527064218749999 0.0310214703125 0.7541292578125 0.0372583640625 0.75390681875 0.0403983015625 0.7557826453125001 0.042660910937500005 0.75419835 0.05384814375 0.75683204375 0.0590289203125 0.755101215625 0.06175373125 0.7555816734375 0.0636349859375 0.7575661015625 0.0681888578125 0.7570469015625 0.07138532187499999 0.758602153125 0.07422751875 0.7551367984375 0.1270109796875 0.7763434765625 0.1284965515625 0.7805719343749999 0.13271126718749998 0.7819761875 0.1466841703125 0.7814651046875001 0.1520437359375 0.7777825453125 0.1550698390625 0.7746801609375 0.15669555156249998 0.7696781374999999 0.160754234375 0.7677494515625 0.16307258593750001 0.7602252203125001 0.1584614046875 0.755445634375 0.15512245156249999 0.74626278125 0.1496060703125 0.740993040625 0.1427888046875 0.7374771765625 0.112508753125 0.7334601562499999 0 0.7227668375 0 0.7425709296874999