5 0.3877187421875 0.7834683234375001 0.41354761875 0.788396103125 0.4350726046875 0.7775797984375 0.428284221875 0.7490541109375 0.422383553125 0.718697803125 0.4313046625 0.707015309375 0.45473698906250004 0.7124089328125 0.4750609328125 0.7465939109375 0.5014669609375 0.74809336875 0.517223190625 0.726791925 0.5133205703125 0.6811246265625 0.5195345671875 0.668310275 0.5328942453125001 0.647474675 0.540974378125 0.5994781640625 0.518297853125 0.5723827499999999 0.4835946046875 0.540992825 0.4525713578125 0.56691994375 0.436993778125 0.56994791875 0.425098965625 0.5855245765625 0.40126537031250004 0.61005416875 0.36607014375 0.6401083734374999 0.33748741875 0.672193371875 0.29998635 0.6711925046875 0.2991453734375 0.6348784875 0.31121883437500003 0.6010283624999999 0.3017233390625 0.571370815625 0.27549319375 0.59636625 0.28241348906249997 0.6447631078125 0.25924775312500004 0.6343434625000001 0.3176388515625 0.84517443125 0.3218548015625 0.8476710703125001 0.329176365625 0.8661447125 0.3373416734375 0.8761640093749999 0.3566487578125 0.8475400796875 0.34231619062499996 0.8121904953125 0.3437370859375 0.800307828125 0.3725836359375 0.80796516875 0.3748043046875 0.7810044328125 0.3877187421875 0.7834683234375001
5 0.1815412703125 0.58644150625 0.1611678234375 0.6351695265624999 0.1432816328125 0.6519107890625 0.16489179375000002 0.69911029375 0.20523188750000002 0.721114190625 0.22782047031250002 0.73496215625 0.20293157812499998 0.60052239375 0.1815412703125 0.58644150625
5 0.08761671875 0.851750653125 0.120635246875 0.85528090625 0.1228559140625 0.8283201703125 0.11580094062499999 0.8048205062499999 0.1061707671875 0.800060153125 0.0983599921875 0.7982622765625 0.08242787968750001 0.7930688296875 0.06787269375 0.7693689890625001 0.0680018390625 0.8340085203125 0.08761671875 0.851750653125
5 0.05965788125 0.8422626921875 0.0721270796875 0.8680260734375 0.0938279484375 0.8837046624999999 0.1265386828125 0.8408688546875001 0.09250329375 0.774529690625 0.1097683609375 0.7545930281250001 0.127387959375 0.7428777859375 0.139150859375 0.707429959375 0.11518811874999998 0.667320021875 0.08092734375 0.657398965625 0.03982868125 0.701865221875 0.0435086828125 0.759182265625 0.047589953125 0.786576096875 0.05965788125 0.8422626921875
5 0.2917741140625 1 0.27800229062500004 0.92915010625 0.25594135625000003 0.9947868171875 0.1760142046875 0.9738455953124999 0.14774480625 0.9627599328124999 0.13518490156250001 0.9685174671875 0.1038950625 0.9994706093750001 0.10386268125 1 0.2917741140625 1
5 0.5402871499999999 0.9478059312499999 0.5598608265625 0.914155978125 0.57548514375 0.8729833656249999 0.5316821359375 0.8715494015624999 0.520941628125 0.8802694140625 0.5125069640625 0.9200445015625001 0.49945784687500006 0.942477803125 0.46728306093749994 0.9304932046875001 0.46036 0.9268647078125 0.45228263437500005 0.9300928578125 0.4639836640625 0.972467796875 0.5402871499999999 0.9478059312499999
5 0.3787993984375 1 0.45024435 0.9769084484375 0.44526886406250005 0.9579852765625001 0.4430069921875 0.933553928125 0.44584878281250007 0.9097885921875 0.428941015625 0.8931783187500001 0.43412985312499996 0.9518601421874999 0.42867165781249994 0.9429727031249999 0.405461953125 0.9259293359375 0.39858286249999997 0.9289245625 0.37896521562499996 0.9559507937499999 0.371286353125 0.9740240874999999 0.36538568437499996 0.9436677781249999 0.3431983703125 0.8998965953125 0.3316141203125 0.9170709546875001 0.3581656203125 1 0.3787993984375 1
8 0.055543707812499996 0.62917169375 0.1212262328125 0.628010778125 0.1947223 0.5838793734375 0.1781278609375 0.5240984390625 0.0035341890624999996 0.5663263484375001 0.02052713125 0.6409524296875 0.055543707812499996 0.62917169375
8 0.2753640484375 0.53172671875 0.31543755 0.5587566374999999 0.3764176828125 0.527006490625 0.42554697187499996 0.5174567234375 0.5685430109375 0.45981589375 0.5616227171875 0.4114190375 0.2973810125 0.4594662875 0.26715753750000004 0.47031533750000004 0.2753640484375 0.53172671875
4 0.8171960687500001 0.5938700640625 0.7582139859375 0.6103092234374999 0.7857715515625 0.6497203984375 0.8929017375000001 0.701851371875 0.8464109843750001 0.3859070203125 0.82660915625 0.5207434421875 0.7430020046875 0.4424851765625 0.7477483687500001 0.4796981296875 0.80956394375 0.573798721875 0.7578182484375 0.5506957140625001 0.7601240921875 0.5817507875000001 0.8171960687500001 0.5938700640625
4 1 0.47364958125 0.9894014906249999 0.41780291406250003 0.8722370953125 0.4356031625 0.9474590859375001 0.47072351562500003 0.9052088859375 0.47727805312499993 0.8978350515625 0.5864857734375 0.8835519875 0.46822318906250004 0.862428271875 0.449116278125 0.8995142375 0.7038821671875 1 0.692611053125 1 0.47364958125
3 0.64906668125 0.1639502640625 0.6583890593749999 0.12234455625 0.6116123499999999 0.1248047578125 0.5648796109374999 0.1338886828125 0.5708682203125 0.1774924390625 0.6110764015625 0.179625165625 0.64906668125 0.1639502640625
3 0.2595721484375 0.41209935625 0.26888899374999997 0.460030371875 0.3046174015625 0.41992412031250004 0.29019689375 0.371327090625 0.26042695781249997 0.22457156562499997 0.2314952328125 0.1588984203125 0.2209306078125 0.194113325 0.23840999531249998 0.296832 0.265390409375 0.339671496875 0.27528440781249996 0.38417419062499997 0.2595721484375 0.41209935625
3 0.69129198125 0.5603109765625 0.661291125 0.55951028125 0.636748465625 0.567597028125 0.6459334 0.5956568734375 0.653477584375 0.60248076875 0.6793064609374999 0.6074085499999999 0.7033159390625 0.60937385 0.7281251890625 0.59626108125 0.7394868203125 0.5907364703125 0.7449477812499999 0.5548555484375 0.7256874343749999 0.545334840625 0.7165437046875 0.5686670781250001 0.69129198125 0.5603109765625
7 0.6684478734375 0.37241558750000003 0.64630453125 0.335268128125 0.580223503125 0.3215838984375 0.555056953125 0.37124360312500004 0.5978787718749999 0.450797465625 0.6563716453125 0.45103407500000003 0.694760428125 0.450204321875 0.6684478734375 0.37241558750000003
7 0.5490711109374999 0.2828714859375 0.563005175 0.303375925 0.578761403125 0.2820744796875 0.576944771875 0.2343436390625 0.587509396875 0.199128734375 0.5652313765625 0.1868784671875 0.5443330468750001 0.11135344843749999 0.5261802656250001 0.133120734375 0.5490711109374999 0.2828714859375
7 0.7017385265625 0.2813830953125 0.674576696875 0.301585428125 0.679853475 0.3735146984375 0.7258304125 0.386132565625 0.7017385265625 0.2813830953125
7 0.6348906296875 0.46847410156249997 0.6560115796875 0.5323493734375 0.7040305359375 0.5362799734375 0.7023458171875 0.5084203031250001 0.673856565625 0.4642160265625 0.6348906296875 0.46847410156249997
5 0.7129267453125 0.9275127328125 0.6839043125 0.8933605015625 0.6765360109375 0.9130314984375 0.6870951015625 0.9673533140625 0.742011290625 0.9619845046875 0.7436806359375 0.951379996875 0.7129267453125 0.9275127328125
11 0.7215867968749999 0.8313195390624999 0.699836425 0.8985539515625 0.714479553125 0.9355012359374999 0.7505157546875 0.9417610468750001 0.7486991234375 0.8940302062500001 0.7215867968749999 0.8313195390624999
11 0.6240986921875 0 0.6177879093749999 0.015829960937500002 0.6194258921875 0.0818342703125 0.653153484375 0.101807371875 0.6607856109375 0.12187871406249999 0.661582615625 0.1515690078125 0.6503089265625001 0.1703410671875 0.6487093828125 0.2004972015625 0.6659277109375 0.21870517656250002 0.688381615625 0.2574503359375 0.653664778125 0 0.6240986921875 0
11 1 0.7354114046875 0.9711414015625 0.7397012828125 0.8938746265624999 0.75803655625 0.8337822078125001 0.787956084375 0.8217059796875 0.8665745703125 0.8356812484375 0.9384710921874999 1 0.8991743015625 1 0.7354114046875