4 0.3589361984375 0.7448933109375 0.3886484375 0.7013911140625 0.4112861328125 0.708818359375 0.4211901046875 0.7788461921875001 0.4876888015625 0.77778515625 0.4579765625 0.7555036625 0.467880534375 0.73003881875 0.45514680937499996 0.6875979 0.4211901046875 0.652583740625 0.405626628125 0.635607421875 0.4876888015625 0.6165087890625001 0.5216455078125 0.596349365625 0.510326496875 0.5464809578125001 0.4523170578125 0.5401147453124999 0.4579765625 0.57194555625 0.4254345703125 0.5613354484374999 0.32356445312500004 0.570884765625 0.2910227859375 0.618630859375 0.3009267578125 0.691841796875 0.293986653125 0.735231934375 0.2867779953125 0.7618698734375 0.357521159375 0.77778515625 0.3589361984375 0.7448933109375
4 0.45373209687499994 0.6345463859375 0.4523170578125 0.666377196875 0.4806142578125 0.7130625 0.51315625 0.756564696875 0.60229264375 0.7682358390624999 0.6065371093749999 0.7226118171875 0.60229264375 0.6589499515624999 0.5782399093749999 0.622875 0.599462890625 0.5825559078125 0.6008779296875 0.5613354484374999 0.571165690625 0.5528471671874999 0.546935546875 0.5574602046875 0.5287197265625 0.593166259375 0.523060221875 0.61438671875 0.47919954374999996 0.6207529296875001 0.45373209687499994 0.6345463859375
4 0.2797037765625 0.8807048343749999 0.31083072968750003 0.838263915625 0.23018359375 0.8234094234375 0.14540136718750002 0.8294245609375 0.1311432296875 0.8870712890625001 0.191982096875 0.8976813968749999 0.2797037765625 0.8807048343749999
4 0.28394824218750003 0.9093527828125 0.3037565109375 0.9496718749999999 0.503252278125 0.9411835937499999 0.6362493484375 0.9433056640625 0.7423639328125 0.9464887703124999 0.71406673125 0.8881320796875001 0.6150263671875 0.8594843750000001 0.5697506515625 0.82553149375 0.5216455078125 0.8011276859375001 0.433923828125 0.79476171875 0.41411588593750004 0.8043110359375 0.3561064453125 0.8626674812499999 0.28394824218750003 0.9093527828125
3 0.191982096875 0.2935266109375 0.22876855468750001 0.2935266109375 0.26697005156250003 0.30413671875000003 0.32356445312500004 0.31474707031250004 0.38157389375 0.3051979984375 0.48202929687499996 0.2892824703125 0.5315494796875 0.27867211875 0.6093668625 0.26912280312500003 0.6645465500000001 0.28397729531250004 0.7225559890625 0.282916259375 0.6914290359375 0.265939940625 0.661716796875 0.2394140625 0.5782399093749999 0.192728759375 0.5372089843750001 0.1630200203125 0.53437923125 0.2022780765625 0.523060221875 0.21862304687499998 0.6107819015625 0.25363720624999997 0.5626764328125 0.25575927656249997 0.489103515625 0.2631862796875 0.4084563796875 0.25257617187500003 0.44241308593750006 0.20058569375 0.3943076171875 0.20589086874999998 0.3730846359375 0.25575927656249997 0.3419576828125 0.28759008750000004 0.2811184890625 0.27910180625000003 0.2174498703125 0.2684914546875 0.0872822265625 0.28971215781250004 0.1000162765625 0.3115639640625 0.136802409375 0.30413671875000003 0.191982096875 0.2935266109375
8 0.8277994796874999 0.392333984375 0.8264973953125001 0.399658203125 0.8206380203125001 0.406982421875 0.8199869796874999 0.409912109375 0.81640625 0.41357421875 0.814453125 0.413330078125 0.8118489578125001 0.415283203125 0.8030598953125001 0.42822265625 0.7942708328125 0.436767578125 0.78857421875 0.438720703125 0.7858072921875 0.4384765625 0.7828776046875 0.436767578125 0.7799479171875 0.439453125 0.7828776046875 0.441162109375 0.7864583328125 0.43994140625 0.7906901046875 0.44091796875 0.7972005203125 0.45068359375 0.802734375 0.453857421875 0.80859375 0.459228515625 0.8121744796874999 0.464111328125 0.8131510421874999 0.467529296875 0.8203125 0.471923828125 0.8219401046874999 0.47607421875 0.8258463546874999 0.47705078125 0.8349609375 0.482177734375 0.8401692703125001 0.491943359375 0.8408203125 0.497802734375 0.8444010421874999 0.501953125 0.8453776046874999 0.509521484375 0.8444010421874999 0.517822265625 0.8479817703125001 0.52734375 0.8460286453125001 0.533203125 0.8470052078125001 0.536865234375 0.8492838546874999 0.53857421875 0.865234375 0.54345703125 0.8733723953125001 0.537109375 0.8733723953125001 0.530029296875 0.8977864578125001 0.513427734375 0.904296875 0.513427734375 0.9124348953125001 0.51513671875 0.9166666671874999 0.513916015625 0.9212239578125001 0.510009765625 0.9222005203125001 0.505615234375 0.9215494796874999 0.492919921875 0.9716796875 0.43603515625 0.9716796875 0.42724609375 0.96875 0.4228515625 0.9632161453125001 0.42138671875 0.9547526046874999 0.42138671875 0.951171875 0.42529296875 0.947265625 0.424560546875 0.9443359375 0.42724609375 0.939453125 0.42578125 0.9352213546874999 0.422607421875 0.9280598953125001 0.4208984375 0.9251302078125001 0.422119140625 0.9000651046874999 0.402587890625 0.8961588546874999 0.401123046875 0.89208984375 0.401611328125 0.888671875 0.3994140625 0.8902994796874999 0.388427734375 0.8870442703125001 0.384521484375 0.88671875 0.379638671875 0.8854166671874999 0.3779296875 0.8841145828125001 0.3779296875 0.8824869796874999 0.3798828125 0.8766276046874999 0.37646484375 0.8704427078125001 0.3779296875 0.8684895828125001 0.37744140625 0.8649088546874999 0.372314453125 0.861328125 0.37060546875 0.8544921875 0.364501953125 0.845703125 0.36279296875 0.8430989578125001 0.36474609375 0.841796875 0.374755859375 0.8330078125 0.380615234375 0.8326822921874999 0.385009765625 0.8277994796874999 0.392333984375
8 0.3362630203125 0.373291015625 0.3408203125 0.374755859375 0.341796875 0.37646484375 0.3421223953125 0.381103515625 0.3359375 0.38818359375 0.3372395828125 0.398681640625 0.3395182296875 0.40185546875 0.3447265625 0.4052734375 0.3740234375 0.43115234375 0.3736979171875 0.439453125 0.3763020828125 0.459716796875 0.3844401046875 0.46435546875 0.3889973953125 0.465576171875 0.3912760421875 0.469970703125 0.392578125 0.476806640625 0.404296875 0.4912109375 0.4078776046875 0.4990234375 0.4117838546875 0.499267578125 0.42578125 0.490478515625 0.4274088546875 0.486328125 0.4261067703125 0.478759765625 0.4235026046875 0.477294921875 0.4215494796875 0.47314453125 0.4169921875 0.470947265625 0.4163411453125 0.462158203125 0.4270833328125 0.45849609375 0.431640625 0.459228515625 0.4375 0.457763671875 0.4391276046875 0.451171875 0.4384765625 0.440185546875 0.423828125 0.431884765625 0.421875 0.4296875 0.4130859375 0.425537109375 0.4108072921875 0.42236328125 0.4108072921875 0.419921875 0.4147135421875 0.41259765625 0.4143880203125 0.408203125 0.412109375 0.405517578125 0.4075520828125 0.40380859375 0.4052734375 0.3984375 0.4000651046875 0.396484375 0.3958333328125 0.396728515625 0.3841145828125 0.39208984375 0.3831380203125 0.390380859375 0.3763020828125 0.38623046875 0.375 0.384033203125 0.3642578125 0.376708984375 0.3684895828125 0.373291015625 0.3733723953125 0.37158203125 0.376953125 0.374267578125 0.3893229171875 0.369873046875 0.3922526046875 0.367431640625 0.396484375 0.369384765625 0.4013671875 0.367919921875 0.404296875 0.37109375 0.4055989578125 0.369140625 0.4033203125 0.36767578125 0.4020182296875 0.364501953125 0.4069010421875 0.36083984375 0.4124348953125 0.3603515625 0.4163411453125 0.357421875 0.4147135421875 0.351806640625 0.4130859375 0.349365234375 0.4075520828125 0.34619140625 0.4016927078125 0.347900390625 0.3919270828125 0.34814453125 0.3896484375 0.349365234375 0.3727213546875 0.3515625 0.3544921875 0.358154296875 0.3483072921875 0.35791015625 0.3444010421875 0.360107421875 0.3421223953125 0.363525390625 0.3369140625 0.364990234375 0.333984375 0.359375 0.330078125 0.3583984375 0.328125 0.361572265625 0.3277994796875 0.3701171875 0.3287760421875 0.372314453125 0.3330078125 0.37353515625 0.3362630203125 0.373291015625
8 0.4554036453125 0.46826171875 0.4508463546875 0.470458984375 0.455078125 0.475830078125 0.4651692703125 0.47998046875 0.4830729171875 0.4755859375 0.486328125 0.478515625 0.4915364578125 0.479736328125 0.505859375 0.478515625 0.5091145828125 0.469482421875 0.5130208328125 0.466064453125 0.515625 0.4658203125 0.5302734375 0.471435546875 0.5374348953125 0.47900390625 0.5481770828125 0.482177734375 0.5592447921875 0.482177734375 0.5641276046875 0.485107421875 0.568359375 0.484619140625 0.5709635421875 0.474365234375 0.5764973953125 0.47216796875 0.5823567703125 0.463134765625 0.5823567703125 0.458740234375 0.5794270828125 0.45556640625 0.578125 0.4493000484375 0.5787760421875 0.431396484375 0.5823567703125 0.42822265625 0.583984375 0.4248046875 0.5836588546875 0.415771484375 0.580078125 0.414794921875 0.578125 0.415771484375 0.5774739578125 0.423095703125 0.5755208328125 0.427490234375 0.5729166671875 0.428955078125 0.5686848953125 0.4287109375 0.5641276046875 0.42578125 0.5621744796875 0.41845703125 0.5579427078125 0.416015625 0.5546875 0.405517578125 0.5517578125 0.404541015625 0.546875 0.40625 0.5423177078125 0.4111328125 0.5390625 0.41259765625 0.5367838546875 0.407470703125 0.5384114578125 0.399658203125 0.5367838546875 0.3974609375 0.533203125 0.3974609375 0.5302734375 0.402587890625 0.5250651046875 0.404296875 0.5250651046875 0.41259765625 0.5286458328125 0.414794921875 0.5240885421875 0.41748046875 0.5221354171875 0.420166015625 0.5172526046875 0.422607421875 0.513671875 0.431396484375 0.5152994796875 0.435302734375 0.5143229171875 0.437744140625 0.5094401046875 0.438720703125 0.505859375 0.436767578125 0.494140625 0.437255859375 0.4921875 0.430419921875 0.486328125 0.424072265625 0.4788411453125 0.423828125 0.4749348953125 0.421630859375 0.4716796875 0.42138671875 0.46875 0.423828125 0.4690755203125 0.435546875 0.466796875 0.4647624515625 0.46484375 0.467041015625 0.4554036453125 0.46826171875
8 0.6393229171875 0.42236328125 0.6412760421875 0.423828125 0.6412760421875 0.42822265625 0.6422526046875 0.428955078125 0.646484375 0.428466796875 0.6516927078125 0.429443359375 0.6559244796875 0.433349609375 0.6611328125 0.45068359375 0.669921875 0.449951171875 0.673828125 0.4521484375 0.6842447921875 0.453369140625 0.6940104171875 0.459716796875 0.697265625 0.460205078125 0.7008463546875 0.459228515625 0.705078125 0.453369140625 0.7093098953125 0.451171875 0.7096354171875 0.4228515625 0.7086588546875 0.421630859375 0.7018229171875 0.421630859375 0.6982421875 0.419921875 0.6956380203125 0.4091796875 0.6881510421875 0.40234375 0.6878255203125 0.396728515625 0.6852213546875 0.38916015625 0.6783854171875 0.38720703125 0.673828125 0.3818359375 0.6676432296875 0.385009765625 0.658203125 0.387451171875 0.654296875 0.390380859375 0.6458333328125 0.393798828125 0.6380208328125 0.40185546875 0.6344401046875 0.40380859375 0.630859375 0.408203125 0.6315104171875 0.412353515625 0.6373697921875 0.4169921875 0.6393229171875 0.42236328125
8 0.484375 0.539794921875 0.4938151046875 0.540771484375 0.4983723953125 0.5400390625 0.5055338546875 0.537109375 0.5110677078125 0.527587890625 0.5384114578125 0.515625 0.5419921875 0.514892578125 0.5540364578125 0.501953125 0.5530598953125 0.49951171875 0.5478515625 0.4951171875 0.5439453125 0.484130859375 0.5413411453125 0.482666015625 0.5354817703125 0.482666015625 0.533203125 0.481201171875 0.53125 0.483154296875 0.5218098953125 0.486328125 0.5231119796875 0.4873046875 0.5231119796875 0.49072265625 0.517578125 0.495361328125 0.5162760421875 0.498291015625 0.513671875 0.499755859375 0.4899088546875 0.498291015625 0.4778645828125 0.499267578125 0.4742838546875 0.498291015625 0.4586588546875 0.501220703125 0.462890625 0.513427734375 0.4742838546875 0.53076171875 0.474609375 0.533203125 0.484375 0.539794921875
8 0.4479166671875 0.407470703125 0.4586588546875 0.41015625 0.4622395828125 0.4091796875 0.4661458328125 0.409423828125 0.4703776046875 0.412353515625 0.4749348953125 0.41162109375 0.478515625 0.40771484375 0.482421875 0.40625 0.494140625 0.405517578125 0.4973958328125 0.404052734375 0.49609375 0.3984375 0.50390625 0.390380859375 0.5081380203125 0.388671875 0.5061848953125 0.384033203125 0.5026041671875 0.382080078125 0.501953125 0.380615234375 0.494140625 0.3818359375 0.4915364578125 0.383544921875 0.4895833328125 0.386962890625 0.4869791671875 0.388427734375 0.4889322921875 0.390869140625 0.48828125 0.39453125 0.4840494796875 0.397705078125 0.4807942703125 0.39794921875 0.4752604171875 0.394287109375 0.470703125 0.393310546875 0.4690755203125 0.39111328125 0.4700520828125 0.380615234375 0.4680989578125 0.37744140625 0.4680989578125 0.366943359375 0.4658203125 0.364501953125 0.4622395828125 0.363525390625 0.4544270828125 0.356689453125 0.4508463546875 0.34814453125 0.443359375 0.346435546875 0.439453125 0.34814453125 0.4358723953125 0.3515625 0.423828125 0.34912109375 0.4215494796875 0.35546875 0.4212239578125 0.357421875 0.4381510421875 0.38916015625 0.4401041671875 0.404052734375 0.4479166671875 0.407470703125
8 0.7239583328125 0.52099609375 0.7242838546875 0.54931640625 0.7262369796875 0.5595703125 0.728515625 0.56396484375 0.7320963546875 0.5673828125 0.7356770828125 0.558349609375 0.7421875 0.55419921875 0.7490234375 0.54541015625 0.75 0.537353515625 0.7483723953125 0.5322265625 0.7464192703125 0.530517578125 0.744140625 0.529541015625 0.7381184890625 0.5302734375 0.7350260421875 0.5275065921875 0.7356770828125 0.52001953125 0.7327473953125 0.509033203125 0.7350260421875 0.506103515625 0.7418619796875 0.50537109375 0.7434895828125 0.501953125 0.751953125 0.497314453125 0.7639973953125 0.498046875 0.7662760421875 0.4951171875 0.7666015625 0.48583984375 0.763671875 0.483154296875 0.7600911453125 0.482666015625 0.7503255203125 0.4775390625 0.7477213546875 0.470458984375 0.7470703125 0.472412109375 0.7434895828125 0.474365234375 0.7360026046875 0.474365234375 0.7320963546875 0.47119140625 0.7275390625 0.4716796875 0.7249348953125 0.477783203125 0.7252604171875 0.483154296875 0.7239583328125 0.486083984375 0.7255859375 0.494873046875 0.7236328125 0.501708984375 0.7229817703125 0.51708984375 0.7239583328125 0.52099609375
8 0.8040364578125001 0.631591796875 0.8076171875 0.634033203125 0.810546875 0.63916015625 0.8173828125 0.64208984375 0.8216145828125001 0.647216796875 0.8304036453125001 0.646728515625 0.8343098953125001 0.6474609375 0.8352864578125001 0.650390625 0.837890625 0.65283203125 0.8414713546874999 0.65185546875 0.8450520828125001 0.6484375 0.8551432296874999 0.64404296875 0.857421875 0.642333984375 0.8590494796874999 0.638671875 0.8587239578125001 0.62646484375 0.8577473953125001 0.62353515625 0.8548177078125001 0.62060546875 0.8483072921874999 0.6181640625 0.84375 0.61962890625 0.8421223953125001 0.623291015625 0.8359375 0.62451171875 0.8317057296874999 0.626953125 0.8310546875 0.62841796875 0.8216145828125001 0.626708984375 0.8196614578125001 0.623291015625 0.8206380203125001 0.619140625 0.8186848953125001 0.610595703125 0.8141276046874999 0.607666015625 0.8082682296874999 0.60986328125 0.8053385421874999 0.615234375 0.7962239578125 0.623291015625 0.7913411453125 0.62451171875 0.7819010421875 0.62451171875 0.7783203125 0.6259765625 0.7779947921875 0.626953125 0.7825520828125 0.63134765625 0.7955729171875 0.63037109375 0.8040364578125001 0.631591796875
11 0.337890625 0.39990234375 0.3427734375 0.404296875 0.4013671875 0.486083984375 0.4078776046875 0.498779296875 0.4117838546875 0.4990234375 0.4254557296875 0.489990234375 0.4264322921875 0.48388671875 0.4261067703125 0.48095703125 0.4231770828125 0.478759765625 0.4212239578125 0.47314453125 0.4153645828125 0.47021484375 0.4124348953125 0.462890625 0.4130859375 0.460205078125 0.4140625 0.45849609375 0.4169921875 0.457763671875 0.4241536453125 0.458984375 0.4368489578125 0.456787109375 0.4384765625 0.45263671875 0.4371744796875 0.43994140625 0.4283854171875 0.43359375 0.4127604171875 0.42578125 0.4104817703125 0.422119140625 0.4108072921875 0.41943359375 0.4147135421875 0.41259765625 0.4143880203125 0.40771484375 0.412109375 0.4052734375 0.4078776046875 0.4033203125 0.4046223953125 0.397705078125 0.3929036453125 0.396484375 0.3844401046875 0.39306640625 0.375 0.384033203125 0.366970378125 0.3792316890625 0.3759765625 0.372802734375 0.376953125 0.373291015625 0.3798828125 0.371337890625 0.3870442703125 0.369384765625 0.3883463546875 0.36669921875 0.3935546875 0.364501953125 0.396484375 0.3671875 0.4010416671875 0.36181640625 0.412109375 0.359130859375 0.4143880203125 0.357177734375 0.4147135421875 0.353271484375 0.4117838546875 0.348876953125 0.408203125 0.34619140625 0.373046875 0.3505859375 0.3684895828125 0.353271484375 0.3665364578125 0.3564453125 0.3642578125 0.357666015625 0.3610026046875 0.35693359375 0.3567708328125 0.3583984375 0.349609375 0.356689453125 0.3483072921875 0.357177734375 0.3391927078125 0.368896484375 0.3388671875 0.373046875 0.3411458328125 0.37939453125 0.3356119796875 0.38818359375 0.337890625 0.39990234375
11 0.4703776046875 0.43603515625 0.4690755203125 0.439208984375 0.4680989578125 0.45849609375 0.4632161453125 0.467041015625 0.4557291671875 0.470458984375 0.4609375 0.4736328125 0.4638671875 0.478759765625 0.4674479171875 0.479248046875 0.4694010421875 0.478515625 0.4729817703125 0.473876953125 0.4772135421875 0.47265625 0.4781901046875 0.470703125 0.4814453125 0.46923828125 0.4833984375 0.470458984375 0.484375 0.474853515625 0.4860026046875 0.4765625 0.4928385421875 0.477783203125 0.5055338546875 0.477294921875 0.5100911453125 0.466552734375 0.5166015625 0.46337890625 0.5201822921875 0.46484375 0.5218098953125 0.467041015625 0.52734375 0.46875 0.529296875 0.470458984375 0.5328776046875 0.469970703125 0.5406901046875 0.4755859375 0.5485026046875 0.477783203125 0.5524088546875 0.48046875 0.5546875 0.4794921875 0.5550130203125 0.4765625 0.5611979171875 0.47607421875 0.5618489578125 0.482177734375 0.5641276046875 0.484130859375 0.5680338546875 0.483642578125 0.568359375 0.4775390625 0.5667317703125 0.475341796875 0.5670572921875 0.4736328125 0.5699869796875 0.47216796875 0.576171875 0.47119140625 0.5823567703125 0.462890625 0.5823567703125 0.458740234375 0.5794270828125 0.456298828125 0.5771484375 0.451171875 0.5787760421875 0.435302734375 0.5768229171875 0.43115234375 0.58203125 0.427978515625 0.5823567703125 0.4248046875 0.5797526046875 0.4228515625 0.576171875 0.429443359375 0.5745442703125 0.43017578125 0.5686848953125 0.429931640625 0.5651041671875 0.428466796875 0.5628255203125 0.424560546875 0.5625 0.419921875 0.5553385421875 0.416015625 0.5546875 0.40625 0.552734375 0.4033203125 0.5455729171875 0.411376953125 0.5322265625 0.41748046875 0.5296223953125 0.421142578125 0.52734375 0.4208984375 0.5257161453125 0.418212890625 0.5237630203125 0.41943359375 0.5240885421875 0.423095703125 0.5299479171875 0.427978515625 0.5322265625 0.435546875 0.5198567703125 0.44580078125 0.517578125 0.44970703125 0.513671875 0.452392578125 0.50390625 0.443359375 0.5022786453125 0.43994140625 0.4973958328125 0.43896484375 0.4938151046875 0.440673828125 0.4925130203125 0.439453125 0.4912109375 0.431396484375 0.4895833328125 0.42919921875 0.482421875 0.427734375 0.4798177078125 0.42529296875 0.4742838546875 0.423828125 0.4710286453125 0.424560546875 0.4700520828125 0.426025390625 0.4703776046875 0.42919921875 0.474609375 0.430908203125 0.474609375 0.43310546875 0.4703776046875 0.43603515625
11 0.6412760421875 0.419677734375 0.6468098953125 0.4228515625 0.650390625 0.427001953125 0.6604817703125 0.430419921875 0.6627604171875 0.4334716796875 0.6630859375 0.435302734375 0.6595052078125 0.43896484375 0.6614583328125 0.45068359375 0.6682942703125 0.448974609375 0.6741536453125 0.451416015625 0.681640625 0.45166015625 0.6868489578125 0.454345703125 0.6930338546875 0.45947265625 0.697265625 0.460205078125 0.7008463546875 0.459228515625 0.7057291671875 0.450439453125 0.7073567703125 0.44384765625 0.7054036453125 0.439208984375 0.7047526046875 0.431884765625 0.7080078125 0.42919921875 0.7086588546875 0.427001953125 0.7060546875 0.42333984375 0.7024739578125 0.423828125 0.6927083328125 0.420654296875 0.6946614578125 0.41650390625 0.6946614578125 0.412109375 0.6875 0.402099609375 0.6848958328125 0.390380859375 0.6770833328125 0.387939453125 0.67578125 0.38427734375 0.6731770828125 0.3828125 0.6671549484375 0.3858642578125 0.658203125 0.388427734375 0.6468098953125 0.39404296875 0.6438802078125 0.396484375 0.6432291671875 0.39892578125 0.638671875 0.400634765625 0.6344401046875 0.404296875 0.6324869796875 0.408203125 0.6334635421875 0.412109375 0.63671875 0.41357421875 0.6412760421875 0.419677734375
11 0.4736328125 0.529296875 0.4749348953125 0.533203125 0.4820963546875 0.5390625 0.4899088546875 0.54052734375 0.4977213546875 0.540283203125 0.5048828125 0.537353515625 0.509765625 0.53125 0.5361328125 0.51513671875 0.5413411453125 0.514404296875 0.5498046875 0.506103515625 0.55078125 0.501953125 0.5416666671875 0.484619140625 0.5380859375 0.483642578125 0.5276692703125 0.48486328125 0.5237630203125 0.492919921875 0.5149739578125 0.50048828125 0.5107421875 0.501953125 0.505859375 0.499755859375 0.4866536453125 0.49853515625 0.4781901046875 0.5 0.4733072921875 0.498291015625 0.4586588546875 0.500732421875 0.4586588546875 0.505859375 0.4619140625 0.513427734375 0.4645182296875 0.51513671875 0.4736328125 0.529296875
11 0.4404296875 0.39599609375 0.447265625 0.408447265625 0.455078125 0.408447265625 0.4580078125 0.409423828125 0.4651692703125 0.40869140625 0.4720052078125 0.411865234375 0.4762369796875 0.41015625 0.4781901046875 0.40625 0.4811197921875 0.40478515625 0.4860026046875 0.40576171875 0.4899088546875 0.404052734375 0.4947916671875 0.404541015625 0.494140625 0.395263671875 0.49609375 0.39306640625 0.5 0.3916015625 0.5022786453125 0.388916015625 0.5003255203125 0.383056640625 0.4977213546875 0.3818359375 0.4912109375 0.384521484375 0.4912109375 0.39013671875 0.4931640625 0.395751953125 0.4827473953125 0.401611328125 0.478515625 0.400146484375 0.4762369796875 0.396484375 0.4684244796875 0.392578125 0.4658203125 0.3876953125 0.466796875 0.384521484375 0.4645182296875 0.37939453125 0.466796875 0.370849609375 0.4664713546875 0.365478515625 0.4606119796875 0.365478515625 0.4596354171875 0.36474609375 0.4518229171875 0.353515625 0.4505208328125 0.3486328125 0.443359375 0.346923828125 0.4345703125 0.35302734375 0.4361979171875 0.3623046875 0.4309895828125 0.37353515625 0.4397786453125 0.384521484375 0.4404296875 0.39599609375
11 0.8125 0.457275390625 0.8434244796874999 0.4962158203125 0.8470052078125001 0.5029296875 0.8483072921874999 0.510009765625 0.8453776046874999 0.51318359375 0.8453776046874999 0.515625 0.8463541671874999 0.521484375 0.8502604171874999 0.525390625 0.8502604171874999 0.529296875 0.8483072921874999 0.532958984375 0.8486328125 0.536865234375 0.865234375 0.541259765625 0.8658854171874999 0.5361328125 0.8795572921874999 0.497802734375 0.8792317703125001 0.485107421875 0.8753255203125001 0.475341796875 0.8753255203125001 0.4716796875 0.8805338546874999 0.463134765625 0.8805338546874999 0.45654296875 0.876953125 0.456787109375 0.875 0.455322265625 0.8753255203125001 0.443115234375 0.8766276046874999 0.439697265625 0.8753255203125001 0.4365234375 0.8727213546874999 0.43505859375 0.8564453125 0.432373046875 0.8561197921874999 0.427001953125 0.857421875 0.4267578125 0.8583984375 0.42431640625 0.8597005203125001 0.408203125 0.8658854171874999 0.400634765625 0.8642578125 0.390869140625 0.8662109375 0.38720703125 0.8668619796874999 0.380615234375 0.8649088546874999 0.375244140625 0.8538411453125001 0.364990234375 0.8483072921874999 0.36572265625 0.8450520828125001 0.36474609375 0.8447265625 0.372802734375 0.8408203125 0.37744140625 0.8346354171874999 0.380859375 0.8330078125 0.3876953125 0.8291015625 0.392822265625 0.826171875 0.40087890625 0.8232421875 0.404296875 0.8209635421874999 0.413330078125 0.818359375 0.415771484375 0.8141276046874999 0.415283203125 0.810546875 0.417236328125 0.7994791671875 0.435546875 0.7978515625 0.443359375 0.80078125 0.448974609375 0.810546875 0.4580078125 0.8125 0.457275390625
11 0.8968098953125001 0.466552734375 0.9039713546874999 0.468505859375 0.9059244796874999 0.467529296875 0.9069010421874999 0.46533203125 0.9055989578125001 0.448974609375 0.9075520828125001 0.43994140625 0.9072265625 0.435791015625 0.9036458328125001 0.432373046875 0.8958333328125001 0.435546875 0.892578125 0.4345703125 0.8912760421874999 0.436279296875 0.8899739578125001 0.45361328125 0.8876953125 0.455078125 0.8912760421874999 0.45654296875 0.8968098953125001 0.466552734375
11 0.732421875 0.55908203125 0.7379557296875 0.556640625 0.744140625 0.550537109375 0.74609375 0.545166015625 0.7457682296875 0.541015625 0.7412109375 0.53515625 0.7356770828125 0.533447265625 0.7320963546875 0.530029296875 0.7278645828125 0.52978515625 0.724609375 0.531982421875 0.724609375 0.5458984375 0.7262369796875 0.556640625 0.728515625 0.55859375 0.732421875 0.55908203125
11 0.673828125 0.357177734375 0.6761067703125 0.356689453125 0.6826171875 0.3603515625 0.689453125 0.360107421875 0.6936848953125 0.3564453125 0.701171875 0.355224609375 0.7027994796875 0.353271484375 0.7024739578125 0.342041015625 0.697265625 0.338623046875 0.681640625 0.342041015625 0.6780598953125 0.347412109375 0.673828125 0.348388671875 0.6695963546875 0.347412109375 0.6676432296875 0.349365234375 0.6695963546875 0.35107421875 0.6708984375 0.355712890625 0.673828125 0.357177734375
11 0.5319010421875 0.35595703125 0.5546875 0.34912109375 0.5559895828125 0.342041015625 0.5553385421875 0.33349609375 0.5524088546875 0.330078125 0.5481770828125 0.328369140625 0.5439453125 0.328125 0.5387369796875 0.336181640625 0.5325520828125 0.338134765625 0.5286458328125 0.337646484375 0.5257161453125 0.3388671875 0.5231119796875 0.341796875 0.5227864578125 0.349365234375 0.525390625 0.357177734375 0.5296223953125 0.358154296875 0.5319010421875 0.35595703125
11 0.0556640625 0.453369140625 0.06119791718749999 0.455810546875 0.06315104218749999 0.4599609375 0.06087239531250001 0.467041015625 0.0634765625 0.47119140625 0.07584635468749999 0.47509765625 0.08756510468749999 0.474853515625 0.091796875 0.4775390625 0.099609375 0.479736328125 0.1097005203125 0.470458984375 0.1123046875 0.469482421875 0.1149088546875 0.469970703125 0.1204427078125 0.473388671875 0.1298828125 0.482421875 0.1344401046875 0.48486328125 0.1393229171875 0.48486328125 0.150390625 0.492431640625 0.1585286453125 0.494384765625 0.162109375 0.499267578125 0.1656901046875 0.49755859375 0.169921875 0.489990234375 0.1764322921875 0.48828125 0.1793619796875 0.489501953125 0.1832682296875 0.4951171875 0.1962890625 0.498291015625 0.20182291718749998 0.498046875 0.20638020781250002 0.49169921875 0.2887369796875 0.491455078125 0.291015625 0.495361328125 0.298828125 0.495361328125 0.3037109375 0.48974609375 0.3059895828125 0.475830078125 0.3147786453125 0.476318359375 0.3203125 0.47509765625 0.3336588546875 0.4765625 0.3365885421875 0.474609375 0.3326822921875 0.46826171875 0.333984375 0.4541015625 0.3310546875 0.445556640625 0.3313802078125 0.43505859375 0.3294270828125 0.432373046875 0.3304036453125 0.427734375 0.32421875 0.42041015625 0.3255208328125 0.416259765625 0.3251953125 0.40771484375 0.318359375 0.39794921875 0.3138020828125 0.39599609375 0.3128255203125 0.388427734375 0.3095703125 0.38134765625 0.3125 0.373291015625 0.31640625 0.370361328125 0.3186848953125 0.36474609375 0.3157552078125 0.356201171875 0.310546875 0.35400390625 0.3030598953125 0.3525390625 0.2942708328125 0.3515625 0.28515625 0.357421875 0.2825520828125 0.361572265625 0.08203125 0.414794921875 0.080078125 0.4140625 0.0673828125 0.414306640625 0.060546875 0.415283203125 0.0498046875 0.419677734375 0.0462239578125 0.425537109375 0.0445963546875 0.431884765625 0.046875 0.43701171875 0.05305989531250001 0.44482421875 0.0556640625 0.453369140625
11 0.1474609375 0.37890625 0.1516927078125 0.378662109375 0.1614583328125 0.374755859375 0.173828125 0.375 0.1787109375 0.37109375 0.181640625 0.357666015625 0.1728515625 0.345947265625 0.1735026046875 0.34423828125 0.1774088546875 0.342041015625 0.1787109375 0.340087890625 0.1793619796875 0.3359375 0.1774088546875 0.333740234375 0.1686197921875 0.337890625 0.1640625 0.34228515625 0.138671875 0.3525390625 0.1263020828125 0.349853515625 0.11328125 0.35693359375 0.115234375 0.3642578125 0.126953125 0.37353515625 0.1422526046875 0.37646484375 0.1474609375 0.37890625
8 0.126953125 0.37353515625 0.1419270828125 0.375244140625 0.1728515625 0.374267578125 0.1764322921875 0.372802734375 0.1790364578125 0.369384765625 0.1803385421875 0.357177734375 0.1725260421875 0.345947265625 0.1748046875 0.34033203125 0.177734375 0.33935546875 0.1780598953125 0.336669921875 0.1770833328125 0.336181640625 0.173828125 0.337890625 0.1725260421875 0.34130859375 0.1663411453125 0.342529296875 0.138671875 0.353271484375 0.1266276046875 0.3505859375 0.115234375 0.35693359375 0.1149088546875 0.3603515625 0.1178385421875 0.36572265625 0.1223958328125 0.368408203125 0.126953125 0.37353515625
8 0.05436197968749999 0.451171875 0.056640625 0.453857421875 0.06087239531250001 0.455322265625 0.06315104218749999 0.45947265625 0.060546875 0.466552734375 0.06477864531250001 0.471435546875 0.07194010468749999 0.474365234375 0.07975260468749999 0.475830078125 0.08626302031250001 0.475341796875 0.08984375 0.4765625 0.091796875 0.478515625 0.09928385468749999 0.47998046875 0.1025390625 0.477783203125 0.1067708328125 0.47216796875 0.1129557296875 0.47021484375 0.1168619796875 0.47216796875 0.1184895828125 0.474853515625 0.1282552078125 0.482421875 0.1409505203125 0.486328125 0.150390625 0.492919921875 0.1575520828125 0.495361328125 0.1617838546875 0.49951171875 0.1663411453125 0.498046875 0.169921875 0.4921875 0.1787109375 0.490234375 0.1813151046875 0.494140625 0.1839192703125 0.495849609375 0.1962890625 0.498291015625 0.2021484375 0.49755859375 0.20670572968749998 0.48974609375 0.2880859375 0.494384765625 0.291015625 0.496826171875 0.2981770828125 0.49560546875 0.3020833328125 0.4931640625 0.3046875 0.489990234375 0.3063151046875 0.480712890625 0.3121744796875 0.47705078125 0.3180338546875 0.4755859375 0.330078125 0.47705078125 0.3365885421875 0.47900390625 0.337890625 0.482177734375 0.3421223953125 0.47900390625 0.3427734375 0.470458984375 0.3177083328125 0.369140625 0.3190104171875 0.365966796875 0.3186848953125 0.361328125 0.3154296875 0.35595703125 0.302734375 0.3525390625 0.2942708328125 0.35205078125 0.2916666671875 0.35302734375 0.2828776046875 0.359130859375 0.2799479171875 0.364990234375 0.275390625 0.3642578125 0.2744140625 0.365234375 0.08333333281250001 0.416015625 0.08040364531250001 0.414794921875 0.07161458281250001 0.415771484375 0.06673177031250001 0.41455078125 0.06022135468749999 0.416259765625 0.05208333281250001 0.420166015625 0.0472005203125 0.427490234375 0.0462239578125 0.431640625 0.0491536453125 0.439453125 0.05305989531250001 0.445556640625 0.05436197968749999 0.451171875
8 0.5305989578125 0.3583984375 0.53515625 0.355712890625 0.5439453125 0.353759765625 0.5470377609375 0.3507080078125 0.5550130203125 0.347900390625 0.556640625 0.340576171875 0.5563151046875 0.333740234375 0.5533854171875 0.330810546875 0.544921875 0.328125 0.5416666671875 0.329833984375 0.5397135421875 0.333984375 0.5367838546875 0.33642578125 0.525390625 0.339111328125 0.5227864578125 0.341796875 0.5221354171875 0.3505859375 0.5234375 0.354248046875 0.5260416671875 0.357421875 0.5305989578125 0.3583984375
8 0.3453776046875 0.56201171875 0.3486328125 0.5615234375 0.3512369796875 0.560546875 0.3567708328125 0.55078125 0.3590494796875 0.545166015625 0.3587239578125 0.540771484375 0.3502604171875 0.525146484375 0.345703125 0.522216796875 0.3430989578125 0.525146484375 0.3427734375 0.529541015625 0.3401692703125 0.52978515625 0.337890625 0.528564453125 0.3359375 0.53173828125 0.3375651046875 0.539306640625 0.3421223953125 0.548828125 0.3427734375 0.5595703125 0.3453776046875 0.56201171875
8 0.6842447921875 0.36083984375 0.6907552078125 0.3603515625 0.6985677078125 0.356689453125 0.7014973953125 0.3564453125 0.703125 0.3544921875 0.703125 0.34228515625 0.6975911453125 0.33837890625 0.6888020828125 0.340087890625 0.6858723953125 0.343505859375 0.6813151046875 0.3427734375 0.677734375 0.345703125 0.6702473953125 0.348388671875 0.6692708328125 0.349609375 0.6708984375 0.357177734375 0.6735026046875 0.358642578125 0.6842447921875 0.36083984375
3 0.37673079375 0 0.360406575 0.049986084375 0.3699290359375 0.0744697265625 0.36584798125 0.10813500937500001 0.427064453125 0.1366994625 0.35632552031250003 0.1366994625 0.2515774734375 0.2070903328125 0.252937825 0.2274934078125 0.42434374999999996 0.183626709375 0.48283919218750004 0.2070903328125 0.518208659375 0.1703647453125 0.578064778125 0.1662839359375 0.6923352859375 0.2356547859375 0.728255534375 0.2132724609375 0.7372272140625 0.19058764687500002 0.7453893234375 0.1508015140625 0.7644345703125001 0.08959204062500001 0.793002278125 0.051846190625 0.8936689453125 0.0008383796875000001 0.8079661453125 0 0.37673079375 0