8 0.48729267187499997 0.696422725 0.4949850484375 0.6753949203125 0.529471990625 0.6580905171875 0.558281509375 0.6862668765625 0.5620310500000001 0.4714558484375 0.527657728125 0.48225082343750003 0.508611425 0.524242525 0.4711446640625 0.5024264625 0.45865543593749997 0.5184869828124999 0.42275005937500004 0.47716395 0.4151978640625 0.6300502234375001 0.23217709375 0.6235998781250001 0.2455450484375 0.6970865609375 0.2896256953125 0.68971673125 0.32678091875000004 0.6594360890625001 0.3940229875 0.6540983953125 0.43430005468750005 0.654801434375 0.44352448593749993 0.6858916359375 0.48729267187499997 0.696422725
8 0.333418590625 0.9786109609375 0.34954096562500003 0.964241709375 0.32575554375000004 0.9280137859375 0.3344695984375 0.918398778125 0.36041292187499996 0.9009452484375 0.3768761625 0.8670477203125 0.40798468750000005 0.90340346875 0.45538601874999995 0.9156258265625 0.4562381875 0.8668051374999999 0.45973022812500003 0.8066355656249999 0.4144006578125 0.815611446875 0.41244251875 0.78790378125 0.40929226874999997 0.7585474546875 0.359819175 0.7251268578125 0.361578475 0.7642260171874999 0.33299527812499996 0.7930284328125 0.3239696875 0.7505467359375 0.30350495 0.7339110015625 0.2932579171875 0.761405625 0.279888115625 0.827914190625 0.27316152968749996 0.7936118828125001 0.2294501546875 0.77982608125 0.2167062015625 0.740535184375 0.1690776234375 0.7413316765625 0.14952001875 0.8126157890625001 0.13299811875 0.9897632765625 0.2037597109375 0.9926262781249999 0.26535460781250003 0.8911467390625001 0.276821234375 0.9336710437500001 0.257122525 0.9430943140625001 0.249231309375 0.9755136140625 0.3004646265625 0.978035746875 0.333418590625 0.9786109609375
8 0.7065366859375 1 0.6994391171875 0.4331580125 0.6715092484375 0.424531234375 0.6908881046875 0.9929898749999999 0.701498478125 1 0.7065366859375 1
8 0.8624450203125 0.746923040625 0.8710454515625001 0.7438174578125001 0.8741398140625 0.7064308734375 0.8562865468749999 0.680073609375 0.88083891875 0.6723629125 0.8665335796875 0.6525789859375 0.8531362953125001 0.6507172828125001 0.8263985390625 0.643739165625 0.7484274671875 0.634238915625 0.7300647453125 0.497178815625 0.7227141609375 0.42868072343749997 0.724045528125 0.6321854734375 0.7302040015625 0.6990349078125 0.7471208078125 0.7090973046875 0.7517756328125 0.7222013703125 0.7562032109375 0.7483242875 0.76480364375 0.7452187046875001 0.7980132578125 0.7311477109375 0.8034909203125 0.7670560703125 0.8315060046875 0.7708007796875 0.8488773015625 0.7548254765625 0.8624450203125 0.746923040625
8 0 0.989345690625 0.03297251875 0.9847616203125 0.0370601546875 0.9604151890624999 0.062123828125 0.923412078125 0.061755478125 0.8745700843750001 0.0709240234375 0.8389173781249999 0.0982014859375 0.8149757265625001 0.0992524921875 0.75476354375 0 0.7546449796875 0 0.989345690625
8 0.4478915578125 0.9952597624999999 0.4380990140625 0.9967166859375001 0.5565175890625 0.9971558375 0.5717603140625 0.96323700625 0.56398364375 0.9191492562500001 0.5326194703125 0.8974397156249999 0.498302959375 0.9049799796875 0.47718489531249997 0.9257734390625 0.45481790625 0.9481729515625 0.4478915578125 0.9952597624999999
8 0.231478665625 0 0.22520225 0.0439627859375 0.2379462046875 0.0832536828125 0.2540960609375 0.1372546984375 0.23059377187500002 0.15475083750000002 0.21325087968749998 0.1690987859375 0.196134309375 0.2404255078125 0.248254903125 0.2741319515625 0.2626814984375 0.2606229953125 0.2754111171875 0.24506499375000002 0.315404128125 0.26204159531250004 0.3139694671875 0.2626907625 0.34937977187499997 0.27402960625 0.40577921406249995 0.26036339375 0.4543442515625 0.2758617671875 0.4500028125 0.1748591578125 0.3540080375 0.14876578125 0.3412640828125 0.109474884375 0.3937179171875 0.11201832187500001 0.41432560625 0.050519650000000006 0.4148653125 0.0195998828125 0.363760840625 0 0.231478665625 0
8 0.1416371203125 0.215056475 0.1202927328125 0.178871159375 0.020805917187500002 0.2129473578125 0.0139638609375 0.3251497234375 0.121482996875 0.32051506875 0.145184125 0.2916274359375 0.1416371203125 0.215056475
11 0.0020702265625000002 0.3770333859375 0.8971060921875 0.43986400625 0.9001720499999999 0.4041047765625 0.004852128125 0.35754771875 0.0020702265625000002 0.3770333859375
8 0.8872613578124999 0.094587521875 0.8593324140625 0.015963118749999998 0.8239374156249999 0.015345296875 0.7775009500000001 0.01779045 0.7086406859375 0.0458898265625 0.7151968375 0.08995627187500001 0.7646983359374999 0.12174951406250001 0.8498220796875 0.1411417265625 0.8872613578124999 0.094587521875
8 0.43925462031249995 0 0.42678642812499995 0.0360864859375 0.44015438281249997 0.10957316875 0.43918859218749995 0.1649032828125 0.4607024875 0.26132208281249997 0.5732457203125 0.24863586249999997 0.5827835375 0.1918275234375 0.5021157796875 0.196930871875 0.49771660625 0.169180596875 0.5204812734375001 0.12399809843750001 0.56178001875 0.136113934375 0.5856515796874999 0.0974621625 0.57438379375 0.043546364062499995 0.55278375625 0.0220072578125 0.4950169984375 0 0.43925462031249995 0