8 0.2587890625 0.309326171875 0.259765625 0.302490234375 0.2516276046875 0.30126953125 0.24837239531250002 0.303466796875 0.24609375 0.310302734375 0.248046875 0.314453125 0.2522786453125 0.314697265625 0.2587890625 0.309326171875
9 0.3046875 0 0.3037109375 0.00341796875 0.2900390625 0 0.2864583328125 0.00537109375 0.2864583328125 0.010498046875 0.2828776046875 0.018798828125 0.2789713546875 0.03857421875 0.2744140625 0.048583984375 0.265625 0.091552734375 0.259765625 0.103515625 0.2552083328125 0.126708984375 0.2545572921875 0.137451171875 0.24934895781250002 0.156982421875 0.24674479218749998 0.175537109375 0.24153645781250002 0.192138671875 0.23990885468749998 0.208251953125 0.23177083281250002 0.240478515625 0.2294921875 0.243896484375 0.224609375 0.277099609375 0.21744791718749998 0.29833984375 0.2158203125 0.31005859375 0.21256510468749998 0.3212890625 0.1923828125 0.376953125 0.1826171875 0.41552734375 0.1787109375 0.440673828125 0.1653645828125 0.4775390625 0.16015625 0.505615234375 0.1588541671875 0.5341796875 0.1546223953125 0.553955078125 0.1500651046875 0.5634765625 0.146484375 0.591796875 0.1448567703125 0.594970703125 0.1370442703125 0.630615234375 0.1298828125 0.65185546875 0.1259765625 0.6572265625 0.125 0.662353515625 0.1184895828125 0.67333984375 0.1083984375 0.70458984375 0.1064453125 0.71728515625 0.1028645828125 0.720458984375 0.1028645828125 0.722412109375 0.09928385468749999 0.72705078125 0.09700520781250001 0.73388671875 0.09505208281250001 0.736083984375 0.09309895781250001 0.75439453125 0.09016927031250001 0.767822265625 0.0859375 0.779052734375 0.08528645781250001 0.79345703125 0.08430989531250001 0.79638671875 0.080078125 0.798828125 0.07877604218749999 0.81005859375 0.07194010468749999 0.829345703125 0.06380208281250001 0.861083984375 0.0625 0.87890625 0.05989583281250001 0.884765625 0.05794270781250001 0.8949382328125 0.0416666671875 0.939453125 0.0423177078125 0.943603515625 0.0406901046875 0.947021484375 0.0413411453125 0.951416015625 0.0387369796875 0.958251953125 0.0390625 0.967041015625 0.0374348953125 0.974853515625 0.03515625 0.978271484375 0.0358072921875 0.98046875 0.033203125 0.982666015625 0.0315755203125 0.986328125 0.0315755203125 0.992431640625 0.0348307296875 0.999755859375 0.1875 0.999755859375 0.20149739531250002 0.88720703125 0.20377604218749998 0.880859375 0.2060546875 0.85986328125 0.208984375 0.85009765625 0.24674479218749998 0.572509765625 0.24967447968749998 0.560546875 0.2620442703125 0.454833984375 0.2610677078125 0.45166015625 0.2630208328125 0.447265625 0.2662760421875 0.41259765625 0.2679036453125 0.408447265625 0.267578125 0.403564453125 0.2727864578125 0.37353515625 0.2740885421875 0.356201171875 0.2854817703125 0.298828125 0.3229166671875 0 0.3046875 0
9 0.3828125 0.451171875 0.3818359375 0.4453125 0.3772786453125 0.44287109375 0.3727213546875 0.4423828125 0.3714192703125 0.443359375 0.3714192703125 0.45166015625 0.3733723953125 0.453125 0.3805338546875 0.452880859375 0.3828125 0.451171875
9 0.5201822921875 0.47998046875 0.5205078125 0.482177734375 0.5250651046875 0.4853515625 0.5442708328125 0.488037109375 0.5514322921875 0.487548828125 0.5921223953125 0.491943359375 0.6149088546875 0.49609375 0.6298828125 0.49560546875 0.6474609375 0.49755859375 0.654296875 0.499267578125 0.669921875 0.500244140625 0.6735026046875 0.50146484375 0.6865234375 0.501220703125 0.7001953125 0.5029296875 0.708984375 0.501953125 0.7438151046875 0.5048828125 0.7565104171875 0.507080078125 0.7802734375 0.50830078125 0.8206380203125001 0.512451171875 0.8346354171874999 0.511962890625 0.841796875 0.51318359375 0.8463541671874999 0.511962890625 0.8567708328125001 0.515380859375 0.8610026046874999 0.511474609375 0.865234375 0.513671875 0.8688151046874999 0.513427734375 0.8723958328125001 0.514892578125 0.876953125 0.513916015625 0.8850911453125001 0.515625 0.9072265625 0.51611328125 0.9117838546874999 0.5166015625 0.9189453125 0.519287109375 0.9211602203125 0.5171513062499999 0.9147135421874999 0.51513671875 0.9147135421874999 0.509521484375 0.9117838546874999 0.502685546875 0.9010416671874999 0.498779296875 0.8935546875 0.5 0.8860677078125001 0.499267578125 0.8440755203125001 0.486083984375 0.8365885421874999 0.481201171875 0.8343098953125001 0.478271484375 0.8238932296874999 0.474853515625 0.8180338546874999 0.4677734375 0.8128255203125001 0.466552734375 0.8102213546874999 0.463623046875 0.78955078125 0.4547119140625 0.7786458328125 0.4482421875 0.7643229171875 0.441650390625 0.755859375 0.43896484375 0.7434895828125 0.437744140625 0.732421875 0.435302734375 0.7278645828125 0.436767578125 0.724609375 0.435302734375 0.7213541671875 0.43701171875 0.7164713546875 0.436279296875 0.7096354171875 0.440185546875 0.6959635421875 0.442626953125 0.6822102859375 0.4423828125 0.6744791671875 0.443603515625 0.6656901046875 0.442626953125 0.658203125 0.44091796875 0.6539713546875 0.4296875 0.65625 0.427978515625 0.65625 0.423583984375 0.654296875 0.41943359375 0.6500651046875 0.4189453125 0.638671875 0.41455078125 0.595703125 0.410400390625 0.5797526046875 0.411376953125 0.5442708328125 0.408935546875 0.5358072921875 0.40625 0.5328776046875 0.404052734375 0.5198567703125 0.401611328125 0.5113932296875 0.401611328125 0.5022786453125 0.40380859375 0.509765625 0.44873046875 0.5126953125 0.457763671875 0.5133463546875 0.466796875 0.5152994796875 0.47021484375 0.5159505203125 0.474853515625 0.5201822921875 0.47998046875
9 0.27734375 0.458740234375 0.2845052078125 0.46240234375 0.291015625 0.467529296875 0.3151041671875 0.467529296875 0.3343098953125 0.46875 0.3375651046875 0.4697265625 0.3528645828125 0.469482421875 0.3570963546875 0.470947265625 0.4388020828125 0.48095703125 0.44140625 0.482177734375 0.4475911453125 0.48095703125 0.451171875 0.482177734375 0.4641927078125 0.47998046875 0.4671223953125 0.481689453125 0.47265625 0.482666015625 0.4912109375 0.4833984375 0.498046875 0.482421875 0.498046875 0.4716796875 0.4954427078125 0.45556640625 0.4934895828125 0.45166015625 0.4931640625 0.439208984375 0.490234375 0.42333984375 0.4853515625 0.419677734375 0.4833984375 0.4033203125 0.474609375 0.400390625 0.4671223953125 0.3994140625 0.4508463546875 0.400146484375 0.4313151046875 0.399658203125 0.4140625 0.40380859375 0.3971354171875 0.404052734375 0.3844401046875 0.40185546875 0.380859375 0.400146484375 0.3483072921875 0.3974609375 0.3284505203125 0.3935546875 0.3258463546875 0.39208984375 0.3138020828125 0.391357421875 0.3001302078125 0.392578125 0.2955729171875 0.394287109375 0.2828776046875 0.396240234375 0.279296875 0.404541015625 0.2747395828125 0.40771484375 0.2734375 0.420166015625 0.2705078125 0.430419921875 0.2705078125 0.451171875 0.2734375 0.453857421875 0.2770182296875 0.455078125 0.27734375 0.458740234375
9 0.4860026046875 0.044189453125 0.5494791671875 0.0537109375 0.5647786453125 0.05419921875 0.5735677078125 0.056396484375 0.5777994796875 0.05615234375 0.5758463546875 0.04443359375 0.5712890625 0.040283203125 0.56640625 0.038330078125 0.5602213546875 0.03173828125 0.55859375 0.03173828125 0.5478515625 0.020263671875 0.5458984375 0.009765625 0.5384114578125 0.00732421875 0.5367838546875 0.005859375 0.5286458328125 0.007080078125 0.5211588546875 0.0048828125 0.5143229171875 0.00634765625 0.5094401046875 0.005126953125 0.501953125 0.0068359375 0.4856770828125 0.007080078125 0.4762369796875 0.01220703125 0.4752604171875 0.01806640625 0.4781901046875 0.03076171875 0.4817708328125 0.041259765625 0.4860026046875 0.044189453125
9 0.6969401046875 0.05322265625 0.7008463546875 0.0576171875 0.7047526046875 0.0595703125 0.7145182296875 0.059814453125 0.7229817703125 0.062255859375 0.751953125 0.064208984375 0.7555338546875 0.065185546875 0.7607421875 0.064697265625 0.7672526046875 0.0673828125 0.7828776046875 0.070068359375 0.7936197921875 0.07080078125 0.8294270828125001 0.078369140625 0.8362630203125001 0.07763671875 0.84375 0.07275390625 0.8450520828125001 0.070556640625 0.8483072921874999 0.072265625 0.8466796875 0.076171875 0.849609375 0.077880859375 0.8538411453125001 0.077880859375 0.8557942703125001 0.076416015625 0.8603515625 0.078857421875 0.865234375 0.079345703125 0.869140625 0.075927734375 0.8727213546874999 0.07568359375 0.8763020828125001 0.08056640625 0.876953125 0.083740234375 0.8811848953125001 0.0830078125 0.8837890625 0.085205078125 0.8889973953125001 0.0869140625 0.9195963546874999 0.089599609375 0.9303385421874999 0.088623046875 0.939453125 0.076171875 0.9514973953125001 0.0751953125 0.9609375 0.068115234375 0.9612630203125001 0.064208984375 0.958984375 0.0625 0.9544270828125001 0.06201171875 0.9508463546874999 0.056884765625 0.9381510421874999 0.05419921875 0.931640625 0.051025390625 0.923828125 0.05126953125 0.9195963546874999 0.048828125 0.9046223953125001 0.046630859375 0.8951822921874999 0.04248046875 0.89453125 0.041015625 0.8922526046874999 0.0400390625 0.8883463546874999 0.040283203125 0.8837890625 0.043212890625 0.8805338546874999 0.04248046875 0.8766276046874999 0.04345703125 0.8684895828125001 0.0478515625 0.8642578125 0.04736328125 0.8600260421874999 0.048095703125 0.8570963546874999 0.050048828125 0.8538411453125001 0.049560546875 0.8512369796874999 0.0478515625 0.84765625 0.0400390625 0.8421223953125001 0.033203125 0.8287760421874999 0.031005859375 0.8219401046874999 0.0283203125 0.7594401046875 0.019775390625 0.7516276046875 0.019775390625 0.7477213546875 0.02197265625 0.7408854171875 0.01904296875 0.7307942703125 0.0185546875 0.724609375 0.01611328125 0.7197265625 0.01611328125 0.7171223953125 0.01708984375 0.7125651046875 0.014892578125 0.705078125 0.013671875 0.7018229171875 0.014404296875 0.6901041671875 0.011962890625 0.6842447921875 0.014892578125 0.6809895828125 0.022216796875 0.6783854171875 0.02880859375 0.6790364578125 0.032470703125 0.6868489578125 0.0380859375 0.6969401046875 0.05322265625
9 0.6881510421875 0.26806640625 0.6884765625 0.26708984375 0.685546875 0.263671875 0.6800130203125 0.26318359375 0.6796875 0.26708984375 0.6809895828125 0.268310546875 0.6861979171875 0.26904296875 0.6881510421875 0.26806640625
9 0.615234375 0.26611328125 0.619140625 0.266357421875 0.6223958328125 0.259765625 0.6227213546875 0.25537109375 0.619140625 0.252685546875 0.6149088546875 0.253662109375 0.6123046875 0.255859375 0.6136067703125 0.2593994140625 0.6126302078125 0.263671875 0.615234375 0.26611328125
8 0.9781901046874999 0.958251953125 0.99609375 0.963134765625 0.9944661453125001 0.941162109375 0.9996744796874999 0.88134765625 0.9996744796874999 0.819091796875 0.9847005203125001 0.72998046875 0.9716796875 0.72021484375 0.8138020828125001 0.721435546875 0.7145182296875 0.73974609375 0.712890625 0.765380859375 0.7340494796875 0.831298828125 0.7177734375 0.926513671875 0.7779947921875 0.928955078125 0.9781901046874999 0.958251953125
8 0.6380208328125 0.267333984375 0.7080078125 0.277099609375 0.7438151046875 0.29541015625 0.8024088546874999 0.357666015625 0.7877604171875 0.27099609375 0.7975260421875 0.322265625 0.8414713546874999 0.360107421875 0.8902994796874999 0.362548828125 0.8968098953125001 0.3955078125 0.9016927078125001 0.41259765625 0.9195963546874999 0.435791015625 0.9521484375 0.445556640625 0.99609375 0.445556640625 0.9895833328125001 0.419921875 0.9423828125 0.40283203125 0.9228515625 0.364990234375 0.8821614578125001 0.303955078125 0.9505208328125001 0.291748046875 0.9879557296874999 0.27587890625 0.9895833328125001 0.2392578125 0.9212239578125001 0.225830078125 0.8056640625 0.19775390625 0.8186848953125001 0.1513671875 0.751953125 0.05126953125 0.6884765625 0.032958984375 0.546875 0.023193359375 0.5192057296875 0.015869140625 0.4134114578125 0.00732421875 0.3759765625 0.015869140625 0.3385416671875 0.0390625 0.3629557296875 0.072021484375 0.4638671875 0.07568359375 0.576171875 0.09521484375 0.634765625 0.115966796875 0.6477864578125 0.157470703125 0.6331380203125 0.157470703125 0.5875651046875 0.147705078125 0.5615234375 0.147705078125 0.5061848953125 0.1513671875 0.4752604171875 0.1953125 0.5013020828125 0.206298828125 0.5777994796875 0.21484375 0.6087239578125 0.223388671875 0.6380208328125 0.267333984375