9 1 0.45784067500000003 0.9989139390625 0.45847187656250005 0.9958362968750001 0.45621984375 0.9764959140625 0.4523193015625 0.968524271875 0.4486035890625 0.9588918625 0.4493277875 0.9555773328124999 0.44713481718750003 0.9560523828124999 0.44500345625 0.9553423546875001 0.44417402656249994 0.9491051374999999 0.4443871953125 0.946816275 0.44328044218749996 0.943894225 0.4446799640625 0.9406584453125 0.44280284375 0.9393177734375 0.440453221875 0.9213949015624999 0.44223800625000004 0.92005359375 0.440895 0.9204505296875001 0.43744117187500003 0.91824041875 0.43665026874999996 0.9182467859375001 0.4265840953125 0.9295380515625 0.42443983906250005 0.929460575 0.422110753125 0.9274879890625 0.4202541703125 0.8569187453125 0.400610090625 0.854707996875 0.40082580468750006 0.8511559406250001 0.3996985140625 0.8510778265625 0.3983760453125 0.8453137500000001 0.39947770625 0.8425517484375 0.3974824609375 0.8396290609375001 0.39988860000000004 0.839624603125 0.406934921875 0.837965746875 0.4083549796875 0.8329929953124999 0.40657544999999995 0.8284921125 0.40769764531249997 0.8212305000000001 0.40481136093750003 0.8103368078125 0.4024951703125 0.8064710234374999 0.398091240625 0.7981811953125 0.39814520937500003 0.7896570265625 0.394231771875 0.775761896875 0.39400586875 0.774656840625 0.3936104171875 0.7722911375 0.38916795937500004 0.769921615625 0.39076520625 0.7647907265625 0.38936059218749997 0.758315984375 0.3906394390625 0.747265428125 0.3866849296875 0.7395287640625 0.38593000625 0.731240846875 0.38296412343749997 0.7243723515625 0.3826637140625 0.72287290625 0.3816956234375 0.722875453125 0.377669153125 0.717111375 0.3787708125 0.7122961265625001 0.3776229859375 0.6601254421875 0.35305614375 0.6553876703125 0.354237403125 0.645048415625 0.34909908437500003 0.639206225 0.348878275 0.63683925 0.346449053125 0.634786003125 0.347296471875 0.1738665703125 0.23341499843750002 0.163997271875 0.2341982609375 0.156894434375 0.2299304453125 0.150657853125 0.22913699531249998 0.148212128125 0.22639192187499999 0.1431606265625 0.224296540625 0.1394485234375 0.2265640171875 0.131791246875 0.225118328125 0.1311606046875 0.22359813437499998 0.1251602765625 0.22375223906250002 0.12145135625 0.220986628125 0.1160041921875 0.22033184218750002 0.07511585937500001 0.2077133859375 0.0707731140625 0.2084606671875 0.0654840875 0.2074309671875 0.048515135937499995 0.198913325 0.0402259453125 0.1979606765625 0.036043248437499995 0.1953131921875 0.0309904734375 0.1952310453125 0.0256239703125 0.1918722578125 0.0148103015625 0.187858684375 0.01038880625 0.188290115625 0 0.18665547031250002 0 0.22721693593749998 0.0031017234375 0.22566852656249997 0.006496278125 0.2261641140625 0.0117789359375 0.2372599890625 0.016276 0.24217749687499998 0.034111843749999995 0.2531628859375 0.04429550625 0.2546496484375 0.05132023125 0.25759499531249996 0.0810856234375 0.255876915625 0.086297809375 0.25357091249999997 0.09214509531250001 0.2457387828125 0.0990161375 0.24201272187499998 0.103358884375 0.24126544062500002 0.1276732921875 0.2449322765625 0.1447260875 0.24571283125 0.148830034375 0.2480444640625 0.157040475 0.24868126093749998 0.166117171875 0.252792425 0.174407 0.25273845625 0.181194834375 0.2557428640625 0.1874320515625 0.255529696875 0.1984038578125 0.25916835625 0.2036916109375 0.2622112921875 0.2138249703125 0.34322082656249997 0.2082965078125 0.346276659375 0.2073476796875 0.34852614531250004 0.20726510937499998 0.3542499984375 0.20513120156250003 0.3578014171875 0.18325360468750002 0.370972296875 0.1757468265625 0.381231103125 0.174164809375 0.3859868640625 0.1750304296875 0.39046784843750004 0.177711771875 0.39516709375 0.18591839062499999 0.40184359531249997 0.1986309875 0.3993449609375 0.204785634375 0.4048556453125 0.21323169062499997 0.4074466140625 0.216550040625 0.40359988125 0.2176621015625 0.392922540625 0.22121542968750002 0.39203659687500003 0.22453314375 0.38919648125 0.22271933281249998 0.38595836562499997 0.2189316625 0.382876903125 0.2176735625 0.374803428125 0.21956994531250001 0.372317690625 0.2288867140625 0.371336703125 0.24704265625000002 0.37553255937499996 0.256991340625 0.3740585328125 0.2697795046875 0.3769088375 0.27364847187499997 0.37627968125 0.285011484375 0.3855240671875 0.2940100671875 0.3883127609375 0.29858715468749997 0.3915328859375 0.305850040625 0.39240593437500004 0.3137467515625 0.389766090625 0.317772584375 0.39077525468749996 0.325589909375 0.38882617812500003 0.3324609515625 0.38510011718750004 0.3411419859375 0.390651875 0.3463497140625 0.39539219375 0.36205738125 0.400869446875 0.367975140625 0.40643919375 0.375077978125 0.410707009375 0.379262584375 0.4103346421875 0.3847878640625 0.41231189687500003 0.386366059375 0.41359584062500004 0.386995428125 0.4171292703125 0.3888105125 0.41835414843749996 0.3913381734375 0.4163819875 0.3965490859375 0.4160892203125 0.40373576718750004 0.41261994687500003 0.42411391875 0.39848097656250003 0.43177183125 0.3989200484375 0.4369814703125 0.40064051562499997 0.45182415468750003 0.400630165625 0.4556905765625 0.40402748125 0.46026256875 0.41530054375000003 0.4692617890625 0.41708262031250004 0.47391762656249997 0.420618596875 0.47975981718750005 0.42083940625 0.4863114015625 0.42289626093750005 0.4938918359375 0.42100624687500005 0.49634138281249995 0.41771161562500003 0.49745344375 0.4070342765625 0.499588625 0.401469621875 0.49967183281249994 0.3947391515625 0.5022020406250001 0.388740521875 0.50181274375 0.38011494218749997 0.5030784859375 0.376109009375 0.50300228125 0.37176668749999997 0.517293075 0.370551996875 0.5255841765625 0.36848479375 0.5293737578125 0.368546403125 0.5343458703125 0.3713325515625 0.546664078125 0.3682612765625 0.552350678125 0.36483053125 0.5710636046875 0.3621777921875 0.57722398125 0.35862892031250004 0.58109295 0.3579997640625 0.5913553640625 0.35980237656249997 0.6007477 0.364170328125 0.603429678125 0.36786295625 0.6007375125000001 0.38027620624999997 0.6010506046875 0.38455946406249997 0.5999430015625 0.38819048437500003 0.600966759375 0.392296553125 0.6053837984375 0.39891144375 0.610276525 0.40238835625 0.623063415625 0.4072518953125 0.63387899375 0.4082456171875 0.6371954343749999 0.4074187359375 0.6430427187500001 0.39958660625000003 0.6430446296875 0.39656675468749997 0.6411920796875 0.392164096875 0.6418665546875 0.3867958953125 0.642972246875 0.38618472812500004 0.651575165625 0.39041401875 0.6556016359375 0.390416565625 0.658757390625 0.3939910671875 0.6653083375 0.397054540625 0.671225459375 0.40363090625 0.6750156765625 0.4026858984375 0.6818828984375 0.4049995421875 0.690008221875 0.4153866609375 0.6953740875000001 0.419752065625 0.7001112234375 0.41957742343750004 0.7073779296875 0.41441076718750003 0.7119569265625 0.414611040625 0.7202391140625 0.42663648125 0.723080503125 0.427940959375 0.7330279140625 0.4284801671875 0.740767125 0.42520862031249995 0.7537166109375 0.42265092343750005 0.762009621875 0.41756386718750005 0.7672992843750001 0.41758695156250003 0.772191375 0.42207048125 0.777954815625 0.4219754390625 0.780479928125 0.42402974843749996 0.78592709375 0.424684534375 0.787820928125 0.426225265625 0.8020310609375001 0.427714575 0.8055824796875 0.4298484828125 0.810477753125 0.42929892656249996 0.8236583968750001 0.43574172187500004 0.8279223921875 0.4346785890625 0.83060628125 0.435351365625 0.8325788671875 0.4372079484375 0.8384204203125 0.43843537499999996 0.8471802046875 0.444302984375 0.8589427000000001 0.44606707031250004 0.861548475 0.445417378125 0.866442475 0.4468810578125 0.87291721875 0.4456022078125 0.8839684109375 0.4485501015625 0.8872848515625 0.4477232203125 0.8926519921875 0.450075390625 0.8985937359375 0.44892943281250003 0.9052832921875 0.451287375 0.9090709625000001 0.45436883593750005 0.918147659375 0.45848000000000005 0.9280175937499999 0.456690121875 0.938911921875 0.45799969531249995 0.9434877359374999 0.463233053125 0.94640915 0.46284015 0.95224943125 0.4660808109375 0.9561184 0.46545165624999996 0.9599860937500001 0.46683573437500003 0.9616411296875 0.4714553796875 0.9640100171875 0.47086475156249996 0.9726910500000001 0.476416509375 0.9839784953124999 0.48031195625 0.9899737296875 0.488210790625 0.99786916875 0.48758418125 1 0.48652045 1 0.45784067500000003
9 0 0.5437574359374999 0.0014791765625 0.544113996875 0.007163867187500001 0.543703103125 0.0175831453125 0.5471440375000001 0.0234259734375 0.5463582296875 0.0360566359375 0.5485768296875 0.0400018078125 0.5522899953125 0.0521599671875 0.5526134875000001 0.06834268593750001 0.55595938125 0.076709353125 0.559241115625 0.0901294328125 0.5615983796874999 0.104810159375 0.56800265 0.1373324609375 0.576332753125 0.1553315375 0.5788902890625 0.16717405624999998 0.57895699375 0.17419814375 0.5829089578125 0.179882196875 0.58350468125 0.1848543109375 0.586290828125 0.19685369531250002 0.5879958515625 0.20593102968750002 0.5911003984375001 0.22787782499999998 0.5933446296875 0.23379749218749998 0.5958945250000001 0.23592694375 0.5993894281250001 0.23710820156249998 0.6041272 0.24113276093749997 0.6071496 0.24539675625 0.606086465625 0.2764202484375 0.6124418609375 0.283921934375 0.6102359953125001 0.28810526875 0.6118768640625001 0.2996321484375 0.6116867781249999 0.3053968625 0.6095785015625 0.31187096875 0.6093062703125 0.315821234375 0.604966496875 0.3151163 0.5960841296875 0.3087330421875 0.57754648125 0.302899765625 0.563233028125 0.2983252265625 0.5559864343750001 0.29722208125 0.55257113125 0.2943819640625 0.5492534171875 0.2917050796875 0.53750785 0.284683540625 0.529529415625 0.2759224828125 0.525675040625 0.2794783578125 0.5207626265624999 0.2765594921875 0.5171290625 0.27206051875 0.5152314062500001 0.2601367 0.5188753203124999 0.25406016875000004 0.5146871046875 0.24545661093749999 0.5114644328125 0.24301088437499999 0.5087193578125 0.2378806328125 0.506308125 0.22801324687500002 0.5040715359375 0.224461828125 0.501937628125 0.219487803125 0.5021713328125 0.215936384375 0.500037425 0.1944659140625 0.49364859687499996 0.1866492265625 0.49459105625 0.17725688906249998 0.4902231046875 0.17354542343749998 0.4914839640625 0.1612297625 0.49052876875000007 0.145990140625 0.493992946875 0.13951858125 0.4902387078125 0.12160080312499999 0.483970553125 0.11686557812500001 0.48112534374999993 0.1013941609375 0.4765956453125 0.08931475312500001 0.4765880046875 0.08000053124999999 0.47354252187499996 0.07163577343750001 0.467240934375 0.064058521875 0.46409786249999996 0.04874460625 0.46019986875 0.032324362499999995 0.45791965625 0.030430526562499997 0.456378925 0.02261575 0.45430153281249996 0.015273476562499999 0.45411925000000003 0 0.4509860671875 0 0.5437574359374999
9 0.4081721328125 0.6383025140624999 0.4145668515625 0.63872105 0.4839522890625 0.6576538265625 0.49990002968749997 0.6580389296875 0.5043183421874999 0.6626405859375 0.5126869203125 0.66290246875 0.5185278375 0.6651365124999999 0.5309235218749999 0.6643943250000001 0.5356600203124999 0.6652262999999999 0.544971696875 0.6722982515625 0.5488419390625 0.6696558625 0.5531040234375 0.67161258125 0.555947959375 0.668890590625 0.561317646875 0.667216290625 0.5722907265625 0.6688417156249999 0.57261400625 0.6570190953124999 0.5704089890625 0.6481752546874999 0.5652863781249999 0.6336846125 0.55968744375 0.623338565625 0.54312434375 0.5972744515625 0.5395741984375 0.593127309375 0.5360227796875 0.5909934015625 0.533815215625 0.5861760296875 0.5223715421875 0.5796356453125 0.517083153125 0.577599325 0.5094252406249999 0.5771602546875 0.4967164640625 0.573619184375 0.484480190625 0.5719732234375 0.47777110624999997 0.5692846640625 0.4709819984375 0.568293490625 0.46135277343750003 0.5639846015625001 0.45211602656250005 0.5632682046874999 0.4351445296875 0.5587770328125 0.433724153125 0.557621484375 0.431990684375 0.552182678125 0.4326232359375 0.5506830218750001 0.437914171875 0.5486928703125 0.4417825046875 0.54907033125 0.4438376609375 0.5452030609375 0.44265640156249997 0.5404652890625 0.438474340625 0.5368111859375 0.42639556875 0.535796928125 0.41305233125 0.53677536875 0.402786096875 0.541012459375 0.3918854 0.549769059375 0.3423916 0.536947784375 0.335444353125 0.5363315234375 0.320525465625 0.5319995515625 0.31665649687499997 0.5326287078124999 0.3196502953125 0.5426178296875 0.3234760671875 0.54787045 0.3261936 0.557760709375 0.34551488125 0.5918597734375 0.35252878125 0.611917615625 0.3607315796875 0.6246338203125 0.3690182234375 0.6296129374999999 0.384018409375 0.63023429375 0.40162182343749997 0.634232425 0.4081721328125 0.6383025140624999
9 0.5715242328125 0.6324648265625 0.5708078359375001 0.641701571875 0.5715927953125 0.64888655625 0.574117271875 0.65194748125 0.5756910109375 0.6602777453125 0.5779786 0.6633977343749999 0.5800261156250001 0.671609871875 0.581918678125 0.6751638375 0.582626159375 0.6800197359375 0.5857806421875 0.6856074750000001 0.589718171875 0.701400046875 0.5885311828125 0.70572183125 0.5890818 0.708939409375 0.5948356890625 0.723943628125 0.59972586875 0.7314470109375 0.60430295625 0.7346671359375 0.61037439375 0.746908290625 0.6297020437499999 0.7709411796875 0.629856996875 0.775599353125 0.6326183624999999 0.778601215625 0.63332711875 0.7814438781249999 0.635142840625 0.7816621406250001 0.6388498499999999 0.7874476031250001 0.6386116875 0.7895199015625 0.643898803125 0.793569453125 0.6478401546875 0.8033223234375001 0.6511540484375 0.8065219125 0.6540710046875 0.813175328125 0.6538322062499999 0.8162542437500001 0.65233085 0.8183060062499999 0.65272333125 0.8218984984375 0.6513782015625 0.826595196875 0.655087759375 0.828354190625 0.6577691 0.8330534359374999 0.6631292375 0.846478396875 0.6622597953125 0.8480371171875 0.6714863531249999 0.8648593921875 0.67582209375 0.8751849015625 0.6804004546875 0.8763917921875001 0.6804772953125 0.8797274953124999 0.68229110625 0.882965609375 0.6860000265624999 0.8857312187499999 0.6901001531250001 0.8941025578125 0.6900982421874999 0.8971224109374999 0.7046817515625 0.9324027312500001 0.7078368703125 0.936983853125 0.7126514828125 0.939138296875 0.718015440625 0.9465235546875 0.7283169109375 0.9489874015625 0.73790516875 0.9556549078125001 0.8167890734375 0.9359869421875 0.8167135062499999 0.9306380031250001 0.8137209828125 0.9186356468750001 0.805121246875 0.9093732703124999 0.7863537671875 0.8734586984374999 0.7775965296875 0.8635646187500001 0.6589824046875 0.66232393125 0.653862978125 0.642800203125 0.63484969375 0.6210373375 0.631063934375 0.6149360234375 0.62175353125 0.605850834375 0.612526975 0.589028559375 0.60913433125 0.5855131203124999 0.606769265625 0.580064046875 0.6089050828125 0.573492775 0.612143409375 0.571343425 0.6100203265624999 0.5577823484375 0.608444040625 0.5534785531249999 0.6048151453124999 0.5490155609375 0.5965291374999999 0.543029825 0.5881611953125 0.5417613234374999 0.5746668234375 0.5320418874999999 0.5659089500000001 0.523154425 0.5524990578125 0.504691284375 0.54760633125 0.5012143703125 0.5456343828125 0.4983511703125 0.5418441656249999 0.499296178125 0.538524540625 0.505156146875 0.5351287124999999 0.50667379375 0.5346517515625 0.5118250062499999 0.5369355203125 0.5209847 0.5370898375000001 0.5266494890625 0.5469362109375 0.562104453125 0.5533969453124999 0.5829711875 0.55883710625 0.594698765625 0.5583595078125 0.600856596875 0.5610395765625 0.6075690765624999 0.5644315828125 0.6120911328124999 0.56907850625 0.6297197531250001 0.5715242328125 0.6324648265625
9 0.23621733437499998 0.8891771078125 0.24655595312499998 0.89532204375 0.2531862859375 0.89769475 0.2831079078125 0.8986216062500001 0.288554434375 0.9002830109375 0.2962098 0.904748553125 0.311919378125 0.907205953125 0.329920365625 0.9067436375 0.355502425 0.9033846890625 0.41952517968749997 0.912918975 0.4256029859375 0.91509395625 0.44186572812499997 0.9167424656250001 0.45346944999999994 0.919888084375 0.4537863625 0.9181316374999999 0.452763878125 0.9120123343750001 0.4321082921875 0.8654974734374999 0.42997884218750004 0.8620025703125 0.42674306250000005 0.8601254515625 0.418216346875 0.8602384843750001 0.40495376875 0.8585129234375 0.40163923749999997 0.8563199515625 0.396980853125 0.8568104453125001 0.39555888437500003 0.8581714406250001 0.3958719765625 0.862454696875 0.3897122359375 0.8649969515624999 0.3871839390625 0.8679757312499999 0.3863125890625 0.8725543046875 0.38173168125 0.875373884375 0.3779421 0.875312275 0.37028546093750003 0.8728599671874999 0.36862851406249997 0.8712601734375 0.3363405546875 0.8668974765625 0.33097341406249997 0.8645453062499999 0.318024565625 0.8660963859375 0.3110779546875 0.8644735078125001 0.30594579375 0.865082128125 0.29765787499999996 0.8621162453125001 0.28242016406250003 0.8625605703125 0.27729054999999997 0.8591427203125 0.2730271921875 0.8591992359375 0.2675813 0.856531215625 0.2558194421875 0.853760509375 0.2450032265625 0.8537734046875001 0.23718845000000002 0.8516960140625001 0.23245322499999999 0.8488508031249999 0.1992951875 0.8470534437499999 0.1970069625 0.8449400734375001 0.18611263281249998 0.8436305015625001 0.1842975484375 0.8424056203125 0.18098110781250001 0.8432325015625001 0.1722988 0.8396939781249999 0.16329958125 0.8379119015625 0.160219896875 0.839015240625 0.1565885859375 0.8382431968749999 0.150433303125 0.8337391296875 0.141747175 0.836240309375 0.14735247812500002 0.8365201828125001 0.1522439296875 0.84201033125 0.15934931562500002 0.8422516765625 0.165109571875 0.8471897203125 0.1745812953125 0.8508669062499999 0.180107209375 0.85183754375 0.1947930296875 0.8501888750000001 0.201186475 0.8526206453125 0.23503480156249998 0.886452571875 0.23621733437499998 0.8891771078125
9 0.5548291187500001 0.93990691875 0.5568010671875 0.9427701171875 0.5665077703125 0.9494080921875 0.58331921875 0.95729403125 0.5969755515624999 0.96059885 0.604552165625 0.9647485390625 0.6215274843749999 0.9632000062499999 0.6265898109375 0.9481828921875 0.6262799015625 0.938866546875 0.6276256671875 0.93316323125 0.625023075 0.9287798359374999 0.6202846671875 0.9309677140625 0.6062333093750001 0.9280968734374999 0.5999980015624999 0.9252901874999999 0.588943625 0.9273753828125001 0.56321043125 0.920036453125 0.549868465625 0.9190016578125 0.5452907421875001 0.91678815 0.5316331375 0.9154965671875 0.52050319375 0.9122328218750001 0.51268650625 0.9131752828125 0.507003090625 0.9115729421875001 0.5034523078124999 0.9084324171875 0.49547684687500004 0.9107564078125 0.486952040625 0.9078495875 0.4913639859375 0.92251741875 0.4925477921875 0.923228721875 0.5020201515625 0.9258992890625001 0.5114944218749999 0.92555000625 0.5245201125000001 0.9273346296874999 0.53691325 0.9306189109374999 0.54520435 0.9285517078125001 0.5493095703125 0.92887010625 0.552307825 0.93181290625 0.5548291187500001 0.93990691875
9 0.6989849640625 0.9519393562499999 0.6963791890625 0.9525890484374999 0.6941709890625 0.9487782953125 0.6771194656249999 0.94598450625 0.677120103125 0.9449778890625 0.67522563125 0.9444437750000001 0.6727799046875 0.9416987015625 0.6628324937500001 0.9411594937500001 0.65067688125 0.93680953125 0.6419926640625 0.9362908609374999 0.6385936515624999 0.9428415937500001 0.6389810375 0.9544870265625001 0.6434793734375 0.9573913 0.6519273390625 0.9569624156250001 0.6559544453124999 0.9559583453125 0.6586402453125 0.9536112703124999 0.688167475 0.9539654875 0.69645539375 0.9569313703125 0.6984298890625 0.9557681 0.697958021875 0.9528663749999999 0.6989849640625 0.9519393562499999
10 1 0.8718387640625 0.9994422859375 0.8713236671875 0.9943952421875 0.8621819625 0.9906075718749999 0.8591005015625001 0.9759383078124999 0.8345771187500001 0.926007025 0.764496778125 0.9191429875000001 0.757150046875 0.915355315625 0.7540685859375 0.9129870671875 0.7536525968750001 0.9123583359375 0.7491125515625 0.8799903515624999 0.7464472375 0.8745419140624999 0.7478056859375 0.8714610875 0.7505867390625001 0.8705916468750001 0.752145459375 0.8705859171875 0.761205015625 0.8697158390625 0.7637703546875 0.8727096359375001 0.7737594750000001 0.8726289749999999 0.7764634765625 0.8708907312499999 0.7785743 0.8699406296875001 0.782837021875 0.87119681875 0.79393035 0.8618781390624999 0.7979311890624999 0.8620311828125 0.8056092125 0.8643962484375001 0.8110582875000001 0.864234290625 0.8174729062500001 0.8681800984375 0.820179453125 0.8736215328125001 0.829893796875 0.8784272312500001 0.8461408859375 0.8845850609375001 0.8466184828125 0.8920873828125 0.8434059984375001 0.892958096875 0.83983404375 0.8895660890625001 0.8353119875000001 0.8874410968750001 0.8247707625 0.8914688390625001 0.822760075 0.8926526453125 0.8234713765624999 0.8950183484374999 0.8279138343750001 0.8987272671875 0.83067944375 0.9047993421875 0.8419139828125 0.9243626078125 0.8679010437500001 0.9269645609375001 0.87329105625 0.927357040625 0.876883546875 0.9263294625 0.8788171828125 0.9309872109375 0.8793333078125001 0.9320909921875 0.8817419921875 0.9402175875 0.890115878125 0.942503903125 0.8952491 0.9475528578124999 0.9013709515624999 0.9480253609375 0.9032660609375001 1 0.890307328125 1 0.8718387640625
9 0.7762516078125 0.7431249109375 0.7804323953125001 0.7487922484375 0.7827180734375 0.7549320875000001 0.7876882765625 0.7607380874999999 0.7880020062499999 0.7640147296875 0.791867153125 0.7694252765625 0.7954141156250001 0.77860550625 0.7981761171875 0.7806007515625 0.8012518484375001 0.7858726375 0.8040138515624999 0.78786788125 0.81095409375 0.799556934375 0.8138748703124999 0.800170646875 0.8206658906250001 0.7981419703125 0.8385849421874999 0.8023968890625 0.8434021015625 0.800524865625 0.8443483828125 0.8023018484375 0.85231875 0.8080307937500001 0.8564246078125001 0.8073425765625 0.8587134687500001 0.8084493281249999 0.8619517953125 0.806299978125 0.8583216265625 0.8038502203125001 0.8585610625 0.7997646875 0.8644064374999999 0.794952409375 0.8707230421875 0.7940484750000001 0.8764090046874999 0.791624346875 0.87609655 0.7863344718749999 0.8768872390625001 0.7844599 0.92187951875 0.7994099875 0.9229833015625 0.801818675 0.9221106765625 0.8084104812499999 0.9267677890625 0.8099332234375 0.9299229062500001 0.81451434375 0.9322130421875 0.8136078625 0.9445267921875 0.817582909375 0.95234284375 0.8176470671875 0.95447229375 0.8211419703124999 0.9576286859375 0.8237098546875 0.9644984546875 0.821997028125 0.9641047015625 0.8204177703125 0.9620520921875 0.8202585718750001 0.9591351359375 0.813605153125 0.9561362453125 0.8116689734375001 0.9528229874999999 0.8074627671875 0.9478457796875001 0.812729559375 0.9463469718749999 0.81075485 0.9420054999999999 0.809488896875 0.935056475 0.81155696875 0.9316624250000001 0.8103902843749999 0.930639303125 0.8052775984375 0.926538540625 0.797912878125 0.92599110625 0.7896622125 0.92370351875 0.786542225 0.9252842609374999 0.783799696875 0.9286013390625 0.7819661984375 0.924102365625 0.7800685421875 0.9218154140625 0.7759419375000001 0.91913661875 0.7672162218749999 0.9197704453125001 0.7637033296875 0.9170935609375 0.7519577625 0.9107826859375001 0.7438021390625 0.9085757593749999 0.73797815 0.906286896875 0.736871396875 0.8993472921875 0.724175728125 0.89516459375 0.7215282421875 0.8937458093749999 0.7178561515624999 0.8906681671875001 0.7156041171874999 0.8854566187499999 0.716903503125 0.87795684375 0.716089515625 0.8734553234375 0.7182183296875 0.870534546875 0.7176046171875 0.86540493125 0.7141867671875 0.8609046843750001 0.7143023453125 0.8488271859375001 0.7112748515625 0.8354839484375001 0.7122532921875 0.8314600249999999 0.708224275 0.8274329187499999 0.709228346875 0.8236439750000001 0.70816011875 0.8187487015625001 0.7087096749999999 0.8066718390625001 0.7046755640625 0.8010659015625 0.7054023109374999 0.7987770390625 0.7042955562500001 0.7978307578125 0.7025185734375 0.79009473125 0.7007570328125 0.7886746734375001 0.699098175 0.786463925 0.6993138906249999 0.7844919765625 0.6964506921875 0.7781760078125 0.6963480078125001 0.7719407 0.693541325 0.7710731703125 0.6920801921875 0.7587562359375 0.6931382312500001 0.757336178125 0.691479375 0.7537047359375 0.6910428515625 0.7455755921875 0.686695434375 0.74517865625 0.690149265625 0.7461236625 0.6939394828125 0.74967571875 0.6950667734375 0.75164703125 0.698936590625 0.7540095499999999 0.708412134375 0.758112859375 0.7117503843749999 0.7659587343750001 0.727071728125 0.7694663203125 0.7360940312500001 0.774675321875 0.738821115625 0.7762516078125 0.7431249109375
9 0.7361183078125 0.7850024578125 0.737775890625 0.785595634375 0.739987275 0.7843733 0.7470894765625 0.7896477328125 0.7495415703125 0.7823266328125 0.7487547015625 0.7781615015625001 0.7559445671875 0.7696591421875 0.75854843125 0.7720293015624999 0.7604441765625001 0.7705501796875 0.7589510984375 0.759515915625 0.76084811875 0.7560235609375 0.7566686046875 0.7483429875 0.755802984375 0.7438620046875 0.7492590421875 0.729725740625 0.74476006875 0.7278280859375 0.7279645375 0.6947767125000001 0.721338025 0.6863643015625 0.718259109375 0.686125503125 0.7149458531249999 0.6819192968750001 0.70555160625 0.680571196875 0.703027765625 0.67650365625 0.6885013578125 0.6757641750000001 0.6865294078125 0.672900975 0.68226605 0.672957490625 0.6771364359375001 0.669539640625 0.6746887984375001 0.6698144187499999 0.6688478812499999 0.6675803734375 0.6675053 0.6682506046875 0.670340959375 0.678614640625 0.673496078125 0.683195759375 0.67586050625 0.6896514515625001 0.6915560765625 0.714254434375 0.695261175 0.7230597484375 0.699048846875 0.7261412109375 0.7035439984375 0.734078571875 0.705908428125 0.7405342640625 0.7280704625000001 0.7769444234375 0.7361183078125 0.7850024578125
7 0.89962556875 0.6586865359375 0.9024682328125 0.6579777796874999 0.9114655421875 0.662779709375 0.9220442312499999 0.6638324921875001 0.9279639 0.6663823875 0.9367268671875 0.6672169109375 0.942252146875 0.6691941671875 0.9431215859375 0.6676354453125 0.943791921875 0.6688102578125 0.9453316984375 0.6684263484375 0.9427278343750001 0.6660561890625 0.9384702062500001 0.6570531484375 0.9343681703125 0.6517016625000001 0.9346869921875 0.6469253640625 0.931610625 0.642660096875 0.9298781109375 0.6357113625 0.92467101875 0.6299644265625 0.9213539421875 0.631797925 0.918986965625 0.629368703125 0.916381190625 0.6300183953125 0.9110985328125001 0.6189225203125 0.9085715078125001 0.6198880640625 0.9073857921874999 0.6221966140624999 0.9020967656250001 0.6211669140625 0.897837228125 0.615183725 0.8972866109375 0.6119661484375001 0.8926294984375 0.61044340625 0.8914463296875 0.6087254859375 0.889549946875 0.611211225 0.884180259375 0.6128855234375 0.8832301578124999 0.6171482453125 0.88015060625 0.6179160640625 0.8776267671875001 0.6138485218749999 0.8706807937500001 0.611219025 0.86744565 0.608335290625 0.8646823749999999 0.6083532796875 0.8627104250000001 0.6054900796875 0.860583521875 0.5979687078125 0.85702891875 0.6008678859375001 0.8533142687499999 0.60716183125 0.8524410078125 0.6147602562500001 0.8541754312500001 0.6186891375 0.8596206859375 0.6223637765625 0.8747643640625 0.6457624156249999 0.8796577265625001 0.6482327109375 0.8818665640625 0.6510368484375 0.8885762859374999 0.6527187890625 0.8896013171874999 0.6548116234375 0.8937840140625 0.6574591078124999 0.89962556875 0.6586865359375
7 0.8258154515625 0.6452182750000001 0.8337921859374999 0.6408810484374999 0.8353799343749999 0.627065728125 0.835152596875 0.61202553125 0.8393422984375001 0.603600225 0.8391854328124999 0.6019619046875 0.8356365609375 0.5958015265625 0.83184698125 0.5957399171875 0.82758744375 0.589756728125 0.8166937515624999 0.5874405375 0.805012553125 0.5819658328124999 0.7993278625 0.5823767265625001 0.7966427015625 0.5837171859375 0.7961682875 0.5848419296875 0.79711456875 0.5866189125 0.8008222140625 0.59139775625 0.8068993843750001 0.5945793546875 0.8159722609375001 0.6047302218749999 0.8170728593750001 0.6121719953125 0.81612403125 0.6144214828125001 0.8127269296874999 0.617952365625 0.808701096875 0.6169431999999999 0.7847004171874999 0.616553003125 0.7808308125 0.6181887765625 0.7800401234375001 0.62006335 0.7801182359375 0.6213858171875 0.7886411328125 0.6273124906249999 0.7928206453125 0.6349930625 0.7958982875 0.6372450953125 0.79968723125 0.6383133234375 0.8014229281249999 0.64022896875 0.8065544546875 0.6406269671875 0.8114478171874999 0.6430972625 0.8200520109375 0.6453133171875 0.8258154515625 0.6452182750000001
7 0 0.4503443 0.002800953125 0.4515257359375 0.145517 0.4931044546875 0.1497809953125 0.49204132187500005 0.157675796875 0.49242133125 0.2235123625 0.50519373125 0.2303814953125 0.5044875234374999 0.243090271875 0.5080285921875001 0.24821988749999999 0.5114464421875 0.2650319734375 0.5183257640625001 0.2687428046875 0.5180715234375 0.26921721875000004 0.5169467796875 0.26922804375 0.499834284375 0.2716013859375 0.49219733281250005 0.274367209375 0.488152871875 0.2749267421875 0.47727780781250007 0.27074468125 0.4736237046875 0.2615866859375 0.473223159375 0.258824684375 0.471227915625 0.25053549375 0.4702752671875 0.24927548281249998 0.4652216421875 0.2621474921875 0.46033485937499996 0.275255115625 0.4574022484375 0.2778615265625 0.4557459375 0.278415965625 0.4529238109375 0.2764433796875 0.45106722968749996 0.2751007984375 0.45173745781249997 0.24155282812499998 0.4423211375 0.228293434375 0.435562490625 0.22742399375 0.43712121093749995 0.22197555625 0.4384796578125 0.21621466250000002 0.43454823124999997 0.21266197031249998 0.434427559375 0.21155755156249997 0.43302548906249994 0.20642411562500002 0.43564734375 0.20137388750000002 0.43153872812499994 0.20050699375 0.42907097812500006 0.1963236609375 0.4274301125 0.10380762031249999 0.40554180000000006 0.0918844390625 0.408179096875 0.08027498749999999 0.414093034375 0.07869806562500001 0.41079585625000004 0.077593009375 0.41040040468749994 0.072617075 0.4136539609375 0.0558760984375 0.4191699015625 0.050744573437499996 0.418771903125 0.0351105625 0.421663440625 0.0243699140625 0.427025275 0.020029078125 0.4247527046875 0.01726325625 0.4287971640625 0 0.4328527453125 0 0.4503443
7 0.31618781406249996 0.5246938937500001 0.3152396234375 0.5259367640625 0.3157121265625 0.5278318718749999 0.3247119828125 0.52860733125 0.3333142671875 0.5338432375 0.338208903125 0.5343003000000001 0.3437335453125 0.537284171875 0.355575428125 0.53835749375 0.3648109 0.541087125 0.3679672921875 0.5436550109375 0.37215126249999997 0.544289259375 0.3743607375 0.5460867796875 0.379886653125 0.5470574171875 0.38533509062500004 0.54569896875 0.389282171875 0.5463922828125 0.390862278125 0.544656371875 0.39607382812499997 0.5433569874999999 0.4016823140625 0.5386037734375 0.4076038921875 0.538133815625 0.41455432343750004 0.5337169890625 0.42126468125 0.5343923140625 0.4267918703125 0.533349715625 0.4318440078125 0.5344384796874999 0.43460600937500005 0.536433725 0.4357129765625 0.533809325 0.434611740625 0.52737416875 0.4406889109375 0.5305557671875001 0.442110878125 0.5291947734375 0.4411665078125 0.5243979375000001 0.4391945578125 0.5215347359375 0.43998715937500005 0.5166403140625 0.4296447203125 0.5165350828124999 0.426958921875 0.518882159375 0.4226168140625 0.518622821875 0.42111927812500005 0.5146348796875 0.42222560781249996 0.513017096875 0.41962237968749994 0.5096403203125 0.41693849062500005 0.5089675421875001 0.41615034843750004 0.5068156453125 0.40691169218749995 0.5091191015625001 0.40320213593750004 0.5073601078125 0.3990956421875 0.50905494375 0.39617486562500004 0.50844123125 0.39222587343750004 0.5107677703125 0.3894638703125 0.508772525 0.3893082796875 0.5051209703125 0.3873363296875 0.50225776875 0.3874182640625 0.497540534375 0.3861557078125 0.4965133796875 0.3837874578125 0.49609739218750004 0.3725736703125 0.500570734375 0.369179115625 0.5000751484375 0.3334305859375 0.4747686640625 0.3313824328125 0.46756314374999997 0.3275166484375 0.46315921250000003 0.319621846875 0.46277920312500004 0.31662040937499997 0.4648694921875 0.31030826093749997 0.45872710312500004 0.3077793265625 0.46271249843750006 0.3028065765625 0.46093296875 0.29798432343750003 0.470857934375 0.296246715625 0.47196214062499997 0.2996406328125 0.4734643453125 0.302086359375 0.47620941875 0.30310884374999997 0.4823287234375 0.2979734984375 0.48797042968750004 0.3041300546875 0.49046126250000005 0.3071251265625 0.4984371484375 0.307593809375 0.5063719625 0.30987885 0.51351841875 0.31405772656250003 0.522205609375 0.31618781406249996 0.5246938937500001
7 0.5049269046875 0.57425598125 0.513611121875 0.574774653125 0.51669449375 0.5679671296875 0.5159876484375 0.5621046140625 0.5137788109375 0.5593004765625 0.51338696875 0.55470136875 0.5085018828125001 0.5391450453125 0.5034529296875 0.5330231953125 0.49879581718750005 0.5315004531249999 0.48568628281250004 0.5374529171875 0.4789663734375 0.5518768546875 0.4758061609375 0.5553486734375 0.470280246875 0.5543780359375 0.46206725937500004 0.5577677078125001 0.461987234375 0.5594650921875 0.4666443453125 0.5609878328125 0.4701151046875 0.5658257421874999 0.47848240937500003 0.5681008578125 0.48306204375000006 0.5672945140625 0.48535281562500004 0.565381415625 0.4929300671875 0.5685244875000001 0.4952182921875 0.570637859375 0.500665775 0.5707893359375 0.5049269046875 0.57425598125
7 1 0.5444628703125 0.9999648703125 0.5444298062499999 0.997594075 0.5480402875 0.9898586843749999 0.5452721296874999 0.9889124031250001 0.543495146875 0.9853597109375001 0.5433744734375 0.9832289875000001 0.54189280625 0.9800700484375 0.543351390625 0.976123603125 0.5416514593749999 0.9678318640624999 0.5447252812500001 0.9638060328125 0.543716115625 0.9595471312500001 0.5367263109375 0.9598659546875 0.5319500125000001 0.9550507046875 0.5308021859375 0.9559226921875 0.5252169953125 0.9534763296875 0.5234785390625001 0.9527675734375001 0.5206358765625 0.9546645937499999 0.5171435203125 0.9514281765625 0.5162730171875001 0.9485880609375 0.5129553046875001 0.943615309375 0.5111757734375 0.9375362296875001 0.5110140265625 0.9331953953125 0.5087414578125 0.9328016421875001 0.5071622 0.930197140625 0.5057986578125 0.9295671359375 0.5032718468749999 0.9255393937499999 0.505282534375 0.9199347265625001 0.50399604375 0.915912078125 0.49795379375 0.9179672359375 0.4940865234375 0.912678209375 0.49305682187500005 0.9103112328125 0.49062759843750003 0.9072297703125001 0.49441526874999997 0.9032020281250001 0.4964259578125 0.8994143578125 0.4933444953125 0.8994162671874999 0.4903246421875 0.8974436812500001 0.48846806093749995 0.896971178125 0.48657295156249997 0.8979206421875 0.4833168484375 0.8963430828125001 0.48102628750000004 0.8912115578125 0.480628290625 0.8889989 0.48386385625 0.8837111468750001 0.48082092187500003 0.8822885421875 0.483188534375 0.8425808312499999 0.4763144671875 0.8349222828125 0.4768820140625 0.8281357203124999 0.47186436875000004 0.8217410015625 0.471445834375 0.8184290187500001 0.46522639374999997 0.8096666875 0.46338525468749997 0.804378296875 0.46134893593750004 0.801932571875 0.45860386249999996 0.7966435453125 0.45757416093750003 0.7636404625 0.46043497499999997 0.7617466265624999 0.45889424375 0.7602459078125 0.45993938749999996 0.75953333125 0.463136428125 0.7548724 0.46765339062500005 0.75116220625 0.46690101406249995 0.7482382453125 0.47132038906249996 0.7484713140625 0.47730102968750004 0.7473637109375 0.48093204843750004 0.7427847125 0.4807317765625 0.7410458328125 0.4838492171875 0.7358342828125 0.485148603125 0.733069096875 0.48818644375 0.734327196875 0.49625991875000003 0.733375821875 0.502535875 0.720110059375 0.5058434015625 0.7180580859375 0.5046775859375 0.7156917468749999 0.5012417453125 0.7127684234375 0.5046545015625 0.708504428125 0.5057176343750001 0.708028740625 0.5088556125 0.7028178281249999 0.5091483796875 0.7012396328125 0.5078644390625 0.6991069984375 0.5094026234375 0.694765525 0.50813666875 0.691370334375 0.5086477 0.6886083328125 0.506652453125 0.6795303609375 0.5045545265625 0.674603078125 0.5057830359375 0.671636196875 0.5031679 0.6679240937500001 0.5054353765624999 0.6672115171875 0.5086324171875 0.6643688546875001 0.5093411734375 0.6597168375 0.4997654921875 0.660036296875 0.4939825765625 0.6567224031250001 0.4907829890625 0.65672495 0.48675652031250005 0.65317353125 0.48462261250000005 0.6530960546875 0.48229352499999995 0.6548349359375 0.479176084375 0.653335490625 0.4782079921875 0.650808465625 0.4791735375 0.650491553125 0.4809299828125 0.6385696453125 0.4815540453125 0.6361213718750001 0.482835440625 0.6361200984375001 0.484848675 0.637855796875 0.48676432031249994 0.6466219484375 0.48256575625 0.64796261875 0.4849153796875 0.65025148125 0.4860221328125 0.65505463125 0.506295690625 0.6482604296875001 0.5133574546874999 0.6511810734375 0.5143066875 0.6542505703125 0.5293092265625 0.6757191312499999 0.5387179062499999 0.6816394359375 0.540261184375 0.6877185156250001 0.54042293125 0.6927725640625 0.5384918437499999 0.6979828390625 0.5392056921874999 0.7018467140625 0.546629475 0.7015298015625 0.548385921875 0.7657862609375 0.56289423125 0.7674432078125 0.564494025 0.7791288640625 0.5629224109375001 0.7875755546875001 0.5645067609375001 0.80099818125 0.56283755625 0.80794288125 0.567480284375 0.8116543484375001 0.5662194265625 0.82065293125 0.5690081203124999 0.8324954515625 0.5690748250000001 0.8512807609375 0.5768041109375 0.8551497296875 0.57617495625 0.8574411375000001 0.5732552390625 0.8612319921875 0.5713036140625001 0.866755996875 0.5752941046875 0.8784422890625001 0.5727158703125 0.8822318703124999 0.5727774812499999 0.8866514562500001 0.575365903125 0.8883122234374999 0.57092599375 0.890760496875 0.569644596875 0.8931268359375 0.5730804375 0.8999127609375 0.5791046984375 0.9039392312500001 0.5791072453125 0.9063894140625001 0.5748059984375 0.90986335625 0.5746108203125 0.9120702828124999 0.5804348078125 0.9209183703124999 0.5715190078125 0.9285737359375 0.57598455 0.9337840109375 0.5766983999999999 0.9352828203125 0.5786731078125 0.9400974328125 0.5808275515625 0.9410424390625 0.58461776875 0.9449101343749999 0.5860018484375 0.9510654171875 0.590505915625 0.9524835656249999 0.595184625 0.9560381687499999 0.592285446875 0.9603777296875 0.59657125 0.982634434375 0.608131828125 0.9880809609375 0.6097932312500001 1 0.609328740625 1 0.5444628703125