9 0.3076979453125 0 0.47180586875 0.0775406140625 0.49134540624999995 0.023480032812500003 0.5988612140625 0.07115563593749999 0.62426150625 0.025403834375 0.6238684203125 0.015552353125000001 0.5656418249999999 0 0.3076979453125 0
9 0.6622567 0.411370996875 0.6600661734375 0.41954615000000006 0.6567977218750001 0.4260844578125 0.653596184375 0.43803275937499997 0.651995009375 0.44872485781250004 0.6524827734375 0.45728065156250003 0.6571476046875 0.4709997375 0.657399953125 0.474774396875 0.6567086078125 0.4830142515625 0.654282665625 0.4864082703125 0.6524122125 0.49433218281249997 0.6530184953125 0.49584265 0.6611714796875 0.494657196875 0.66418636875 0.49849806875 0.6735519171875 0.500333553125 0.674427884375 0.4998942609375 0.673856275 0.48693494687500005 0.675709796875 0.480017509375 0.6762326390625 0.4724065125 0.6799058203125 0.4605845875 0.6810353515625 0.44976611406250006 0.6827034390625 0.4444840109375 0.68080115 0.4308311390625 0.6809700578125 0.42548433281250003 0.68944351875 0.41932969218749994 0.6924930796875 0.4117217203125 0.69867564375 0.40562724218749996 0.69874336875 0.40160134062499997 0.7003945265625 0.3973257109375 0.70930576875 0.39331039687499997 0.7162457812499999 0.3938219515625 0.71678515 0.389922428125 0.7179138703125 0.388539846875 0.7242661515625 0.3676626703125 0.7269279156249999 0.364331840625 0.7311061984375 0.3553412890625 0.731611703125 0.35345471562499997 0.730163721875 0.345652640625 0.7323542468750001 0.33747748906249997 0.731832215625 0.33565259062499997 0.7262893906250001 0.345962534375 0.7229540250000001 0.34709085 0.7150203375 0.34462801875000004 0.7097141453125 0.3455652578125 0.7010560609375001 0.3439193390625 0.674273565625 0.335394975 0.66512690625 0.3346291546875 0.6641666875000001 0.335382878125 0.663778890625 0.33966001874999996 0.6647887671875 0.3490971234375 0.6614859656250001 0.3633099171875 0.66028830625 0.3828722390625 0.6622756562500001 0.3867747875 0.6632519953125 0.3944504828125 0.6629480437499999 0.40313114375000003 0.661684278125 0.407847578125 0.6622567 0.411370996875
3 0.6786291656250001 0.1301511703125 0.6630599859374999 0.15511846875 0.659689475 0.19063906875 0.6554083796875 0.22955801718750002 0.6656494937499999 0.24231854687499998 0.672434696875 0.19405414062499998 0.6850004453125 0.1573550578125 0.6927405 0.12846878125 0.6786291656250001 0.1301511703125
3 0.7389753796874999 0.3612209046875 0.74161845 0.30547252343750003 0.7224570609375001 0.2648251046875 0.7090296078125 0.25121045937500003 0.7004760437499999 0.261741878125 0.7069321468750001 0.31256888125 0.7253199609375 0.3484560984375 0.7389753796874999 0.3612209046875
3 0.68329555 0.5129405640625 0.679654778125 0.5010376671875 0.6649436859375 0.5027039249999999 0.6468777718750001 0.5468908515625001 0.637726090625 0.583594146875 0.6353119140625 0.6129969015625 0.6329881359375 0.6497085578124999 0.6302107859375 0.6626234765625 0.6425913515625 0.6750466859375 0.660209584375 0.6424331671875 0.66867903125 0.5955303015625 0.6747364078125 0.5397861953125 0.68329555 0.5129405640625
3 0.7324638734375 0.393168459375 0.72600156875 0.3714036890625 0.711334640625 0.393308421875 0.69795719375 0.4403793484375 0.7001393453125 0.488314796875 0.711244909375 0.51314455625 0.7294072671875 0.5116370515625001 0.715754275 0.4606280015625 0.7147088687500001 0.43394059374999994 0.7293667578125 0.42511997656249995 0.74088343125 0.42547376875 0.739655184375 0.409664721875 0.7324638734375 0.393168459375
3 0.6807597750000001 0.282791396875 0.6757531250000001 0.275986025 0.6625728484375 0.2789110390625 0.6522160109375 0.3306891234375 0.6669645359375 0.3291774703125 0.6774357203125 0.30284416875 0.6807597750000001 0.282791396875
9 1 0.1184168421875 0.8871440484375 0.0860968453125 0.7877300953125 0.05945895624999999 0.7782752296875 0.0794505421875 0.8226120640625 0.0694765265625 0.885064496875 0.08621060625 0.897489246875 0.12141060937499999 0.947788609375 0.12487151406250001 0.9955837781250001 0.1376781921875 1 0.140513790625 1 0.1184168421875
7 0.6784092453125 0.0987077375 0.6998860640625 0.147684540625 0.70780511875 0.1716608140625 0.7323845890625 0.1946373890625 0.7485437953125 0.1980569875 0.7601075484375001 0.17019493125000001 0.75637824375 0.11273907812499999 0.7495067828125 0.07720590468750001 0.7023481781250001 0.07731797968750001 0.689738165625 0.0912405828125 0.6784092453125 0.0987077375
9 0.422067390625 0.21054304687499997 0.6531681328125 0.2733768890625 0.666371071875 0.236848540625 0.2179008390625 0.039074346875 0.20999854375 0.06903398125 0.283555596875 0.12334609062499999 0.422067390625 0.21054304687499997
9 0 0.551698896875 0.0344903296875 0.571095009375 0.010678489062500001 0.65486354375 0.2750963734375 0.7794392734375 0.3347726359375 0.7835915421874999 0.370919446875 0.714966090625 0.5089775140625 0.7783659328125 0.5191753046875001 0.7556017140625 0.5124402296875 0.7246580078125 0.4217675515625 0.673044459375 0.3587242984375 0.6406721281250001 0.2852123703125 0.59638854375 0.177423359375 0.5602218875 0.11729322187499999 0.532272128125 0.0524281765625 0.5194445140624999 0 0.49444855 0 0.551698896875
9 0.8834107421875 1 0.894425228125 0.9588933734375 0.9050968546875 0.9189550093750001 0.8497466625 0.8859119390625001 0.7677678609374999 0.8375388296875 0.7137464296875 0.8049748046874999 0.7060908078125 0.8000687265625 0.6956578578125 0.9511637265624999 0.7048064875 0.965452696875 0.76671299375 0.9765769859375 0.8086828125000001 0.9677895640624999 0.830303421875 0.9890630671875 0.8580836765625 1 0.8834107421875 1
9 0.8136610125000001 0.6841074203125 0.7624053156249999 0.6867643609375 0.722802596875 0.694364875 0.6601683484375 0.6757605734375 0.6395466875 0.6966423078124999 0.6370424953125 0.70598808125 0.6604843578125 0.720464571875 0.728716478125 0.76151193125 0.7533886921875 0.753553475 0.77929048125 0.735907715625 0.8180282812499999 0.7289863671875 0.8229465671874999 0.6902381531249999 0.8136610125000001 0.6841074203125
11 0.8210774593749999 0.7379986546875 0.9388343406249999 0.7904953015625 0.9458737703125 0.766884803125 0.8300780859374999 0.7086271843749999 0.8210774593749999 0.7379986546875
9 0.8319158218749999 0.23474540937500002 0.83845110625 0.24054058125000002 0.8428643984375 0.2410491109375 0.8486248984375001 0.245962671875 0.856945978125 0.24886630625 0.866209940625 0.256740640625 0.8696126265625 0.256304371875 0.8836942062500001 0.2641215671875 0.8866083171874999 0.2645653984375 0.88925315 0.26224104375 0.8981639875 0.262943675 0.904177240625 0.2669139484375 0.9078157484375 0.2665408671875 0.9108475687500001 0.269375265625 0.9162884 0.2698221203125 0.9189328265625001 0.2722157125 0.9261929125 0.27247602656250003 0.9238685578125001 0.26983119375000003 0.9238181687499999 0.268132671875 0.9204828015625001 0.26926098593750003 0.918596228125 0.2687554796875 0.9167604484374999 0.2652305484375 0.912700684375 0.267175775 0.9106794718750001 0.2652861765625 0.9033698078124999 0.253891446875 0.9036398968749999 0.2472237375 0.9023600109375 0.2435107546875 0.89902505 0.239921121875 0.884993859375 0.2338024484375 0.8817096921875001 0.22719339062500002 0.8802617093749999 0.21939131875 0.8703241437499999 0.20931446718750002 0.8559394234375001 0.20074203906250002 0.8496399609375 0.1950100546875 0.826748728125 0.1851693234375 0.8205835 0.1855393796875 0.8144178671875 0.1906273828125 0.8116383953125 0.19156764375 0.8056585999999999 0.19030236875 0.7949627765625 0.183055378125 0.7914766484375 0.1743701828125 0.7853964828125 0.164989915625 0.7794001625 0.1600131671875 0.7716519078124999 0.1559150046875 0.7625060593749999 0.145713290625 0.75880023125 0.145394325 0.7568616484375 0.1620620859375 0.7553757515624999 0.20345243281249997 0.7577847625 0.20106488906250003 0.76133901875 0.2010062375 0.76664480625 0.20478694531250002 0.7860156453125 0.2126733796875 0.792028896875 0.2166436515625 0.8148528109375001 0.2257923375 0.8240663859374999 0.2319681515625 0.8319158218749999 0.23474540937500002
9 0.5255506546875 0.3376702875 0.5311761078125 0.3459177015625 0.5345787953125 0.3454814328125 0.5442305546874999 0.3490786265625 0.5493678390625 0.35348819374999996 0.5564255593749999 0.356390315625 0.561479809375 0.3469604703125 0.5652698875 0.34696500625 0.570356784375 0.349676053125 0.5732374390625 0.3474148875 0.5769275515625 0.3345864859375 0.5805664640625 0.329495459375 0.5821841640625001 0.322514834375 0.5865644062500001 0.3156004203125 0.5911466062499999 0.31076214687500003 0.5995188859375 0.3059284078125 0.6029558390624999 0.2987612421875 0.6011369906249999 0.2942298359375 0.58922900625 0.27924396093750004 0.58574206875 0.279994659375 0.5813114390624999 0.28521055156249997 0.5751966000000001 0.2872791296875 0.5715919546875 0.2856392578125 0.5654106062500001 0.277579896875 0.555910821875 0.269642371875 0.552945915625 0.27221796875000004 0.549727853125 0.2804547984375 0.549171553125 0.2853607984375 0.5553686171875001 0.30656752656249997 0.551594659375 0.31499240781250004 0.5465073578124999 0.316999309375 0.5394157734375 0.3161101375 0.5364004796875 0.3169872109375 0.5242377171875 0.32653435937499997 0.5236983484375 0.3304338828125 0.5255506546875 0.3376702875