11 0.5973351359375 0.22717377343749998 0.625407821875 0.2503740390625 0.707438065625 0.2431973234375 0.8032147593750001 0.2378363328125 0.8361395796875 0.2259006328125 0.8263835187499999 0.19204266718750002 0.8609760203124999 0.1603414734375 0.8110090015625 0.15867622812499999 0.6753786890625 0.1614871671875 0.41971858281249996 0.1642349875 0.17817633125000001 0.16590983125 0.1656310390625 0.1849555734375 0.12708761562499998 0.19738286249999998 0.1517137859375 0.23295824375000002 0.1799176578125 0.2576562515625 0.2502422078125 0.25904966093750004 0.287268865625 0.24222747187500002 0.374449075 0.24214615 0.5265418000000001 0.23336738750000002 0.5973351359375 0.22717377343749998
9 0.6086859640625 0.2408433078125 0.591535540625 0.238095840625 0.52630220625 0.23759449687499998 0.30119785781249997 0.24454476875000003 0.280281659375 0.2463746984375 0.272938653125 0.2638268515625 0.27609954062500003 0.2831513796875 0.284967134375 0.28368228281249996 0.2896044765625 0.2717001984375 0.45816613593750005 0.2739447078125 0.617761453125 0.271745440625 0.6194355640625 0.271272209375 0.6230635984374999 0.25951804843750004 0.6173198656250001 0.24989086718750003 0.6086859640625 0.2408433078125
3 0 0.42626906093750005 0.00780330625 0.43207092031250005 0.012204578125 0.43756618124999996 0.0260490953125 0.4389684265625 0.031342125 0.4378519640625 0.0414660703125 0.441539815625 0.0523032640625 0.44777872343749997 0.0632297328125 0.4494362640625 0.0734104046875 0.45377251249999995 0.0940636875 0.4545790671875 0.08711724531250001 0.4479997359375 0.0741319453125 0.445215603125 0.06735569218750001 0.440581509375 0.060003825 0.44057133125 0.0446760875 0.43341855156250003 0.036011146875 0.42960305312499997 0.0188757078125 0.42979549375000003 0.0099838890625 0.4233863609375 0.003150871875 0.418103875 0 0.41765800156250005 0 0.42626906093750005
8 0.1545895546875 0.288740703125 0.153114040625 0.29148390625 0.1584036171875 0.31552845 0.1739888578125 0.3648133796875 0.1923345375 0.4148370953125 0.200632765625 0.355620290625 0.20066936875 0.34483386718750003 0.196648475 0.32688685 0.1855746671875 0.289951028125 0.18180088125 0.2860332546875 0.1658502734375 0.2857949328125 0.1545895546875 0.288740703125
3 0.13520540625 0.2748289484375 0.13436233749999998 0.2801296546875 0.13025528749999998 0.2892005515625 0.13000115 0.297498790625 0.13136815 0.3056551796875 0.1390790625 0.322839303125 0.1420294125 0.3304215953125 0.1429370625 0.34079608437500003 0.1460021953125 0.34558653281249996 0.1477626671875 0.339938309375 0.1454229703125 0.3318670203125 0.1451042765625 0.32449005937500003 0.1352427609375 0.301395996875 0.1339892140625 0.29453639531250003 0.1385934375 0.28367969843749996 0.1507356203125 0.29176454375 0.1533133125 0.28761882499999997 0.13953384062500002 0.2757570078125 0.13520540625 0.2748289484375
3 0.1461469875 0.254253534375 0.142888559375 0.250618409375 0.143618196875 0.24402089375 0.1401706734375 0.2382244015625 0.135155975 0.23692082656250002 0.12785554062499999 0.23189699375 0.12018751406249999 0.23387460937500001 0.11985137500000001 0.242765259375 0.1267638640625 0.23809061250000002 0.13196765625 0.24155555624999997 0.1384305484375 0.244474753125 0.139224740625 0.25355241875 0.1432233984375 0.26191415625 0.1420344078125 0.27072975625 0.1454441109375 0.2760939671875 0.145298365625 0.2669595703125 0.147913875 0.263246115625 0.1461469875 0.254253534375
3 0.156890821875 0.17913744843749999 0.143921690625 0.1802721 0.1353404828125 0.1792805375 0.1306479171875 0.1840923296875 0.1383881203125 0.184240853125 0.14660728437499998 0.1848285015625 0.1570582421875 0.1847853234375 0.162132434375 0.18303465624999998 0.1654342078125 0.1796967328125 0.1744747921875 0.1784702125 0.1770741578125 0.17083795468750002 0.1715405875 0.17480670625 0.1633214234375 0.17421905625 0.156890821875 0.17913744843749999
3 0.0428644078125 0.2661344859375 0.036196275 0.2571351359375 0.0396543890625 0.2742557421875 0.03711451875 0.278833740625 0.029122265624999998 0.2808397046875 0.0253989578125 0.2868279890625 0.0220376640625 0.2932201578125 0.025059121875 0.29843932500000003 0.0294571078125 0.29213546875 0.0327427359375 0.2848787421875 0.0431936953125 0.2848355625 0.0445122875 0.2812355734375 0.044344865625 0.2755877 0.0465065515625 0.26668700156249997 0.0516568453125 0.2396661 0.0486792921875 0.24297565 0.0458530171875 0.24801429375 0.0428644078125 0.2661344859375
3 0.1001866421875 0.408869903125 0.101645915625 0.39567486875 0.1044610890625 0.40544689843750004 0.10570961875 0.39357701875 0.096009946875 0.3835361609375 0.08896920781249999 0.3628088109375 0.0839383375 0.35758641562500004 0.08016613593750001 0.3540694765625 0.08176055625 0.3625683078125 0.08709392656250001 0.37124884687500004 0.0907466875 0.38312549218749997 0.0933944640625 0.387249628125 0.09800374843750001 0.395122371875 0.09864666562499999 0.40247095 0.092043115625 0.4091467953125 0.09368037968750001 0.4129237703125 0.1001866421875 0.408869903125
8 0.1901770921875 0.140870625 0.19633036875 0.138371696875 0.20151249999999998 0.1279788609375 0.1907806671875 0.121077359375 0.1800650046875 0.11809466875 0.1729642578125 0.126556309375 0.16013645468749999 0.1392509046875 0.164425034375 0.1434504015625 0.1901770921875 0.140870625
3 0.15574186406249999 0.1537622125 0.1585519953125 0.1448047828125 0.157077425 0.13603305000000002 0.15298063125 0.14834126718750001 0.15327210156249998 0.16661008125000001 0.15809770781250002 0.165752321875 0.15574186406249999 0.1537622125
11 0.8292871140625 0.2104332234375 0.8361171781250001 0.2212724203125 0.8424365625 0.2262745375 0.8887806093749999 0.2153579078125 0.8997859890625 0.2094935984375 0.9028829875 0.200073246875 0.8685338515625001 0.163213165625 0.8366447609375 0.1656763359375 0.8251769921875001 0.1970687125 0.8292871140625 0.2104332234375
8 0.79403535625 0.003020853125 0.7798071234374999 0.004701234375 0.755763828125 0.013400457812499999 0.7541764734374999 0.029158137499999997 0.7605960203125 0.039050396875 0.8557406421874999 0.03987346875 0.8619715578125 0.0214696109375 0.8401943093750001 0.0190190859375 0.8260472421875 0.014158684375 0.813002475 0.014428809375 0.8023679749999999 0.004905309375 0.79403535625 0.003020853125
3 0.8717463437499999 0 0.8767077406249999 0.008438971875 0.898749721875 0.0139153921875 0.908643990625 0.018712276562499998 0.9111188171875 0.0245938671875 0.9258654296875 0.0437759140625 0.9349705687500001 0.0582245734375 0.9382506718749999 0.058373175 0.9334522921874999 0.048339096875 0.9237743187499999 0.034811696875 0.9164577406250001 0.02586909375 0.9145935671875 0.01949850625 0.9073526265625 0.0114204296875 0.8961236203125 0.006304731249999999 0.8846460281249999 0.0020819421875 0.882038075 0 0.8717463437499999 0
3 0.9016384234375 0 0.9048560999999999 0.009025365625 0.913242684375 0.015260904687499998 0.916020059375 0.0246006375 0.938413028125 0.04529160625 0.941655309375 0.04500794375 0.9316909328125 0.0319411890625 0.9193596562499999 0.02169499375 0.917857521875 0.015728303125000002 0.9096438859375 0.0077353281250000005 0.9224345421875 0.0157634546875 0.91673910625 0.006679003125000001 0.90799048125 0.0000395671875 0.9079570203125 0 0.9016384234375 0
3 0.93015330625 0.027243495312499998 0.9348864000000001 0.0336461046875 0.9383682015625 0.039918840625 0.9446135140624999 0.046886203125 0.9468667390625001 0.0558362 0.960030140625 0.06905865624999999 0.9625794734375 0.064588715625 0.9512884359375 0.053162560937500006 0.9487190703125 0.046200309375 0.9452904500000001 0.0406199515625 0.9382872671875001 0.033392240625 0.93015330625 0.027243495312499998
3 0.93162510625 0.021641671874999997 0.9286828421875001 0.0160187765625 0.9246717343749999 0.014933915624999999 0.9249501812500001 0.015365290625 0.9299917343749999 0.025378106249999997 0.9423000703125 0.03442849375 0.9446262765625001 0.0414120046875 0.9546205140625 0.0464179578125 0.9497612328124999 0.0412894328125 0.9469770546875 0.03467265625 0.9406020234374999 0.0290233953125 0.93162510625 0.021641671874999997
0 0.29530894218750003 1 0.299356521875 0.646454571875 0.16460420781250001 0.660037259375 0.13640960625 1 0.29530894218750003 1
4 0.34930229218750003 1 0.38564145625 0.9790871750000001 0.3562912828125 0.800454178125 0.35042287656250004 0.793127196875 0.3171391625 0.8301276359375 0.3170240484375 0.978992278125 0.341428009375 1 0.34930229218750003 1