7 0.074462890625 0 0.07177734375 0.0712890625 0.07177734375 0.115234375 0.07373046875 0.1217447921875 0.075927734375 0.1236979171875 0.07958984375 0.1324869796875 0.08056640625 0.1539713546875 0.08544921875 0.1656901046875 0.08740234375 0.16796875 0.091552734375 0.1663411453125 0.18505859375 0.24348958281250002 0.189453125 0.26171875 0.193359375 0.2623697921875 0.199951171875 0.2584635421875 0.204833984375 0.2679036453125 0.207275390625 0.2672526046875 0.20849609375 0.263671875 0.216552734375 0.263671875 0.218505859375 0.259765625 0.218505859375 0.2552083328125 0.622314453125 0.251953125 0.625732421875 0.263671875 0.63037109375 0.2659505203125 0.642578125 0.2662760421875 0.64599609375 0.2685546875 0.650146484375 0.2666015625 0.654052734375 0.2688802078125 0.660400390625 0.2666015625 0.662109375 0.26953125 0.665283203125 0.2633463546875 0.73046875 0.2727864578125 0.730224609375 0.287109375 0.731201171875 0.2906901046875 0.736328125 0.2965494796875 0.740234375 0.298828125 0.741943359375 0.2965494796875 0.748291015625 0.2945963546875 0.755615234375 0.283203125 0.7587890625 0.2724609375 0.76513671875 0.2669270828125 0.76611328125 0.2513020828125 0.76416015625 0.1888020828125 0.761962890625 0.1627604171875 0.757568359375 0.0498046875 0.753662109375 0 0.074462890625 0
7 0.86767578125 0 0.86083984375 0.0055338546875 0.860595703125 0.013671875 0.86474609375 0.0445963546875 0.866943359375 0.0478515625 0.8916015625 0.142578125 0.892333984375 0.1712239578125 0.901611328125 0.1793619796875 0.907958984375 0.1985677078125 0.907958984375 0.20149739531250002 0.913818359375 0.197265625 0.928466796875 0.197265625 0.9296875 0.208984375 0.931396484375 0.2109375 0.93603515625 0.21223958281250002 0.93701171875 0.21647135468749998 0.9384765625 0.2177734375 0.95068359375 0.22037760468749998 0.95849609375 0.21907552031250002 0.961181640625 0.208984375 0.960205078125 0.20442708281250002 0.9609375 0.2021484375 0.964111328125 0.20084635468749998 0.966552734375 0.20182291718749998 0.9677734375 0.1969401046875 0.962158203125 0.1943359375 0.958984375 0.185546875 0.9609375 0.1624348953125 0.960205078125 0.158203125 0.954345703125 0.154296875 0.952392578125 0.1513671875 0.947021484375 0.1376953125 0.94775390625 0.130859375 0.945556640625 0.1266276046875 0.97900390625 0.08072916718749999 0.983154296875 0.07975260468749999 0.988525390625 0.09114583281250001 0.989990234375 0.09212239531250001 0.99365234375 0.08854166718749999 0.999755859375 0.08951822968749999 0.999755859375 0 0.86767578125 0
7 0.7763671875 0 0.77783203125 0.033203125 0.78125 0.07194010468749999 0.81201171875 0.1663411453125 0.812744140625 0.1715494796875 0.814208984375 0.1731770828125 0.81884765625 0.1735026046875 0.82421875 0.1715494796875 0.829833984375 0.1647135421875 0.83447265625 0.1663411453125 0.844482421875 0.1484375 0.845458984375 0.1432291671875 0.842041015625 0.07942708281250001 0.83837890625 0.0452473953125 0.839111328125 0.0358072921875 0.83642578125 0.0305989578125 0.833984375 0.0299479171875 0.82861328125 0.013997395312499999 0.82666015625 0 0.7763671875 0
7 0.8857421875 0.3255208328125 0.888427734375 0.3248697921875 0.8935546875 0.3157552078125 0.89697265625 0.3128255203125 0.89990234375 0.3118489578125 0.906005859375 0.3128255203125 0.90771484375 0.3115234375 0.906494140625 0.287109375 0.904541015625 0.2796223953125 0.904541015625 0.2666015625 0.90087890625 0.2548828125 0.896728515625 0.2516276046875 0.8896484375 0.25 0.877685546875 0.2526041671875 0.873046875 0.2506510421875 0.864501953125 0.2509765625 0.859375 0.24381510468749998 0.85791015625 0.236328125 0.85595703125 0.23372395781250002 0.845458984375 0.23274739531250002 0.84326171875 0.23600260468749998 0.8427734375 0.2802734375 0.852294921875 0.302734375 0.861572265625 0.3167317703125 0.8857421875 0.3255208328125
7 0 0 0 0.1884765625 0.005859375 0.1969401046875 0.00830078125 0.1959635421875 0.013427734375 0.1985677078125 0.01513671875 0.1780598953125 0.01611328125 0.1409505203125 0.021728515625 0.09993489531250001 0.02294921875 0.052734375 0.0224609375 0.0224609375 0.0234375 0.013346354687500001 0.02197265625 0 0 0
7 0.789794921875 0.22884114531250002 0.796142578125 0.23665364531250002 0.798583984375 0.2548828125 0.8037109375 0.265625 0.808837890625 0.2711588546875 0.814697265625 0.2877604171875 0.816650390625 0.2864583328125 0.818359375 0.2815755203125 0.8193359375 0.2727864578125 0.82373046875 0.259765625 0.8212890625 0.2515625 0.8203125 0.22037760468749998 0.819091796875 0.2177734375 0.813720703125 0.21549479218749998 0.812255859375 0.2080078125 0.81201171875 0.1891276046875 0.810302734375 0.1875 0.806396484375 0.1897786453125 0.80419921875 0.1888020828125 0.796630859375 0.1819661453125 0.797119140625 0.1735026046875 0.795166015625 0.1715494796875 0.790771484375 0.1708984375 0.788330078125 0.1735026046875 0.78955078125 0.1842447921875 0.79150390625 0.1904296875 0.787841796875 0.20930989531250002 0.789794921875 0.22884114531250002
7 0.1681296390625 0.304904621875 0.1534836421875 0.27496516875 0.11442749062499999 0.3270338546875 0.1193095703125 0.3647838546875 0.1437194828125 0.330939128125 0.1681296390625 0.304904621875
5 0.079833984375 0.8639322921874999 0.098388671875 0.8681640625 0.11767578125 0.8694661453125001 0.348876953125 0.8704427078125001 0.373291015625 0.8694661453125001 0.381591796875 0.87109375 0.401123046875 0.8697916671874999 0.408203125 0.8678385421874999 0.424560546875 0.869140625 0.755615234375 0.8623046875 0.76513671875 0.8531901046874999 0.769775390625 0.830078125 0.7666015625 0.826171875 0.7666015625 0.8053385421874999 0.763671875 0.7845052078125 0.762451171875 0.7828776046875 0.7509765625 0.7802734375 0.74853515625 0.7718098953125 0.751953125 0.6686197921875 0.7568359375 0.6578776046875 0.757080078125 0.6529947921875 0.763671875 0.6513671875 0.775146484375 0.6396484375 0.779052734375 0.6389973953125 0.779541015625 0.6328125 0.787109375 0.623046875 0.787109375 0.5960286453125 0.748046875 0.5341796875 0.748046875 0.5185546875 0.7509765625 0.505859375 0.751708984375 0.4915364578125 0.75439453125 0.4827473953125 0.754638671875 0.4677734375 0.755615234375 0.4664713546875 0.754150390625 0.4645182296875 0.585693359375 0.4576822921875 0.583984375 0.4541015625 0.5791015625 0.453125 0.575927734375 0.4462890625 0.572998046875 0.4436848953125 0.5595703125 0.4397786453125 0.5517578125 0.4319661453125 0.5393879390625 0.426540690625 0.537109375 0.4231770828125 0.5322265625 0.4202473953125 0.529052734375 0.4140625 0.52587890625 0.4156901046875 0.506103515625 0.4137369796875 0.490478515625 0.408203125 0.485595703125 0.4114583328125 0.478515625 0.408203125 0.470458984375 0.4085286453125 0.4677734375 0.4111328125 0.464111328125 0.412109375 0.457763671875 0.4114583328125 0.44921875 0.4134114578125 0.380859375 0.3997395828125 0.352783203125 0.3958333328125 0.35107421875 0.3922526046875 0.343994140625 0.3889973953125 0.341552734375 0.3837890625 0.33154296875 0.376953125 0.321044921875 0.3779296875 0.31103515625 0.373046875 0.30615234375 0.3675130203125 0.298828125 0.3645833328125 0.290771484375 0.3649088546875 0.282958984375 0.3704427078125 0.2685546875 0.384765625 0.26708984375 0.3899739578125 0.259521484375 0.4046223953125 0.25830078125 0.4228515625 0.257080078125 0.4270833328125 0.2470703125 0.439453125 0.2431640625 0.451171875 0.24365234375 0.4537760421875 0.23828125 0.4606119796875 0.236328125 0.4599609375 0.235595703125 0.466796875 0.236572265625 0.4710286453125 0.234130859375 0.482421875 0.234619140625 0.4860026046875 0.2265625 0.5068359375 0.22119140625 0.515625 0.21728515625 0.5257161453125 0.216796875 0.529296875 0.21826171875 0.5322265625 0.21923828125 0.5419921875 0.21923828125 0.5475260421875 0.21728515625 0.5552571609375 0.091796875 0.650390625 0.08447265625 0.6458333328125 0.080078125 0.6448567703125 0.075927734375 0.640625 0.06884765625 0.6389973953125 0.064453125 0.6399739578125 0.06201171875 0.6614583328125 0.0615234375 0.6852213546875 0.063720703125 0.7024739578125 0.06396484375 0.7301432296875 0.0595703125 0.7444661453125 0.0576171875 0.7776692703125 0.056640625 0.8440755203125001 0.061767578125 0.8522135421874999 0.07080078125 0.8587239578125001 0.079833984375 0.8639322921874999
7 0.8633266609374999 0.6355416671875 0.9004296875 0.6121106765625 0.896523925 0.5652486984375 0.90238256875 0.5131800125 0.892618653125 0.4650162765625 0.866255615625 0.455904296875 0.8437985843750001 0.4715247390625 0.831105225 0.5301025390625 0.83012890625 0.5769641921875001 0.8330581046875001 0.5899814453125 0.8525859375 0.6173177078125 0.8633266609374999 0.6355416671875
11 0.999755859375 0.8750585937500001 0.00146484375 0.8662109375 0 0.937541015625 0.999755859375 0.937541015625 0.999755859375 0.8750585937500001
7 0.8457512203125 0.8750585937500001 0.99611694375 0.877661784375 0.998069825 0.84772233125 0.9883056640625 0.7878430984375 0.999755859375 0.704533203125 0.9707307125 0.6811018875 0.935580078125 0.6928177078125 0.896523925 0.7136451828125 0.8867600093749999 0.764412434375 0.936556640625 0.7995585937499999 0.8721140140625 0.8360068359374999 0.8691850578125001 0.8334033203125 0.840869140625 0.8373085937500001 0.8457512203125 0.8750585937500001
3 0.084474853125 0.7134339187500001 0.10043481406250002 0.7043151046875 0.11981469687499999 0.6853173828125 0.1352045890625 0.6746787109375 0.1751042484375 0.6822776687500001 0.2446437984375 0.6875970046875 0.253763915625 0.670119140625 0.3210234375 0.637443034375 0.34154345625000004 0.6260442703125 0.3535131828125 0.6047669265625 0.3409733890625 0.6047669265625 0.331853515625 0.6055266921875 0.303923584375 0.6237646484375 0.29309350625 0.63136360625 0.2697236328125 0.6427623703124999 0.2554738765625 0.651881184375 0.2423640140625 0.66251985625 0.219563965625 0.6640397140625 0.19904418906250002 0.66251985625 0.180234375 0.6655595703125 0.1648442390625 0.661760090625 0.13862451250000002 0.6572005203125 0.1095546875 0.6640397140625 0.084474853125 0.681517578125 0.06784082031250001 0.6881002609375 0.0662348640625 0.7073548171875 0.06680493125 0.71039453125 0.084474853125 0.7134339187500001
3 0.3387241203125 0.6564407546875 0.3672238765625 0.650361328125 0.39800366249999997 0.6412425125000001 0.443033446875 0.6420026046875 0.4732434078125 0.620724934375 0.5159931640625001 0.6435221359375001 0.5365129390625001 0.6435221359375001 0.5598828124999999 0.6382028 0.572992675 0.630603840625 0.5918027343750001 0.630603840625 0.62258251875 0.62984375 0.654502196875 0.6344033203125 0.654502196875 0.6116061203125 0.647092284375 0.6047669265625 0.6391123046875 0.6032470703125 0.6214423828125 0.6047669265625 0.5969326171875 0.5994472656250001 0.5809729 0.589568684375 0.5826826171875 0.556892578125 0.555892821875 0.5530927734375 0.5405029296875 0.5758903 0.5479128421875 0.6024869796875 0.5439230953124999 0.6100862625000001 0.528532959375 0.6131256515625 0.513713134375 0.6116061203125 0.5023132328125001 0.60704655 0.4880632328125 0.6024869796875 0.46811328124999996 0.6040068359374999 0.436193603125 0.6138857421874999 0.42707348593749994 0.60856640625 0.3860339359375 0.61692545625 0.338154053125 0.63972265625 0.338154053125 0.6420026046875 0.33473413125 0.6541611328125 0.3387241203125 0.6564407546875