7 0.36666400625 0.343156325 0.358232259375 0.3283314703125 0.331729309375 0.2980583390625 0.2768217609375 0.3035020421875 0.266342578125 0.30656733125 0.2621036046875 0.31061331875 0.2610551 0.3146512875 0.26232499531250003 0.3384117296875 0.263871721875 0.3624703921875 0.26614055 0.3723786578125 0.2712255578125 0.37871779375000003 0.2760043296875 0.3821432921875 0.29367645625 0.3891233515625 0.3078270953125 0.3882906875 0.33899705625 0.374213234375 0.3650047171875 0.3577325359375 0.368903428125 0.35044917343750004 0.36666400625 0.343156325
7 0.12070135468750001 0.198477503125 0.117735209375 0.20762673281250002 0.1137966078125 0.2519007578125 0.11532316718749999 0.2687606328125 0.11912610625 0.2745798921875 0.1340795125 0.288391978125 0.1576221828125 0.2904999390625 0.2065571109375 0.2889571234375 0.22419875312499998 0.2660557953125 0.1670736796875 0.18959702812499998 0.1475210234375 0.192058190625 0.1387460828125 0.192653159375 0.12070135468750001 0.198477503125
7 0.21480993437499998 0.3822288625 0.21166175312500002 0.3616167703125 0.1935885703125 0.3570922078125 0.1841630640625 0.38021422031249996 0.1650141765625 0.384844728125 0.225262653125 0.4256339734375 0.21480993437499998 0.3822288625
7 0.2254729453125 0.390270634375 0.23846771093750002 0.41115672343750004 0.2587423203125 0.3985543109375 0.259905040625 0.37225341875 0.24180894843749998 0.348750903125 0.23121885781249998 0.36087020000000003 0.23673593125 0.37599750468750004 0.2254729453125 0.390270634375
7 0.165570859375 0.520915359375 0.1438307875 0.5259789078125 0.1338415859375 0.5739897859374999 0.1419811640625 0.595386125 0.160004346875 0.5987276703125 0.165570859375 0.520915359375
7 0.336846875 0.855917965625 0.3486296859375 0.8707945953125 0.36020805624999996 0.9062278609375 0.37819421875 0.9278981984374999 0.3842493515625 0.8827580906250001 0.371099896875 0.8697417968750001 0.3642840328125 0.8796207734375001 0.3612719265625 0.8603033421875 0.34827708125 0.8394172125000001 0.336846875 0.855917965625
7 0.653405503125 0.695975834375 0.650010878125 0.694041428125 0.6414447125 0.6942871390625001 0.51147233125 0.7095843578125 0.4980408625 0.714923828125 0.4867421171875 0.7288766156250001 0.48562556093750003 0.7322671093750001 0.48275225624999996 0.7469709171875001 0.483568884375 0.7547406203125 0.4861918328125 0.7610112140624999 0.49460341406249997 0.7686372828125 0.527451584375 0.782205121875 0.646287359375 0.7520400296875 0.6567648562499999 0.7326092234375 0.6607841249999999 0.717130340625 0.6583111390624999 0.7052796484375 0.653405503125 0.695975834375
7 0.7481899015625 0.675212234375 0.7055880234374999 0.683290325 0.6670617359375 0.7511658109375 0.6648966734374999 0.7585942734375 0.665713303125 0.766363975 0.667340253125 0.7678295453125 0.7618344046875001 0.8050310109375 0.7654084 0.804000740625 0.7725656296875 0.7973568359375001 0.79044103125 0.70350285 0.78881239375 0.6856717640625 0.7852614984375 0.6752436187499999 0.7801332249999999 0.6731641109375001 0.7481899015625 0.675212234375
7 0.8667690125 0.651947709375 0.8494867203125 0.6580192312500001 0.829213496875 0.66833288125 0.8169729453125001 0.6850031671875 0.8081967593750001 0.7206208546874999 0.8108121562499999 0.7478403328125001 0.8144218640625001 0.7634993171875 0.8208431328125 0.777880853125 0.8348639734375001 0.7898270734375 0.849319159375 0.77554253125 0.88069914375 0.726093103125 0.8834317234375 0.7123860265624999 0.8782227828125 0.681511375 0.8702997421875001 0.6551770671875 0.8667690125 0.651947709375
7 0.5962082359374999 0.9599108578125 0.6058897125 0.99129736875 0.6306556375000001 0.988694365625 0.6341708203125 0.9824332546875001 0.6335969953125 0.9746380328124999 0.6240331453125 0.9537132015625 0.6018342875 0.9386987609374999 0.5980901609375 0.9381103421875 0.594827021875 0.9397625671875 0.5962082359374999 0.9599108578125
7 0.9201770234375 0.8722425250000001 0.9093373640625 0.884121540625 0.9191133015625 0.918167028125 0.9425359328124999 0.9261766250000001 0.97541570625 0.9214119078125 0.9793184687500001 0.911839209375 0.968247240625 0.8999135 0.9489436609374999 0.9124138015625001 0.9336975328125 0.9074715640625 0.9297330015625 0.8790917359374999 0.9201770234375 0.8722425250000001
7 1 0.89153674375 0.9977362296875001 0.86566565625 0.9813583421875001 0.8359649078125001 0.9695244187500001 0.840154528125 0.9683011625000001 0.844865490625 0.968943040625 0.8533081890625 0.978721975 0.8879575953125001 0.9913107828125 0.9049640374999999 0.9962008734375001 0.90477738125 0.999017053125 0.90120825 1 0.8947247859375 1 0.89153674375
7 0.9526629734375 0.6890711484375001 0.962157084375 0.6929829859375001 0.9649392375 0.6890901171875 0.9720561359375001 0.668048640625 0.9675294062500001 0.66001425625 0.9541117984374999 0.6584786796875 0.9474851265625001 0.677177434375 0.9483404015625 0.682979190625 0.9526629734375 0.6890711484375001
7 1 0.7312626109375 0.9973870890625 0.729212459375 0.9895014484375 0.7359329234375 0.9877585609375 0.7403711875 0.9878173734375 0.745602028125 0.9915182343750001 0.750450075 1 0.753403925 1 0.7312626109375
7 0.8521230234375 0.850598671875 0.8450638156249999 0.8565090046874999 0.8537188015625 0.884463221875 0.8664228953125 0.9119245843750001 0.8669052578124999 0.8791505265625 0.8521230234375 0.850598671875
11 0.967072040625 0.1628431359375 0.9618247249999999 0.112918265625 0.8976329125 0.1344146890625 0.9037211218750001 0.18064572343750002 0.967072040625 0.1628431359375