4 0.14794921875 0.32421875 0.0666003421875 0.34005110625 0.073435059375 0.4572060546875 0.1613110359375 0.407740559375 0.14794921875 0.32421875
4 0.3683078609375 0.5248955078125 0.368896484375 0.4658203125 0.3214406734375 0.4871455078125 0.308747559375 0.5600419921875 0.3429213859375 0.58347298125 0.3683078609375 0.5248955078125
4 0.231611815625 0.7683173828125 0.2218479 0.6251279296875001 0.20654296875 0.6318359375 0.1808391109375 0.6706884765625001 0.17009863281249998 0.7487916671875 0.1779099125 0.791748371875 0.231611815625 0.7683173828125
4 0.612407959375 0.6889124343749999 0.4766884765625 0.682403971875 0.4747355953125 0.759205403125 0.6036203609374999 0.752696940625 0.612407959375 0.6889124343749999
4 0.423828125 0.451171875 0.401505615625 0.5079733078124999 0.43665600624999995 0.515783528125 0.446419921875 0.47282682343750004 0.423828125 0.451171875
4 0.45716039999999997 0 0.493408203125 0.0003255203125 0.57628125 0.06148274687500001 0.6846616203125 0.021129557812499998 0.6885671390625 0 0.45716039999999997 0
4 0.8369799796875 0.9010930984375 0.869201415625 0.86464485625 0.8711540531249999 0.7566018875 0.8516259765624999 0.65897265625 0.8046875 0.6236979171875 0.7237177734375 0.7435846359375 0.7295759281249999 0.8503258468749999 0.76570288125 0.8854723312500001 0.8369799796875 0.9010930984375
4 0.8789653312500001 0.9271276046875 0.862060546875 0.9036458328125001 0.8311218265625 0.9336360671874999 0.846744140625 0.9635755203124999 0.8750598140625 0.9622737625 0.8789653312500001 0.9271276046875
4 0.7803488765625 0.9115068359375 0.7412929687500001 0.877662109375 0.7139536125 0.8698515625000001 0.6739211421875 0.8958860671875 0.6885671390625 0.95055826875 0.7451984859375 0.9596705734375 0.7803488765625 0.9115068359375
4 0.6387709953125 0.8242913406250001 0.6573225093749999 0.764412434375 0.469853515625 0.76180891875 0.49035791093750003 0.942748046875 0.5811630859375 0.932334309375 0.6387709953125 0.8242913406250001
4 0.40185546875 0.8564453125 0.4073640140625 0.9167135421875001 0.43763232343749997 0.910205078125 0.425915528125 0.8503258468749999 0.40185546875 0.8564453125
4 0.38490673750000004 0.6784986984375 0.3800246578125 0.7605071609375 0.3927180171875 0.802162109375 0.40931664999999995 0.699326171875 0.38490673750000004 0.6784986984375
4 0.092962890625 0.8607395828125 0.06494140625 0.8385416671874999 0.011921875 0.8854723312500001 0.00996899375 0.9896100265625 0.07441137656249999 0.9778945312499999 0.092962890625 0.8607395828125
4 0.8291689453125001 0.37780110625 0.82666015625 0.3779296875 0.8115937499999999 0.4962578125 0.8672485343749999 0.5027662765625001 0.8662719718749999 0.39862858125 0.8291689453125001 0.37780110625