7 0.5891989640624999 0.9862112671875 0.588759196875 0.979965209375 0.583046734375 0.9465393671875001 0.5830645296875 0.9411899234375 0.5779573046875 0.9223240171875 0.567393703125 0.8689708953125 0.562103209375 0.84714055 0.559211384375 0.8411265125 0.5593206109375 0.83508779375 0.55514753125 0.8256946421875 0.5562451078125 0.821766328125 0.5536271671875 0.8093414765625001 0.55366316875 0.80298558125 0.5481534031249999 0.7845466921875001 0.5441805734375 0.7640825578125 0.5446923406249999 0.757616821875 0.5472354234375 0.7523525375 0.5480214828125 0.7438189765625001 0.5461171921875 0.731229365625 0.543170753125 0.7282346890625 0.539163146875 0.7271554171875 0.5335259484375 0.7157616984375 0.52840174375 0.7109312140624999 0.5260411140625 0.7104739578125 0.5162312453125 0.6940300749999999 0.5083794625 0.6784704671874999 0.5077746328125 0.6682535203125 0.5034368953125 0.6592324640625 0.494488759375 0.6606301375 0.49238462656250004 0.663454496875 0.49159815937499995 0.66764506875 0.49240446406249994 0.679820003125 0.48854534843749997 0.7010900359375001 0.48861898281249994 0.705750203125 0.50009566875 0.7391816046875 0.504837578125 0.7651476015625 0.531290053125 0.8742993296874999 0.5537345124999999 0.9780287953125001 0.5573039859375 0.9902339687499999 0.559847884375 0.9936556640624999 0.5655206749999999 0.994350496875 0.5870034000000001 0.989724903125 0.5891989640624999 0.9862112671875
7 0.4601910328125 0.605406634375 0.46611991093749994 0.6050400953125 0.46891948906250003 0.603057428125 0.4726159859375 0.6038744406250001 0.47444623437500005 0.6074608953125 0.4746481171875 0.613761871875 0.47968130000000003 0.623624621875 0.4790594890625 0.62744309375 0.482189196875 0.6334022109374999 0.4840016484375 0.6423381078125 0.48575867031250003 0.645607384375 0.49047992812499996 0.6465218968750001 0.4943774921875 0.64495390625 0.5011664734375 0.6450569640625 0.5034356703125 0.6462034953125 0.5141950343749999 0.6407127499999999 0.5407933953125 0.5497148593750001 0.5355575140625 0.5248651546875001 0.5317137468750001 0.51472780625 0.5327380984375 0.510482315625 0.528947721875 0.48429664062500005 0.5386277125000001 0.48172775625 0.5408414796875001 0.4772076671875 0.5400173781250001 0.470382175 0.5331527234375 0.443904003125 0.5313046781249999 0.44566699062500004 0.520470865625 0.43781158906249995 0.5129306015624999 0.426857228125 0.5109729203125 0.43031594375 0.5018233109375 0.42975563125000005 0.4543753046875 0.44672336718750005 0.44597616249999994 0.4483283796875 0.4451528765625 0.4501888671875 0.44804429375000004 0.4518599140625 0.4494720015625 0.45587338437499997 0.447935065625 0.45789863124999997 0.44671046406250003 0.4732151046875 0.449419428125 0.48060769218750005 0.46183189062499996 0.54088380625 0.4571749609375 0.5429611921874999 0.44297195 0.5445697984375 0.43366982031249995 0.5437106140625 0.42539933437500005 0.5512994250000001 0.4260405734375 0.559503465625 0.4286576984375 0.563242340625 0.43235419531249997 0.564059353125 0.43694842968750003 0.576362025 0.44554945312500005 0.5810579890625001 0.4520099359375 0.5905912203125 0.45102199374999996 0.5928238046875001 0.45248651874999996 0.5991673609375 0.45523148437499994 0.6002040531249999 0.4601910328125 0.605406634375
7 0.3471482140625 0.5075596953125 0.33691923125 0.5099212421875 0.331337871875 0.508537134375 0.3249882484375 0.5103371437499999 0.3168460109375 0.5195667609375 0.31347882656250003 0.518005553125 0.3086297296875 0.5197932234375 0.3066902546875 0.5222454859375001 0.307166428125 0.5264786359375 0.31317098125 0.5524872109375 0.3276296984375 0.57821440625 0.330758590625 0.5754875453125 0.331197540625 0.573047621875 0.3643709171875 0.542003109375 0.36636500625 0.5365314875 0.3618075890625 0.5265588984375 0.3608006265625 0.5211119562500001 0.353315384375 0.5114812265625 0.3471482140625 0.5075596953125
1 0.6166843875 0.2088013421875 0.627993559375 0.2122039140625 0.635459371875 0.20981212968750002 0.64546826875 0.20215605937499997 0.6523304750000001 0.20257629375000002 0.657728565625 0.2009959640625 0.6784968234375001 0.18784915 0.7092905515625 0.1486678546875 0.7193350406250001 0.1303129 0.716370396875 0.1283246734375 0.7122899703125001 0.1312712140625 0.648336584375 0.1527176859375 0.637082434375 0.15063874375 0.6333309140625001 0.14849810000000002 0.6204483984375 0.1491336796875 0.5957991484375 0.145470071875 0.5788908203124999 0.146032834375 0.5725225843749999 0.14449630625 0.5650017484375 0.1455644609375 0.5641234421875 0.14610131875000001 0.5646178203125001 0.149328015625 0.5671253109375 0.1547626171875 0.56330138125 0.16099077343749998 0.5594402265625 0.1605458578125 0.55067454375 0.1562219921875 0.549064790625 0.16227304843749998 0.5367866968749999 0.1687825875 0.5385255140625 0.1730583171875 0.5383062437499999 0.17644977343749998 0.540154696875 0.179029775 0.5476937375 0.17695516718749998 0.552103884375 0.17760742031250001 0.5594066734375 0.192959690625 0.5592788328125 0.195661871875 0.562225271875 0.1986565515625 0.5690510703125 0.2010896921875 0.6166843875 0.2088013421875
1 0.2705854734375 0.126005971875 0.30844655312499997 0.1282898046875 0.4270063234375 0.126308459375 0.431874034375 0.127857328125 0.46376941875 0.12817761562500002 0.46753832656250005 0.12062582656250001 0.4477668296875 0.03064484375 0.44390445156249997 0.017170959375 0.44227567656250005 0.015542490624999999 0.440043296875 0.01672604375 0.4338761265625 0.0128045140625 0.4171688640625 0.0109822703125 0.40507322500000004 0.01177026875 0.39870498906249996 0.0102337421875 0.250027915625 0.0445585484375 0.25334211875 0.066511075 0.260042115625 0.09336134375 0.26081160468750003 0.1032061953125 0.2625686265625 0.10647547187499999 0.26533301875 0.119534678125 0.2705854734375 0.126005971875
1 0.32230288749999997 0.1698579890625 0.3346724125 0.162659175 0.34019875 0.162719653125 0.347249478125 0.1570828640625 0.35889969375 0.1547272828125 0.3623396953125 0.152262678125 0.363986265625 0.1485417046875 0.341624009375 0.14067518750000002 0.33862255 0.136356878125 0.3394454265625 0.1301534015625 0.337725221875 0.129214209375 0.3321438625 0.1278301 0.3007060390625 0.128406425 0.2903124 0.1311400703125 0.28711028125000004 0.133549753125 0.2889678359375 0.135626528125 0.2833798234375 0.160803584375 0.2808424 0.16138939531250002 0.2772494703125 0.15921213750000002 0.2747974109375 0.15944415625 0.27505390625000004 0.1627257734375 0.27739633124999996 0.1641894828125 0.2825383328125 0.1636705234375 0.289839896875 0.16599382499999998 0.29898950625 0.1665541390625 0.3009658 0.166431959375 0.30219162499999996 0.1641444546875 0.30951139375 0.16546130312500001 0.31000618125 0.173030990625 0.32230288749999997 0.1698579890625
1 0.24849669375 0.10738564843750001 0.2359928 0.047798810937500005 0.1760462046875 0.0616385734375 0.1759369765625 0.067677290625 0.1899049875 0.1292646953125 0.2190003859375 0.127224659375 0.246302353125 0.123928253125 0.2504378015625 0.1223053453125 0.24849669375 0.10738564843750001
1 0.1919642984375 0.2336914421875 0.200674959375 0.236691678125 0.2041881875 0.234544253125 0.20991518281250002 0.2278767390625 0.21121341875000002 0.21722043124999998 0.2196891734375 0.1903658015625 0.238644271875 0.1899998734375 0.2535446328125 0.16338985 0.2607230296875 0.134296396875 0.26242462187500004 0.131899053125 0.261783790625 0.128038 0.2593681390625 0.1262571140625 0.2508589546875 0.1252148640625 0.209576484375 0.1287321734375 0.168862028125 0.14013634531250002 0.14820340468749998 0.15158743125000002 0.13100380312499998 0.168253440625 0.11761115156249999 0.1927267125 0.11420878281249999 0.2062073796875 0.10683888906250001 0.2556827765625 0.10565069687499999 0.26898634375 0.1077370328125 0.27151142500000003 0.11260474218750001 0.2730602921875 0.12433384375 0.266343415625 0.130354153125 0.2652876015625 0.1379296015625 0.2612000875 0.138331325 0.252087090625 0.14389366406249998 0.2457916734375 0.1732993578125 0.2353279171875 0.1919642984375 0.2336914421875
1 0.14985013281249998 0.3443074421875 0.1327767390625 0.3408993109375 0.11945282500000001 0.3179168765625 0.12152014062500001 0.31276243125000003 0.117072359375 0.3010941140625 0.1036408515625 0.30152235625 0.0997432875 0.3030903453125 0.097328453125 0.3099954390625 0.080629759375 0.39937597812500003 0.080739803125 0.402023240625 0.08277111718749999 0.403224690625 0.0890293109375 0.40211395625 0.14308506875 0.4039997859375 0.15561925000000001 0.396428875 0.157193003125 0.3967337125 0.163101228125 0.3713156890625 0.162021446875 0.3698945578125 0.16101326093749999 0.35141864843750004 0.14985013281249998 0.3443074421875
8 0.3193287671875 0.45651998125000004 0.30875185625 0.4562891859375 0.29612583593749997 0.4602063828125 0.2945529 0.46858752499999995 0.2954866375 0.4737172890625 0.30359450625 0.48821552500000004 0.30527871093750003 0.4955106140625 0.307584725 0.498987228125 0.3337345015625 0.5026384937499999 0.338967934375 0.5014302609375 0.34410952968749997 0.4965683140625 0.34255234843750004 0.47788506562500005 0.3241786796875 0.4634182921875 0.3193287671875 0.45651998125000004
8 0.42015855625 0.4743338453125 0.41638924062499993 0.47754264375 0.4139553859375 0.47676820937500003 0.40568326718750003 0.4669850609375 0.39796095781249996 0.4660952296875 0.3906415953125 0.4691213703125 0.38696371093750004 0.4716408953125 0.3854085703125 0.47467259375 0.38293912343750003 0.48459704531250003 0.38264703437500003 0.4920143125 0.3831964359375 0.4965646421875 0.38936360468750003 0.500486171875 0.42554048125 0.495474915625 0.43026133125 0.4920464375 0.4325665296875 0.48683707343749993 0.4374876296875 0.47233761406249997 0.43686500156249997 0.4674701078125 0.4334796140625 0.466915353125 0.4304239484375 0.46995939218749994 0.42015855625 0.4743338453125
8 0.3683929546875 0.2629732890625 0.377029990625 0.2685541 0.3940812375 0.2628351953125 0.38490758281250004 0.25782387500000004 0.37876040781250003 0.26013420468750004 0.371782534375 0.2559526578125 0.3571925078125 0.2477360390625 0.3380662125 0.24591362656250002 0.332285565625 0.2512583765625 0.330457465625 0.2592552703125 0.312160753125 0.2581324390625 0.29844857343750003 0.2479308375 0.2802265078125 0.2543656171875 0.2772758484375 0.260393790625 0.26851814375 0.261524475 0.2544658453125 0.2585306375 0.24897706249999998 0.2593522359375 0.24529561875 0.2708960171875 0.2475430171875 0.2864179265625 0.2502983546875 0.2795437234375 0.25166225 0.26808943749999997 0.25905380624999996 0.266828565625 0.2781318234375 0.27133559687500003 0.2974259390625 0.2579696609375 0.3091618328125 0.2668451921875 0.33509367343749996 0.2648685546875 0.33980004375 0.25487048125 0.3521196375 0.25469970000000003 0.3683929546875 0.2629732890625
7 0.2968507078125 0.8761005421875 0.2969113484375 0.8867803875 0.30230240625000004 0.9101316234375 0.303679815625 0.91783400625 0.3174085671875 0.9130604015625 0.31933756562500004 0.8971089734375 0.31163561562500003 0.8828463390625 0.307450921875 0.8907634468750001 0.305548171875 0.8912027312499999 0.3034965375 0.8788437859375 0.2968507078125 0.8761005421875