8 0.3044658171875 0.26027232968749997 0.3120822328125 0.2566357921875 0.31468355 0.2502391625 0.307082578125 0.2470859546875 0.3033924953125 0.2484304453125 0.29952777343750003 0.25451207187499997 0.3004188109375 0.25901168281250003 0.3044658171875 0.26027232968749997
9 0.396219090625 0 0.390322346875 0.0074187921875 0.3713992765625 0.04698491875 0.3628198640625 0.05717495 0.3527869609375 0.078576859375 0.3495564890625 0.08884245625000001 0.339777828125 0.10653353437499999 0.33276223125 0.1239070640625 0.323692325 0.1387554796875 0.3182149140625 0.1539963734375 0.302522315625 0.18329690468749998 0.2994844734375 0.186062090625 0.2867141390625 0.21709768125 0.274626928125 0.23597447656249998 0.2702126484375 0.2469513765625 0.26433723750000004 0.257060746875 0.23128809062500003 0.306188809375 0.2124805984375 0.34125469062499997 0.20260689531249998 0.364709209375 0.180738478125 0.3972506140625 0.1688926140625 0.42323279375 0.16071884218750002 0.4506337578125 0.151828671875 0.4687979765625 0.145103296875 0.4769341234375 0.1347776265625 0.5035469453125 0.13243054999999998 0.5062327437499999 0.11622692187500001 0.538928465625 0.10413971250000001 0.5578052609374999 0.099050109375 0.562071803125 0.0968622328125 0.5668102109375 0.08788736875 0.5758951859375 0.07053591406250001 0.603775659375 0.06556953125000001 0.6156213625 0.061327346875 0.6178346578125 0.0608548421875 0.619729765625 0.05625828125 0.62336439375 0.052393557812500005 0.6294460203125001 0.04996688125 0.6311055140625 0.04364205 0.6483996546874999 0.037550925 0.6607197734375 0.030727959375000002 0.6705928906249999 0.026611540625000003 0.6844118171875 0.02495523125 0.687018228125 0.0202585328125 0.68836335625 0.01627823125 0.6989452296875001 0.0049793765625 0.7160056671875 0 0.7252219828124999 0 0.8903911984375 0.0758807 0.9093103828125001 0.1166903390625 0.8034910109375 0.1204369375 0.7978831625 0.1277273125 0.778061996875 0.13293249375 0.7692952078124999 0.23672585468750001 0.5090879359375 0.24246260312499998 0.49818914999999997 0.2800392203125 0.39860890625 0.279859484375 0.395293103125 0.2828177265625 0.39150161250000004 0.2943631828125 0.35865093593749997 0.296946509375 0.3550175828125 0.29781191875 0.35020106093750003 0.3101302859375 0.322323771875 0.3155871625 0.3058196828125 0.340521759375 0.2529071328125 0.43831533125 0 0.396219090625 0
9 0.388473865625 0.4238833984375 0.3954816609375 0.4253790234375 0.3981060625 0.42427205625 0.39857601875 0.418350478125 0.39474472656250004 0.414879084375 0.390440934375 0.41330279843750006 0.388941275 0.41393535000000004 0.386933134375 0.4219895625 0.388473865625 0.4238833984375
9 0.612440578125 0.5240087499999999 0.6270878718749999 0.5271575015625001 0.6436713468749999 0.53330514375 0.6498907875 0.5366171265624999 0.66481540625 0.5413447109375 0.6679944578125 0.5433954109375 0.6806875796875 0.546308546875 0.6935399 0.5512742921875 0.7023041421875 0.5524530046875 0.7353914953125 0.563721984375 0.7471781359375 0.56892525625 0.769939978125 0.57585849375 0.8081014890624999 0.5896506765625 0.8218012296874999 0.5925631765625 0.8284546468749999 0.5954801328125 0.8331718828125 0.5953981984375 0.8424522484375 0.6012346578125001 0.8475033249999999 0.5984681984375 0.8510778265625 0.6016239546875 0.8546112562499999 0.6022533218749999 0.85773124375 0.6045409109375 0.8623894171875 0.604695865625 0.8698722625 0.60832285 0.8912320375 0.6141516703125001 0.8955358328124999 0.61572795625 0.901834871875 0.62006624375 0.9045006859375 0.61852971875 0.8987328734375 0.6150153796875 0.900091321875 0.6095669421875 0.898902421875 0.6022253046875 0.8894243312500001 0.5958363171875 0.88186443125 0.5952094953125 0.8747770359375 0.592687565625 0.8372215953125 0.5697367515625 0.831138271875 0.563187715625 0.829636065625 0.5597937984375 0.8203557015625 0.5539573375 0.8163832015624999 0.5456700578125 0.811624890625 0.5432256046874999 0.8098068359375 0.5397529359375 0.791906065625 0.5261058375000001 0.782890209375 0.5171901437499999 0.7705874453125 0.5073291249999999 0.7630249984375 0.502675834375 0.7513179578125 0.49849886718749997 0.7411696375 0.4934524609375 0.7363933375 0.4937712828125 0.7335892015625001 0.4915624453125 0.7300172468749999 0.492433159375 0.7254566640625 0.490541234375 0.717878775 0.4926776890625 0.704022384375 0.49173904999999996 0.6907367203125 0.48817494687499996 0.682939934375 0.4874890625 0.674648196875 0.4844152421875 0.6677970531249999 0.48094575781250004 0.66640788125 0.4690251234375 0.66903228125 0.4679181578125 0.6700954140625 0.4636541625 0.6692043765625 0.45915455312500003 0.6652164328125 0.45765701718749996 0.6552247640625 0.45063675156249994 0.614536440625 0.43621456406250003 0.5988234671875 0.43330333750000005 0.564986284375 0.422350634375 0.557423840625 0.41769734375 0.55511274375 0.414856590625 0.5430693140625 0.4093376796875 0.5348571765625 0.4072901640625 0.5254817671875001 0.40721714374999995 0.521878765625 0.45261591093750003 0.5225361000000001 0.46208954531249996 0.5209824734375 0.471011925 0.5220507015625 0.47480086874999994 0.52156020625 0.47945925312500004 0.5244259546875 0.48545767343749996 0.5242102390625 0.4876684203125 0.5278643421875 0.49185048125 0.545849884375 0.49910254218750005 0.55291674375 0.500361278125 0.59133504375 0.5144691 0.612440578125 0.5240087499999999
9 0.36461800312500003 0.43479364531250003 0.368369696875 0.43723873593749996 0.445226834375 0.46671757343750003 0.44745833125 0.4685320203125 0.45375482343750007 0.46884383906249993 0.456933875 0.4708945390625 0.4700995 0.471912565625 0.4725287234375 0.4742795421875 0.47766194687499997 0.47656585781249994 0.4954882921875 0.4817653078125 0.502357425 0.4824715171875 0.5049561953125 0.47204841875000003 0.5063275375 0.455783765625 0.5053774359375 0.45152104375 0.508073796875 0.43936097500000004 0.5090702265625 0.423254459375 0.5052183984374999 0.41851987187499995 0.5072805078125 0.40217583125 0.4994612734375 0.3972069015625 0.492432940625 0.3944480828125 0.4764631796875 0.39122121718749997 0.45763021718749997 0.386022403125 0.43988601875000005 0.3858757265625 0.4234026796875 0.3820175828125 0.4116160390625 0.37681431249999997 0.40855511250000004 0.37428983437499996 0.3776196578125 0.36380899843750003 0.359297725 0.35521499218749997 0.3571252921875 0.35316365625 0.34561597499999996 0.3495392171875 0.33205489843749997 0.347416134375 0.3272195375 0.347971846875 0.31442882656250004 0.34679568125000004 0.30894631875 0.3539836375 0.30375657968750003 0.3559606796875 0.2994809640625 0.367726996875 0.29415765625 0.3769675625 0.289137303125 0.39710309375 0.291330275 0.4004176234375 0.2945093265625 0.4024683234375 0.2939392328125 0.40610040312500006 0.3000020203125 0.411386246875 0.305078728125 0.41793591875 0.3284517375 0.423763465625 0.346791659375 0.42959419375 0.3497139234375 0.4313292546875 0.36461800312500003 0.43479364531250003
9 0.68038703125 0.0711851421875 0.6761217625 0.0681087734375 0.6717152859375 0.0602165203125 0.6701360281250001 0.0598227671875 0.6624888890625 0.04609023125 0.6631334875 0.03543151875 0.6564595328125 0.031251367187500004 0.6552346531250001 0.0294362828125 0.6470430515625 0.0286519609375 0.640310034375 0.024708698437500003 0.6333227765625 0.0244762671875 0.6288803187500001 0.022110565625000002 0.6212022937499999 0.021957521875 0.60535065625 0.018256879687499998 0.5949506421875 0.020947771875 0.5925855765625 0.026396846875 0.592356965625 0.039423809375 0.5932916234375 0.0504762765625 0.5966889390625 0.0543426984375 0.6559765203125 0.0789377234375 0.6707034125 0.0831127796875 0.6786998359374999 0.08737104375 0.6828649687499999 0.0881579140625 0.6838048828125001 0.07631475625 0.68038703125 0.0711851421875
9 1 0.1562180421875 0.99412768125 0.15167400312499998 0.99385035625 0.1500951703125 0.9918756484375001 0.1485963625 0.9880263671874999 0.14788824375 0.9828956906249999 0.149628396875 0.9799143656249999 0.148130225 0.9758878953125001 0.148132771875 0.9669284749999999 0.1504280015625 0.9629405312499999 0.1489304671875 0.9586572734375001 0.148617375 0.9553421078125 0.149803728125 0.9523017171875001 0.14854244375 0.950188346875 0.14625421875 0.9486039953125 0.1378075265625 0.9448882828125 0.1298358859375 0.932469940625 0.12447511250000001 0.9264867515624999 0.12021557499999999 0.867910471875 0.09680435625 0.8603300375 0.09491434062500001 0.856008253125 0.09610133125 0.850084128125 0.0916049046875 0.8404108562499999 0.0886898578125 0.835000309375 0.0848247109375 0.8302625375 0.0836434515625 0.827499471875 0.083961 0.8236091203125 0.08072649531250001 0.81663985 0.0777307875 0.813304146875 0.077653946875 0.8025241234375 0.0724500390625 0.7961300421875 0.073875190625 0.7911996375 0.0801943421875 0.7870781265625 0.08596033125 0.7868238843750001 0.08967116093750001 0.7930458703125 0.0970096140625 0.7991753640625 0.1141379765625 0.8019024484375 0.11934697812499999 0.8052201625000001 0.12218709531250001 0.8146366437499999 0.1247865015625 0.8222581515625 0.129202903125 0.8498964296875 0.1381068171875 0.8531345437500001 0.13992062968750002 0.8583062921875 0.1407068609375 0.8639736296875 0.1448876484375 0.8784848078125 0.151273453125 0.88873071875 0.1545828890625 0.9216434265625001 0.170589003125 0.928453496875 0.17153210000000002 0.936899340625 0.1686055921875 0.9386943125 0.1667885984375 0.9414393875 0.169234325 0.9389151218749999 0.1726307890625 0.9413443453125 0.1749977640625 0.9454504140625 0.176021521875 0.9476998999999999 0.1750726953125 0.9515311921875 0.17854408906250002 0.9561508375000001 0.18019912656249998 0.9607679375 0.1778276921875 0.9643013671875 0.1784570609375 0.9665944734374999 0.18406108906250002 0.9664583578125001 0.18729814218750002 0.9707416156249999 0.187611234375 0.9727368609375 0.1903732375 0.97737704375 0.1932914671875 1 0.20108813906249998 1 0.1562180421875
9 0.73654060625 0.32094873281249997 0.7386719671875001 0.32047368125000003 0.7392240703125 0.319604878125 0.7372082875 0.31557968281250004 0.7319569375 0.31376714375 0.7306960796874999 0.31747861093749996 0.7316641703125 0.31897805625000003 0.73654060625 0.32094873281249997
9 0.668031721875 0.2902803578125 0.6684387140625 0.2940302453125 0.6664575578124999 0.29793954375 0.668393740625 0.300938434375 0.6721248953125001 0.30212033125 0.676878109375 0.29651184375 0.6782570953125 0.2923266 0.6754324203125 0.28885456875000004 0.6710901 0.288778365625 0.668031721875 0.2902803578125
8 0.88944721875 1 0.8925756640625 0.9909021984375 0.9076367203125001 0.9304956046875 0.9146655328125 0.840408734375 0.9043939921874999 0.8277831656249999 0.7509107125 0.790773559375 0.6501462921875001 0.7845212671875 0.6423654234375 0.8090008171875 0.64694876875 0.87807953125 0.6081216390625 0.9665285562499999 0.6659635328125 0.9834663062500001 0.70622549375 1 0.88944721875 1
8 1 0.3475766703125 0.9750395140625001 0.3358773953125 0.86970448125 0.2806787359375 0.893560503125 0.2388199265625 0.853026765625 0.12555172187500002 0.7958654515625 0.09242870625 0.660832578125 0.048696643750000004 0.6357570921875 0.034896182812499996 0.5351725671875001 0.00101113125 0.49678244375 0.0002459109375 0.45484854375 0.0136940078125 0.4705639046875 0.051580265624999996 0.567591915625 0.0795462859375 0.6718356375 0.1256663375 0.72366855 0.1599769796875 0.7262619046875 0.20339806718750003 0.7120485890625 0.1998542890625 0.6701919015625 0.179353659375 0.644923784375 0.173053609375 0.5903430890625 0.1632193328125 0.549705865625 0.19837797343750002 0.57231615 0.2153380109375 0.6444740437500001 0.24213550625 0.6724127281250001 0.2579079171875 0.690208028125 0.3076354203125 0.7557535765625001 0.3340423484375 0.7860675171875 0.3604715609375 0.8278597265625001 0.43505326718750004 0.8346137625000001 0.34741403437499996 0.831686084375 0.399523159375 0.8651712734375 0.4468722265625 0.9119583656250001 0.46105370468749995 0.91030189375 0.4946086796875 0.9109052578125001 0.5123721406249999 0.9226661093749999 0.5392078421875001 0.9518887375 0.5565584484375 0.9945286859375001 0.56718978125 0.9944132671875 0.540741465625 0.9527492109375 0.5127404234374999 0.9429528828124999 0.471297653125 0.9182371890625 0.402231675 0.9875191453125 0.4069248734375 1 0.404954190625 1 0.3475766703125