7 0.3921302015625 0.9824126421875 0.3941659234375 0.9764912859375 0.40196809062499994 0.9434905984374999 0.40407466718749996 0.9385733640625 0.40674493749999996 0.9192116531250001 0.4178678171875 0.8659723171874999 0.4215276859375 0.8438102171875 0.42121561874999996 0.837144340625 0.42367567812500007 0.8316283500000001 0.423504534375 0.8213513562499999 0.42604977499999996 0.81816418125 0.4284947234375 0.8057041343750001 0.431011309375 0.79986756875 0.43314419062500004 0.7807416453125 0.43748315625 0.7603519999999999 0.44048060468749994 0.7546002234375 0.44487844374999996 0.7507480859375 0.44893634374999997 0.7432000390625 0.45210258750000004 0.730867175 0.45056049062500003 0.7269592953124999 0.44729317343749997 0.724399925 0.4465559859375 0.711709321875 0.44372655156249996 0.7052606515625001 0.4417322453125 0.7039173734374999 0.43912734843749995 0.684947678125 0.43797936875000004 0.6675570484375 0.4414147 0.657915971875 0.4409465984375 0.6479171578125 0.43216368125000004 0.6457074078125 0.42912325156250003 0.6474850953125 0.4267619171875 0.6510352375 0.4227469984375 0.6625573734375 0.41088380156250004 0.680628665625 0.409130709375 0.68494714375 0.406632365625 0.720205209375 0.40085159375 0.745959846875 0.382552246875 0.8567703468750001 0.3626821484375 0.961023571875 0.361198925 0.9736531984375001 0.362203634375 0.977796865625 0.367153971875 0.9806529984375001 0.3887362875 0.9847890874999999 0.3921302015625 0.9824126421875
7 0.4221699984375 0.581472715625 0.42777077812500003 0.5834519125 0.43112249374999995 0.582720740625 0.4342059046875 0.584917140625 0.43448931875 0.5889336234375 0.4322131640625 0.5948125859375 0.43299255 0.605857915625 0.4309281734375 0.6091298765625 0.43148067343749996 0.6158381484375 0.42965751093750004 0.624771865625 0.42999745 0.6284677734375 0.43398606093750003 0.6311543281249999 0.43818645 0.6312338859375 0.44439547343749997 0.6339814171875 0.4460362953125 0.6359234500000001 0.45808574531249996 0.6350732109375 0.518125375 0.5617020187499999 0.5230152734375 0.5367819234375 0.5234380453125 0.525948565625 0.5260398125 0.5224408171875 0.532782309375 0.4968557578125 0.5426965312500001 0.49827336093749997 0.5465004546875 0.49497758437500006 0.548408796875 0.488372684375 0.5524356953125 0.46131716406249995 0.5500457062499999 0.46221791406249996 0.5431424781249999 0.4507538703125 0.5404818390624999 0.43772411250000004 0.53732835625 0.44014295 0.529125028125 0.4360521421875 0.478819084375 0.4331316125 0.47046050624999997 0.4313272265625 0.4689757171875 0.43271813124999997 0.47098435 0.4353861046875 0.47073037500000003 0.439638375 0.468524290625 0.4409020953125 0.4614124171875 0.45452249375 0.46101751718750006 0.4623858828125 0.44889149375 0.5227202734375 0.44379306874999996 0.5228129109374999 0.43009059531249993 0.51874408125 0.42186365 0.5143185671875 0.4112854421875 0.5180725671874999 0.4086701328125 0.5258749796875 0.40961831406250004 0.5303392234375 0.41270172499999996 0.5325356234374999 0.41212370312499996 0.5456554046875 0.418206128125 0.5533387484375 0.420428103125 0.564638446875 0.41864635781250004 0.56630753125 0.41751583593749997 0.572719040625 0.4196375203125 0.5747458640625001 0.4221699984375 0.581472715625
7 0.35634538125000004 0.4472347859375 0.3460068234375 0.44541181874999997 0.34140996874999996 0.4419569296875 0.334861790625 0.4411328515625 0.32376052187500004 0.4464473328125 0.32127102500000004 0.4436945703125 0.31610890937499997 0.44344543593749997 0.3133654375 0.4449449421875 0.31214973437500004 0.449027634375 0.30751459375 0.4753148203125 0.310771496875 0.5046462984375 0.31471712812499997 0.5033587640625 0.3160745375 0.501284315625 0.3587408484375 0.48566956093749997 0.36271434999999996 0.48141205937500003 0.36241582656250004 0.47045151875 0.363617203125 0.4650441296875 0.3604900265625 0.4532542796875 0.35634538125000004 0.4472347859375
1 0.721188925 0.27754244375 0.73026958125 0.28509337343749996 0.73807644375 0.28580885 0.7502811453125 0.2826721875 0.7564336421875 0.28574029375 0.76202009375 0.28639479375 0.7862742468749999 0.2824078921875 0.8299293734375001 0.2583733875 0.8463472265625 0.2454022578125 0.8443951203125 0.2424137078125 0.8394877624999999 0.2435316640625 0.77223855625 0.238284665625 0.7626913640625 0.2319736421875 0.7600744875000001 0.2285373328125 0.747967728125 0.2240887875 0.7267094593750001 0.21108518906249998 0.7109253734375 0.20499660468749997 0.70566375 0.20109395624999998 0.6983234234375 0.19913857343750002 0.6973051703125 0.1992895703125 0.696499478125 0.2024529296875 0.696684165625 0.20843526093750003 0.6907306859375 0.21267418125 0.687350315625 0.2107559609375 0.6809709328125 0.203350796875 0.6771248109375 0.20829184375 0.6632792859375 0.20948647187499997 0.663209215625 0.21410171249999999 0.661682228125 0.2171378875 0.6623756515625 0.220235040625 0.6701259875 0.2212710921875 0.6739306953125 0.22359467500000002 0.6746543375 0.24057994218749998 0.6734808343750001 0.2430173625 0.67502293125 0.24692524374999997 0.68035540625 0.2518320125 0.721188925 0.27754244375
1 0.44350875468749995 0 0.44232783906249995 0.004594428125 0.438003984375 0.031928128124999997 0.4348656125 0.041291024999999995 0.43520555156249996 0.044986932812500005 0.43264755 0.058088131249999994 0.43495392343750006 0.066097284375 0.4689128671875 0.082993065625 0.578821884375 0.12749422187499998 0.58269744375 0.130821928125 0.6119321546875 0.143579275 0.6183521703125 0.138100446875 0.6353107828125 0.047547175000000004 0.6370201109375 0.033635246875000004 0.636157109375 0.031499821875 0.6336397421875 0.0317170265625 0.6294950953125 0.025697534374999997 0.6148279875 0.017492104687500003 0.6033859968749999 0.013491317187499999 0.5981243734375 0.00958866875 0.54374433125 0 0.44350875468749995 0
1 0.46542570625 0.1266708828125 0.47962471406249996 0.1248774984375 0.48468810468749995 0.12709248125 0.493380803125 0.124658728125 0.50502528125 0.12704250625 0.5091548171875 0.1261179421875 0.51212439375 0.1233361328125 0.494613521875 0.1073573359375 0.4935379609375 0.1022095484375 0.49671931562499994 0.096820740625 0.4955028296875 0.095284071875 0.490905975 0.0918291828125 0.46174211875 0.08007595625 0.45110660312500006 0.078531171875 0.4472174984375 0.0794981296875 0.4481159265625 0.082135615625 0.4331346734375 0.1031278078125 0.43057006875 0.1026755984375 0.42811348281250006 0.09926755312499999 0.42576569218750004 0.09852303125 0.42471956874999994 0.101643996875 0.4263038640625 0.10390660625 0.431239875 0.1054380421875 0.43705321562500005 0.1104296015625 0.4452565421875 0.114520409375 0.44712346875 0.115180140625 0.449145646875 0.11355344999999999 0.455368996875 0.117625678125 0.45286673750000006 0.124786940625 0.46542570625 0.1266708828125
1 0.3661887921875 0 0.359413859375 0.037572578125 0.3869934203125 0.047063193749999996 0.4134130234375 0.054696564062499994 0.41785384375 0.054818517187500006 0.421896634375 0.040326414062499996 0.4298440546875 0 0.3661887921875 0
1 0.3205066859375 0.13450254374999998 0.3273526046875 0.1406678015625 0.3314256140625 0.1400638125 0.339302546875 0.13616405 0.34466133125 0.126862128125 0.36295624375 0.105454053125 0.3805474828125 0.112523559375 0.40466070312499997 0.0938509390625 0.42263616875 0.0698750984375 0.425139209375 0.068333196875 0.4260579546875 0.0645286859375 0.424530184375 0.061945501562500005 0.41710467656250005 0.0576613015625 0.37772964062500003 0.0447686546875 0.335795821875 0.039357846875000005 0.3123051625 0.041826659375000005 0.2899609171875 0.05044738125 0.26807044687500003 0.067742221875 0.259671234375 0.0788218296875 0.233555634375 0.121484525 0.22726377968749997 0.133266259375 0.2281976328125 0.13640580625 0.23207319375000002 0.1397335109375 0.2454943796875 0.13813351875 0.25144864375 0.139513959375 0.260019 0.1387113453125 0.2639495203125 0.1304797546875 0.271529496875 0.1268581703125 0.30268609375 0.128715953125 0.3205066859375 0.13450254374999998
1 0.2385192765625 0.2198697921875 0.2241347984375 0.210061484375 0.22085002343750001 0.183699975 0.224767 0.179763046875 0.2252319703125 0.1672844171875 0.2127008734375 0.16243050781249999 0.20850048437500002 0.16235095 0.2035795828125 0.167763571875 0.153284596875 0.2435140921875 0.152351525 0.24599390781250002 0.15375191562499999 0.24789354531250002 0.159946609375 0.24931638125000002 0.20896834531250003 0.2721735625 0.2234643109375 0.27010199687499997 0.2247938484375 0.270997515625 0.24016401250000002 0.2499086296875 0.2397253484375 0.2481785671875 0.2460164203125 0.23077747343750002 0.2385192765625 0.2198697921875
8 0.3506802484375 0.3893825578125 0.34103433125 0.38503738125 0.3278814484375 0.3837098 0.3231587796875 0.3908100875 0.3220139296875 0.3958969 0.3238123515625 0.41241059375000005 0.32251225156249996 0.4197838296875 0.3232765265625 0.42388510156250003 0.3459208609375 0.437463640625 0.3512103546875 0.438396321875 0.35784293125 0.43592985625 0.36370966718750003 0.418123396875 0.3524492328125 0.397627496875 0.3506802484375 0.3893825578125
8 0.4365341296875 0.44517764218749994 0.431810678125 0.4466585671875 0.4298728984375 0.44499471562500004 0.42608095312499994 0.43275710468749995 0.4193202140625 0.4289206640625 0.41140030000000005 0.4288463390625 0.4070303328125 0.429728509375 0.40441423906249996 0.43191156093750005 0.398263309375 0.44008217656250004 0.39509628124999996 0.4467956796875 0.393824053125 0.45119894687500006 0.3979686984375 0.457218440625 0.43322774375 0.46674098593749996 0.4389129203125 0.4654296390625 0.44307032812499997 0.46153510625000005 0.4532656140625 0.450111109375 0.45459436875000003 0.4453872671875 0.4516948625 0.44355383593750003 0.44769270624999996 0.4451619453125 0.4365341296875 0.44517764218749994
8 0.471468790625 0.23039279375000002 0.47723862656250005 0.238904715625 0.4951689375 0.2403028890625 0.48868262187499995 0.2321055125 0.48212140000000003 0.2318302875 0.47733209375 0.2252546828125 0.4671123921875 0.2119904671875 0.45021861875 0.20283968749999998 0.44280914375 0.205500878125 0.43800173437499995 0.21214776249999998 0.421598246875 0.2039650953125 0.4129622015625 0.189216696875 0.39367443281250003 0.1880200140625 0.3886029421875 0.1924160625 0.3800996390625 0.1900349546875 0.368334215625 0.1817884421875 0.362960740625 0.180400090625 0.3550614390625 0.18958774218750002 0.3510652875 0.2047538625 0.356287553125 0.199502721875 0.36201857187500003 0.1894919125 0.36931519687500003 0.191219384375 0.3851155671875 0.2028225046875 0.40809838125000003 0.19805790625 0.41543338125 0.2108134546875 0.4400761 0.219126328125 0.4483148953125 0.21176197812500003 0.45972187187499997 0.216418421875 0.471468790625 0.23039279375000002
7 0.1660459 0.766825621875 0.1619287734375 0.776680165625 0.1577672140625 0.8002815453125001 0.1560255640625 0.8079098234375 0.17052814375 0.8088799484375 0.178536515625 0.7949503 0.1770196875 0.7788120843749999 0.1700741953125 0.78446473125 0.1681510625 0.78412563125 0.17109155 0.7719475234375001 0.1660459 0.766825621875