11 0.1763133421875 0.20361927500000002 0.2022573171875 0.23068142812499998 0.2721928171875 0.23819872343749998 0.310544728125 0.22466763437499998 0.397400278125 0.232184878125 0.5496793640625001 0.23669527499999998 0.62074311875 0.23669527499999998 0.64668694375 0.262253953125 0.7290305296875 0.262253953125 0.8249100046875 0.2652608515625 0.8587498015625 0.2562401578125 0.8519817812499999 0.22166073593750002 0.8892055890625 0.19309510937500002 0.8395738453125 0.1870812890625 0.7042146578125 0.1780605703125 0.44928792656249994 0.1585156875 0.20851884375 0.1391323640625 0.1943613453125 0.15701223749999998 0.15488148125 0.16603295625 0.1763133421875 0.20361927500000002
9 0.310302734375 0.2542317703125 0.47802734375 0.2711588546875 0.63720703125 0.2828776046875 0.638916015625 0.2825520828125 0.6435546875 0.2711588546875 0.638671875 0.2610677078125 0.630859375 0.2513020828125 0.614013671875 0.2470703125 0.549072265625 0.24088541718749998 0.32421875 0.22819010468749998 0.30322265625 0.22819010468749998 0.2943865359375 0.2449358609375 0.2958511515625 0.26446234375 0.30463873124999996 0.26576408749999997 0.310302734375 0.2542317703125
3 0.0331718734375 0.3978931265625 0.0385420671875 0.39724223125 0.048306071875 0.401798409375 0.058558268749999996 0.4089581 0.0692986953125 0.4115616375 0.0790626984375 0.41676868906250003 0.0995670921875 0.41937222656250006 0.0932205109375 0.41221250937500004 0.0805272765625 0.408307228125 0.074180696875 0.403100178125 0.06685769375 0.40244928125 0.052211687500000006 0.3939878203125 0.0439122625 0.38943164218750004 0.026825256250000002 0.3881298984375 0.0185258671875 0.38097018125000004 0.012179249999999999 0.375112259375 0.0009506687499999999 0.372508721875 0.0019531140625 0.3810221359375 0.0082736703125 0.3829228234375 0.0155966734375 0.38943164218750004 0.019502253125 0.3952895890625 0.0331718734375 0.3978931265625
8 0.21435546875 0.330078125 0.21533203125 0.3193359375 0.212890625 0.3011067703125 0.205078125 0.2633463546875 0.20166015625 0.2591145828125 0.185791015625 0.2574869796875 0.17431640625 0.2594401046875 0.172607421875 0.2620442703125 0.17578125 0.2864583328125 0.18701171875 0.3369140625 0.200927734375 0.3883463546875 0.21435546875 0.330078125
3 0.1539402515625 0.27036105625 0.153289328125 0.2634183046875 0.1588222546875 0.25300420468749996 0.1702135921875 0.2621165453125 0.1731427984375 0.2582112640625 0.1604495875 0.24519362500000003 0.15621850937499998 0.24389184843749998 0.1549166625 0.24909890625000003 0.1500346609375 0.25777733281250004 0.14905825 0.26602184375000004 0.1497091734375 0.27426633749999996 0.15589304843750001 0.29205712031250003 0.1581713296875 0.29986769999999996 0.1581713296875 0.31028181718750003 0.160807284375 0.31532118124999997 0.1630533328125 0.3098478859375 0.1614259984375 0.3016033921875 0.16175146093749998 0.2942267265625 0.1539402515625 0.27036105625
3 0.162076921875 0.223046590625 0.1653315890625 0.231725015625 0.16337879375 0.2404034421875 0.16630799999999998 0.24604441562499998 0.16695892343750002 0.236932075 0.1698881296875 0.2334607078125 0.16891172031249999 0.2243483515625 0.1659825140625 0.22044306875 0.1672843859375 0.21393425000000002 0.1643551796875 0.2078593453125 0.159473178125 0.2061236703125 0.1526383796875 0.20048267968750003 0.144827171875 0.2017844578125 0.143717440625 0.21061197968749998 0.151011046875 0.206557584375 0.15589304843750001 0.2104628828125 0.162076921875 0.21393425000000002 0.162076921875 0.223046590625
3 0.19104347187499998 0.15479370625 0.1946236015625 0.15175625312500002 0.20373668125000002 0.1513223390625 0.20699135000000002 0.1439456734375 0.2011329375 0.147417040625 0.19299626718750001 0.1461152796875 0.18616147031250002 0.1504544921875 0.1731427984375 0.1504544921875 0.164680665625 0.1487188015625 0.15958658125 0.15310329843749998 0.1672843859375 0.153925859375 0.17542105624999998 0.15522762031249998 0.1858360078125 0.1560954671875 0.19104347187499998 0.15479370625
3 0.06531213125 0.24236966875000002 0.06563759218750001 0.2367286953125 0.06856679843749999 0.22805027031249997 0.07605252031250001 0.20158106875 0.0727978515625 0.2046185140625 0.069543184375 0.2093916578125 0.06498666875 0.2271824234375 0.05912825625 0.2176361515625 0.0610810515625 0.234993003125 0.058151846875 0.2393322171875 0.0500151765625 0.2406339765625 0.045784123437500004 0.24627496718750003 0.04187850625 0.2523498546875 0.0444335859375 0.2578125 0.049364253125 0.251915940625 0.053269843750000004 0.24497318906249999 0.063684796875 0.2458410359375 0.06531213125 0.24236966875000002
3 0.1024903046875 0.34790145781250004 0.1047685625 0.3522406703125 0.10867415312499999 0.36048518125 0.10867415312499999 0.3678618296875 0.10151389375 0.373936734375 0.1028157421875 0.3778420328125 0.1096505640625 0.37437065 0.11225430781250001 0.3613530109375 0.11420707968749999 0.37133321406249997 0.11648538593749999 0.35961731874999997 0.10769774375 0.3487692875 0.1024903046875 0.3275071703125 0.0979337390625 0.32186617968750003 0.09448241406249999 0.3180338546875 0.0953300453125 0.3266393078125 0.09988656093750001 0.3357516484375 0.1024903046875 0.34790145781250004
3 0.0064045375 0.2337801625 0.010635590625 0.2337801625 0.00900825625 0.2164233109375 0.0112865390625 0.21078232031250002 0.0090331953125 0.1997612859375 0.00607905 0.205141346875 0.0057535890625 0.2120840984375 0.004777203125 0.21902683281250002 0.0064045375 0.2337801625
8 0.2350721140625 0.1033796140625 0.224982625 0.095569034375 0.21456769687500002 0.0916637609375 0.2067564890625 0.0994743328125 0.19287109375 0.1110026046875 0.19677734375 0.1155598953125 0.22265625 0.115234375 0.22900390625 0.11328125 0.2350721140625 0.1033796140625
3 0.18722848125 0.125075678125 0.19080861093749998 0.116397253125 0.190104159375 0.1075303828125 0.1849502234375 0.11943470468749999 0.18364835156249998 0.137659403125 0.188530353125 0.13722548750000002 0.18722848125 0.125075678125
11 0.912109375 0.2503255203125 0.923583984375 0.24544270781250002 0.927490234375 0.236328125 0.896484375 0.1966145828125 0.864501953125 0.1962890625 0.850341796875 0.2265625 0.853271484375 0.240234375 0.859130859375 0.2516276046875 0.864990234375 0.2571614578125 0.912109375 0.2503255203125
8 0.8944896109375 0.07262922968749999 0.90230081875 0.0548384640625 0.8808200156250001 0.0504992515625 0.8671503953125 0.044424346875 0.8541317234375001 0.0435565171875 0.84436771875 0.0331424 0.83623105 0.030538878125000002 0.8219105046875 0.030972793749999998 0.7972005140625 0.037543403125 0.794245828125 0.053102771874999996 0.799778778125 0.0635168890625 0.8944896109375 0.07262922968749999
9 0.90478515625 0.0364583328125 0.91455078125 0.0247395828125 0.917236328125 0.017578125 0.915771484375 0.014973957812499999 0.908447265625 0.012369792187500001 0.833740234375 0.0078125 0.830078125 0.0087890625 0.827392578125 0.013346354687500001 0.826904296875 0.021484375 0.876708984375 0.0348307296875 0.892333984375 0.0374348953125 0.90478515625 0.0364583328125
3 0.9509887609375 0.062234296875 0.9640074328124999 0.0826286015625 0.971818640625 0.09781584531250001 0.975073309375 0.0982497609375 0.9711677171875 0.087835659375 0.9627055609375 0.07351624375 0.956196225 0.0639699890625 0.9548943781249999 0.0574611703125 0.9483850421875 0.04878274375 0.937644628125 0.0427078390625 0.9265787515625 0.03750078125 0.9151874140625 0.026652748437500002 0.9123535078125 0.0310329859375 0.9181166203125001 0.043141753125 0.9395974234375 0.05051841875 0.949035965625 0.056159392187500004 0.9509887609375 0.062234296875
3 0.9382955515625 0.032293721875 0.943503040625 0.0361990203125 0.946106759375 0.04617920625 0.9539179671875001 0.053121956250000005 0.9558707625 0.0626682125 0.9763751812500001 0.085232121875 0.9796298484375001 0.085232121875 0.97084223125 0.0713466375 0.95945089375 0.06006469062499999 0.9584745078125 0.0539897859375 0.9509887609375 0.0453113609375 0.9630310468750001 0.0544237171875 0.9581490453124999 0.0448774453125 0.9500123765625 0.03750078125 0.9448048874999999 0.030124115624999996 0.9422011687499999 0.021011775 0.93341355 0.009295896875 0.9225260343749999 0.00010850781250000002 0.9249514187500001 0.0079941359375 0.93341355 0.016238646875000002 0.9366682171875 0.0244831421875 0.9382955515625 0.032293721875
3 0.9958386000000001 0.11079278749999999 0.9987678125 0.10656204531249999 0.988515596875 0.09419529062500001 0.9865628078125 0.0870355984375 0.9836335953124999 0.0811776515625 0.977286996875 0.0733670765625 0.9697198874999999 0.06653280781250001 0.973876946875 0.07332356875 0.9767987937499999 0.0798758953125 0.9824130953125 0.08736105937500001 0.9838777015625 0.0964733796875 0.9958386000000001 0.11079278749999999
3 0.981194215625 0.074749125 0.9829029171875 0.081908803125 0.992422825 0.0877667625 0.988029015625 0.0822342390625 0.9858321218749999 0.07539998437499999 0.979973715625 0.06921659999999999 0.9716743171875001 0.0610805765625 0.9692333171874999 0.055222642187500004 0.965332025 0.05379231875 0.9655718156249999 0.0542463203125 0.969721509375 0.06466043437499999 0.981194215625 0.074749125
0 0.2873556734375 0.6284100359375 0.15193232343750002 0.6301966 0.08850455625 0.9996744796874999 0.2505869796875 0.9996744796874999 0.2873556734375 0.6284100359375
4 0.3443214265625 0.9672971 0.33065183125000003 0.7867858187500001 0.32544434375 0.7789752546875001 0.289062484375 0.812934028125 0.2759734 0.9612221625 0.30135982031249997 0.9872574406249999 0.3443214265625 0.9672971