7 1 0.2780202625 0.993577371875 0.2737701859375 0.9290713921875 0.25936380625 0.8630689437499999 0.23387369218749998 0.80249183125 0.21214384531250002 0.7345322109375 0.19962626562500002 0.6845211484375 0.18867865625 0.6020666109375 0.1727023078125 0.53420211875 0.15909741093750002 0.44248826093750004 0.14559691875 0.3818712 0.1337217296875 0.304692209375 0.1138253515625 0.2533494515625 0.1180962796875 0.177722053125 0.118051621875 0.1070147109375 0.089958928125 0.106934596875 0.10966789375 0.11308078125000001 0.1145868703125 0.1747589234375 0.133127103125 0.2327785125 0.13710784375 0.29521748125 0.1469518015625 0.3797939640625 0.1762578890625 0.4653364578125 0.21331568750000002 0.5619052390625 0.23709908125 0.6906171859375 0.2505505453125 0.7884372796875 0.2788246703125 0.8947708796875 0.33194086093749997 0.9952288515625 0.35825514375 1 0.3480504125 1 0.2780202625
3 1 0.23837784375 0.8525027265625 0.18868904687500002 0.7842520171875 0.1663862046875 0.7147665359375 0.14545982500000001 0.65446028125 0.134245096875 0.5976006234375 0.12184676406249999 0.5313581375 0.08932688125 0.46909819375 0.0749715953125 0.41738098125 0.06747729218750001 0.365534825 0.06145684999999999 0.3164907 0.0616201703125 0.254820784375 0.0532551171875 0.204928584375 0.05037493125 0.1492491625 0.0499577375 0.0794515515625 0.04533605625 0.064967003125 0.0707932359375 0.11187395468750001 0.0823208203125 0.1900570375 0.08025270625 0.26368793749999997 0.07927081875 0.34384503906249997 0.10558496718749999 0.3920410875 0.1023781453125 0.46346022187499997 0.101202753125 0.514220803125 0.13236847031250001 0.5973088546875001 0.1633928421875 0.6609324875 0.17489812968750001 0.7529216562500001 0.193338875 0.7820063187499999 0.204791703125 0.864504103125 0.2298258171875 0.9548717453125001 0.254063640625 0.9886375062500001 0.262956703125 1 0.2676097875 1 0.23837784375
9 0.7562293328125 0.32766565625 0.7633312 0.33612933125 0.7773322203124999 0.3497713046875 0.7881470140625 0.3494104203125 0.796918875 0.352791971875 0.8090227125 0.35450444999999997 0.8160920921875 0.3577370546875 0.819553796875 0.3573863859375 0.8363880234375 0.35265066875 0.8404617625 0.3481056109375 0.8443369046875 0.3458305265625 0.8461933687500001 0.341418246875 0.848066075 0.33962150156250004 0.8572351312500001 0.3384631046875 0.8618236640625 0.333636321875 0.861977646875 0.3290750921875 0.86037240625 0.32501348124999996 0.8368010203124999 0.311514503125 0.831292265625 0.3100522578125 0.826926584375 0.30672943125 0.8214745734375001 0.3046186203125 0.8144498078125 0.30367726875 0.7939875468750001 0.2966588234375 0.7812391875 0.2939096671875 0.7751426546875 0.290762175 0.7546277671875 0.289947646875 0.7228359171875 0.2835718125 0.7148829203125 0.2848366015625 0.7143397546875 0.285442609375 0.7163584328125 0.28757980625 0.7231562296875 0.291115415625 0.727266571875 0.29735678125 0.7316606250000001 0.300355325 0.7383206828125 0.311067696875 0.7456616453125 0.313997296875 0.74762358125 0.316783059375 0.7487019 0.3240662125 0.7562293328125 0.32766565625
9 0.3147348703125 0.239371728125 0.3168832765625 0.24282733125 0.323652703125 0.24668722187499997 0.3267172125 0.250876503125 0.33141121875 0.2532477609375 0.3347473109375 0.2571340390625 0.33863869687500003 0.257474490625 0.3567457234375 0.2521966 0.36736993125 0.24561051875 0.3759024765625 0.234920271875 0.3807138625 0.221943878125 0.3846457453125 0.21902023124999997 0.38869522968750003 0.2203548078125 0.392359646875 0.22328951562500002 0.3963645171875 0.22233284062499997 0.39777505625 0.214613903125 0.394037653125 0.2097122234375 0.390531334375 0.2077716390625 0.3863399953125 0.20805847187499998 0.38289041875 0.205469325 0.372574175 0.20293294843749998 0.36963939218749997 0.200062075 0.3617552640625 0.19773848125 0.3566315765625 0.19467610156249998 0.35149576250000003 0.1945535421875 0.34508303281249997 0.1894178 0.317583878125 0.184397821875 0.2767039703125 0.1726521859375 0.270510196875 0.1734173578125 0.26842264843749997 0.17486854375 0.2682970375 0.17910548906249998 0.2696874375 0.182821540625 0.27014960625 0.18874373125 0.2770245046875 0.1998016640625 0.2862301625 0.209429690625 0.28798137343749997 0.21742524375 0.28967172812499997 0.220514009375 0.305618440625 0.2343262078125 0.3099111375 0.2356820625 0.3147348703125 0.239371728125
9 0.0770855359375 0.29177529999999996 0.07676154843750001 0.317888096875 0.07798172187499999 0.3235498421875 0.08203120625 0.32488441875 0.0932999359375 0.31933501875000003 0.0946862203125 0.3174957171875 0.0970979765625 0.3095376125 0.10212831874999999 0.30246213125 0.10711816249999999 0.2986507515625 0.1137050140625 0.2877902765625 0.130101328125 0.271252734375 0.1370853734375 0.2558523078125 0.142646753125 0.25111063749999996 0.145176109375 0.24741075625 0.1443490140625 0.2316537109375 0.1415478546875 0.2160507203125 0.1386535703125 0.2099157453125 0.1320381265625 0.2014946265625 0.128130496875 0.19853864062499998 0.12402427187500001 0.1978526265625 0.1117094890625 0.1817440671875 0.103006496875 0.1747741328125 0.09778556875 0.17562441875 0.093569975 0.1817908875 0.0910852328125 0.18778202187499998 0.0865250703125 0.192284521875 0.07059070625 0.19513838125 0.06872211406249999 0.2024904796875 0.0678831109375 0.20927912656249997 0.0694883515625 0.2133407375 0.0697681671875 0.2241484390625 0.07107345312499999 0.2288373375 0.0709762140625 0.2327500015625 0.073886740625 0.241500509375 0.0761447359375 0.2577095078125 0.076639390625 0.2688627703125 0.0756301625 0.277597109375 0.0770855359375 0.29177529999999996
9 0.1081142359375 0.5617831343749999 0.11187589375 0.5608051796875 0.11884391718750001 0.5623950953125 0.11973165 0.5634530546875001 0.11847509375000001 0.5666107625000001 0.11952092656249999 0.568662846875 0.123266340625 0.56506935625 0.126342978125 0.5663188203125 0.1470159640625 0.568127471875 0.150777621875 0.56714951875 0.15417846875000002 0.5618920609375 0.155305296875 0.5574159453124999 0.16216373125 0.5462524671875 0.164907928125 0.542898146875 0.16875469999999998 0.5409473453125 0.171397540625 0.5359503359375 0.160205690625 0.5294161828124999 0.1582153828125 0.526954703125 0.13084184062499998 0.5176977796875 0.12189563750000001 0.5107065671875 0.11693005000000001 0.5086383125 0.1141087515625 0.504470309375 0.10858375312499999 0.500392528125 0.10593679687499999 0.49983418593750006 0.10383712187500001 0.5042251875 0.0980609015625 0.5086212984375 0.0894796265625 0.5114649390625 0.0855152546875 0.5091575171875 0.08488697656250001 0.510736371875 0.08385349375 0.5253503453125 0.0848629421875 0.53622188125 0.08477805000000001 0.556800603125 0.0858806234375 0.5582041234374999 0.0849523921875 0.5604102640625 0.08829649687499999 0.555801371875 0.0897841375 0.5556047578125 0.0985559984375 0.5589863109375 0.1051510828125 0.5592365421875 0.1081142359375 0.5617831343749999
3 0.3551808484375 0.370853534375 0.377074178125 0.3371359640625 0.355140184375 0.320370125 0.3147393671875 0.31089657187499997 0.2636327 0.33463487812500003 0.241257959375 0.3356466484375 0.195972259375 0.3183222921875 0.16788489374999999 0.333681459375 0.1562563984375 0.3519650828125 0.17631103125 0.377475071875 0.23615593437500002 0.38122600625 0.3113537984375 0.3878049671875 0.3551808484375 0.370853534375
9 0.9854810687500001 0.39085546875 0.98324755 0.38837271093750003 0.978983225 0.386692575 0.9745770453124999 0.386633846875 0.9636245125 0.39417149687499997 0.9608235734375 0.39817438125 0.957053903125 0.40764750625 0.9546421468749999 0.41560561093750004 0.954962459375 0.4231492125 0.9598349234375 0.4346854828125 0.9620968140624999 0.43684395781249996 0.9652018218749999 0.43776914062500005 0.9755990625000001 0.4337773171875 0.9801146109375001 0.42698356249999997 0.9846747734375001 0.4224810609375 0.9872162578125 0.4158413625 0.9854810687500001 0.39085546875
3 0.4753982609375 0.605028921875 0.5164176453125 0.60690279375 0.5369274578125001 0.607839740625 0.569570584375 0.6098385421875 0.5079551109375 0.59330195625 0.4605812703125 0.583155603125 0.4468296921875 0.578522778125 0.3757844375 0.5594466625 0.30417498125 0.5394634296875 0.2370354828125 0.51987159375 0.22483931250000003 0.5342373171875 0.2659449734375 0.5498369546874999 0.3215464234375 0.5615602328125 0.3517527078125 0.569347190625 0.395784775 0.5809160359375001 0.42704482656250004 0.5913674734375001 0.4753982609375 0.605028921875
3 0.406187546875 0.194054675 0.4003014796875 0.2143509984375 0.408664953125 0.23151274375000003 0.43833546874999996 0.249443296875 0.48483801406250004 0.2535117421875 0.5178518421875 0.2520184953125 0.5165855484375 0.22890579375 0.46099862812500003 0.20651754531250002 0.406187546875 0.194054675
7 0.049720265624999996 0 0.053560203125000004 0.033801859375 0.0761183109375 0.039061379687499995 0.1154684953125 0.040313448437499996 0.1838886296875 0.0287740859375 0.2675392984375 0.040473826562499995 0.4116018140625 0.0476010953125 0.487569690625 0.0531521078125 0.56812220625 0.0908686546875 0.67592249375 0.11782530625000001 0.7556041 0.146703146875 0.8169969421875001 0.1685043578125 0.9108729406249999 0.1854799546875 1 0.22724977656249998 1 0.1386725375 0.97646041875 0.1123545390625 0.9080904328124999 0.0669409890625 0.8171473812500001 0.02583688125 0.5218304625 0 0.049720265624999996 0