3 0.34141629375 0.1420180421875 0.3388125484375 0.1645990390625 0.3388125484375 0.20107601874999997 0.340114396875 0.23842150156250003 0.34662373281250003 0.26795050625 0.338161625 0.3217974984375 0.34141629375 0.357405975 0.3420672171875 0.3773814640625 0.354434965625 0.42688595625000003 0.3622461484375 0.45294095 0.3668027125 0.47986442812499996 0.36419896875 0.4989714625 0.34662373281250003 0.5293689546875 0.3479256296875 0.5519499359375 0.3550858890625 0.5736624296875 0.357038709375 0.60579689375 0.368755484375 0.6448793828125 0.368755484375 0.6014543953125 0.3668027125 0.5641089453125 0.35834055625 0.5432649374999999 0.36289707187500003 0.527631915625 0.37851948750000003 0.505050934375 0.379821384375 0.468573971875 0.3694064078125 0.42341197656249996 0.359642403125 0.406910534375 0.35834055625 0.3808555421875 0.35183122031249997 0.36001146875 0.351180296875 0.325271478125 0.3589914796875 0.299216484375 0.357038709375 0.2514489984375 0.34987840000000003 0.2288680171875 0.348576553125 0.2019445390625 0.348576553125 0.1619935296875 0.3505293734375 0.141149571875 0.3668027125 0.10814655468750001 0.36484989218749997 0.06559006875 0.36745363593749997 0.024770565624999998 0.35579425625 0 0.3550858890625 0.02303356875 0.357038709375 0.053431059375 0.3557368125 0.1046725578125 0.34141629375 0.1420180421875
3 0.36550081562500003 0.6744806046875 0.35834055625 0.6944561578124999 0.36289707187500003 0.7265905906250001 0.372661075 0.7439605859375 0.3720101515625 0.770015578125 0.371359228125 0.8203885906249999 0.3668027125 0.84904904375 0.3720101515625 0.8742355500000001 0.38828349218749997 0.889868571875 0.394792828125 0.9263455359374999 0.4006512390625 0.8855260734374999 0.3824250796875 0.8664190390625001 0.3778685640625 0.846443584375 0.38307605312500004 0.8290735874999999 0.38633072031250004 0.7691470921875 0.3843779 0.7326700953125 0.373962971875 0.7170370734375 0.374613896875 0.69358760625 0.379821384375 0.6675326125 0.379821384375 0.6406091 0.38828349218749997 0.6275816046875 0.41562273281250006 0.6267131171875 0.41438800625 0.588324653125 0.40520775468750003 0.612817134375 0.3733120484375 0.6180281203125 0.36550081562500003 0.6501626171875 0.36550081562500003 0.6744806046875
3 0.3485940515625 0.8678175453125 0.33843949375000004 0.8980413328125 0.33843949375000004 0.925659621875 0.329456628125 0.9496302265625 0.3247698875 0.9746430359374999 0.3286754890625 0.982980625 0.33336222968749996 0.9584889078125001 0.3431262328125 0.9438981171874999 0.3458601421875 0.9188853281249999 0.34664125 0.8943936296875 0.3552335921875 0.8740707484374999 0.3564052546875 0.8573955484375 0.3540619 0.8349882578125 0.35913919375000003 0.8131020609374999 0.3564052546875 0.758907678125 0.35800780312499997 0.73125 0.3489846359375 0.74588018125 0.3501562984375 0.8219607625 0.34664125 0.8329038515624999 0.3485940515625 0.8678175453125
3 0.37046544375 0.99444480625 0.37163710625 0.9996558046875 0.3817916640625 0.985586125 0.384525603125 0.9657843140625 0.384525603125 0.949109115625 0.3978046546875 0.940250434375 0.40131967187499995 0.926701825 0.39902342812499997 0.916796875 0.3911651140625 0.9319128234375 0.377495509375 0.94806693125 0.3786672015625 0.9626577234375 0.37046544375 0.99444480625
3 0.5934752859375 0.9720375375 0.6055826734374999 0.9636999078124999 0.619642803125 0.967868721875 0.6340935171875001 0.9673476296875 0.64815370625 0.9642210390624999 0.6387802875 0.9595311328125 0.6247200984375 0.9626577234375 0.6051920890625 0.955883409375 0.5934752859375 0.9642210390624999 0.5766811875 0.9517146343749999 0.5559814875 0.9636999078124999 0.5356723703124999 0.9762063109374999 0.5235650421875 0.9866283093750001 0.518164053125 0.9994791671875 0.532157353125 0.988191625 0.5571531796875 0.9751641281250001 0.5782434624999999 0.9610944078125 0.5934752859375 0.9720375375
7 0.575439453125 0.896484375 0.578369140625 0.8831380203125001 0.577392578125 0.8489583328125001 0.573947278125 0.834467146875 0.5673077671875 0.8329038515624999 0.5676982921875 0.820918559375 0.57550949375 0.8162286515625 0.5693359375 0.8102213546874999 0.5544192703124999 0.8136231531250001 0.5524664687499999 0.823002965625 0.537234646875 0.8276928531250001 0.5364534796875 0.84280475625 0.5387968640625 0.855311140625 0.5333290453124999 0.8662542500000001 0.5231744578125 0.8615643437499999 0.52122165625 0.84280475625 0.51171875 0.833984375 0.501708984375 0.8590494796874999 0.50146484375 0.8626302078125001 0.50927734375 0.892578125 0.52490234375 0.9108072921874999 0.575439453125 0.896484375
7 0.64892578125 0.9150390625 0.656982421875 0.904296875 0.65576171875 0.8958333328125001 0.64404296875 0.8831380203125001 0.630615234375 0.8782552078125001 0.622802734375 0.8785807296874999 0.61962890625 0.8805338546874999 0.62060546875 0.884765625 0.6279296875 0.8990885421874999 0.6416015625 0.916015625 0.64892578125 0.9150390625
3 0.7375604046875 0.9692860765625 0.744981053125 0.9713705234375001 0.7512300093750001 0.9625117828124999 0.766071278125 0.9625117828124999 0.7723202640625 0.974497075 0.7859898703125 0.9698071875000001 0.7973160906250001 0.974497075 0.8355909968749999 0.964075078125 0.8488700484375 0.953132028125 0.867616946875 0.961990690625 0.894565575 0.9614695781249999 0.9183897671875 0.9562585796875 0.9086257640625 0.9484420828125 0.88909775625 0.95365308125 0.88089596875 0.9505265296875001 0.8699602734375 0.95156869375 0.8434022000000001 0.9442732875000001 0.8332476421875 0.955737528125 0.79458218125 0.963554025 0.7762258656250001 0.96303289375 0.7684146625 0.953132028125 0.7473244078125 0.9541741921875 0.7231096609375001 0.9666805765625 0.7047533453125 0.9708493921875 0.6899120484375 0.96303289375 0.683691396875 0.9688802093750001 0.6926459875 0.9807502765624999 0.7156890421875 0.9755392781250001 0.734826465625 0.9724126875 0.7375604046875 0.9692860765625
7 0.856689453125 0.9251302078125001 0.864990234375 0.9205729171874999 0.869384765625 0.9156901046874999 0.870849609375 0.9088541671874999 0.869873046875 0.8414713546874999 0.85986328125 0.82421875 0.84423828125 0.810546875 0.83349609375 0.806640625 0.823974609375 0.8141276046874999 0.810546875 0.8326822921874999 0.80615234375 0.857421875 0.804443359375 0.8818359375 0.806396484375 0.8896484375 0.8466796875 0.9195963546874999 0.856689453125 0.9251302078125001
3 0.8953466828125001 0.906233040625 0.87347535 0.9098807046875 0.862539653125 0.91873940625 0.8672263640625 0.9223870890624999 0.8726942421875 0.9203027015625 0.875818675 0.915091703125 0.8875354796874999 0.917176090625 0.893784465625 0.9119651125000001 0.9082351796875001 0.91613390625 0.9160463828125 0.9124862046875 0.9386988828125 0.9140495390625001 0.9722870796875 0.9114440406250001 0.9883000109375001 0.9124862046875 0.999755859375 0.9176972031249999 0.998632803125 0.9044270843750001 0.9859566859375001 0.901022003125 0.9418233765625 0.90466970625 0.9156558578125 0.9051907984374999 0.8953466828125001 0.906233040625
7 0.184326171875 0 0.18359375 0.01171875 0.179931640625 0.1630859375 0.17333984375 0.6656901046875 0.172607421875 0.8499348953125001 0.1728515625 0.9951171875 0.17724609375 0.9996744796874999 0.21142578125 0.9996744796874999 0.212646484375 0.9954427078125001 0.212890625 0.9765625 0.217529296875 0.09505208281250001 0.216064453125 0.029296875 0.208740234375 0 0.184326171875 0
11 0.20433594843749997 0.52354733125 0.20662329218750003 0.5916593140625 0.2180600046875 0.64350575 0.22797182343750003 0.640455959375 0.23254650937500002 0.6180908296875 0.22949671875000002 0.560144815625 0.2317840609375 0.4818668640625 0.240170984375 0.41680467187500003 0.2355963 0.36292504375 0.2386460890625 0.3181947859375 0.236358746875 0.302945834375 0.24550811718749999 0.25008280312500003 0.2516076984375 0.281597303125 0.25084525 0.3100620125 0.2516076984375 0.40765530156249996 0.25084525 0.469667703125 0.2561823828125 0.53168010625 0.26685665 0.5682775890625 0.26838154531249997 0.43713660781249997 0.2752435734375 0.49508262187499996 0.2706688875 0.5947091046875 0.271431334375 0.6790866359375001 0.2721937828125 0.7441488281249999 0.269906440625 0.8264931656250001 0.25313259375 0.8417421171875 0.259994621875 0.883422584375 0.273718678125 0.9373022125 0.273718678125 0.9996744796874999 0.2904925234375 0.9993146156250001 0.29430476250000004 0.7045015546875 0.291254971875 0.55506183125 0.28363049687499997 0.3680080265625 0.281343153125 0.2328006578125 0.281343153125 0.167738465625 0.22339713749999998 0.164688675 0.2134853203125 0.27244793125 0.2157726625 0.3436097046875 0.20433594843749997 0.52354733125
3 0.28673420156249996 0.2542169421875 0.2899888703125 0.4170606484375 0.29584728125000004 0.4292196578125 0.29910195 0.40967841250000003 0.2951963578125 0.2416236890625 0.2922671765625 0.2298989390625 0.293569025 0.114388478125 0.2885742109375 0.10047743125 0.282828609375 0.1313242375 0.2851068671875 0.22425369375 0.28673420156249996 0.2542169421875
3 0 0.21907552031250002 0.075927734375 0.2392578125 0.1171875 0.23958333281250002 0.1220703125 0.23665364531250002 0.12109375 0.23502604218749998 0.115966796875 0.2333984375 0.0439453125 0.21875 0.002197265625 0.2119140625 0 0.2119140625 0 0.21907552031250002
8 0.080078125 0.7005208328125 0.112060546875 0.693359375 0.114990234375 0.69140625 0.11474609375 0.658203125 0.114013671875 0.6536458328125 0.11181640625 0.6500651046875 0.083984375 0.638671875 0.080078125 0.6383463546875 0.07177734375 0.6416015625 0.060302734375 0.6526692703125 0.059326171875 0.6546223953125 0.064208984375 0.693359375 0.06640625 0.6966145828125 0.080078125 0.7005208328125
8 0.05810546875 0.5950520828125 0.066162109375 0.5608723953125 0.064697265625 0.55078125 0.060302734375 0.5475260421875 0.052490234375 0.5494791671875 0.044921875 0.564453125 0.043701171875 0.5716145828125 0.04345703125 0.5836588546875 0.044677734375 0.5891927078125 0.05029296875 0.5934244796875 0.05810546875 0.5950520828125
8 0 0.5546875 0.0224609375 0.548828125 0.0244140625 0.5452473953125 0.021484375 0.5426432296875 0.009521484375 0.5377604171875 0.00439453125 0.5374348953125 0 0.5380859375 0 0.5546875
8 0.048095703125 0.6305338546875 0.05078125 0.623046875 0.050048828125 0.619140625 0.042724609375 0.6142578125 0.040771484375 0.6139322921875 0.0390625 0.6158854171875 0.036865234375 0.619140625 0.037841796875 0.6256510421875 0.0439453125 0.6321614578125 0.048095703125 0.6305338546875
8 0.071044921875 0.7594401046875 0.0732421875 0.7454427078125 0.072265625 0.71875 0.0673828125 0.7177734375 0.06494140625 0.7190755203125 0.059326171875 0.7320963546875 0.059326171875 0.7552083328125 0.06298828125 0.7613932296875 0.06884765625 0.7613932296875 0.071044921875 0.7594401046875
8 0.0361328125 0.974609375 0.033203125 0.9710286453125001 0.025146484375 0.9713541671874999 0.01220703125 0.9895833328125001 0.00927734375 0.9970703125 0.009033203125 0.9996744796874999 0.035888671875 0.9996744796874999 0.039794921875 0.9908854171874999 0.0361328125 0.974609375
9 0.619384765625 0.23274739531250002 0.630615234375 0.23209635468749998 0.640625 0.216796875 0.6396484375 0.205078125 0.638427734375 0.20377604218749998 0.59326171875 0.185546875 0.51220703125 0.169921875 0.42724609375 0.1689453125 0.417724609375 0.1725260421875 0.416748046875 0.173828125 0.421142578125 0.22493489531250002 0.42333984375 0.22884114531250002 0.619384765625 0.23274739531250002
3 0.7427684671875 0.168190815625 0.7570889875 0.1690592359375 0.7635983234375 0.1629797640625 0.7837772546874999 0.1907717296875 0.80005059375 0.18208673125 0.80005059375 0.16992775468750002 0.7863809984375 0.1777442328125 0.7635983234375 0.152557759375 0.7212876390625 0.15516331875 0.709570815625 0.1707962421875 0.7017596312500001 0.16732226249999999 0.691995628125 0.1690592359375 0.682231625 0.1629797640625 0.6593424328124999 0.1553819453125 0.6809297765625 0.176007259375 0.7186838953125 0.1777442328125 0.7304007203125 0.16558525625 0.7427684671875 0.168190815625
3 0.887926628125 0.178612753125 0.9191714609374999 0.1829552515625 0.94455783125 0.18729774999999999 0.9718971203125 0.18903475625 0.999755859375 0.18121831093750002 0.999755859375 0.16558525625 0.971246146875 0.176007259375 0.9276336171875 0.1716647609375 0.8885776015625 0.1647167359375 0.8716532890625001 0.17513874062499998 0.856030871875 0.16558525625 0.83194635 0.168190815625 0.801757796875 0.1618923625 0.824135165625 0.180349759375 0.85212528125 0.178612753125 0.8703514406249999 0.18642923125 0.887926628125 0.178612753125
11 0.2180600046875 0 0.2211097953125 0.1138588375 0.26609420156249997 0.11182564375 0.2828680484375 0.117925225 0.28820518125 0.034564289062499996 0.285155390625 0 0.23254650937500002 0 0.2180600046875 0