7 0.4462890625 0.8717447921874999 0.44482421875 0.9778645828125001 0.445556640625 0.9905598953125001 0.447265625 0.9944661453125001 0.45263671875 0.9964192703125001 0.474609375 0.9967447921874999 0.4775390625 0.9938151046874999 0.478515625 0.9876302078125001 0.48046875 0.9537760421874999 0.481689453125 0.9485677078125001 0.48095703125 0.9290364578125001 0.482666015625 0.8746744796874999 0.482421875 0.8522135421874999 0.48095703125 0.845703125 0.482421875 0.83984375 0.48046875 0.8297526046874999 0.482421875 0.826171875 0.482666015625 0.8134765625 0.484130859375 0.8072916671874999 0.48291015625 0.7880859375 0.483642578125 0.7672526046875 0.485595703125 0.7610677078125 0.4892578125 0.7565104171875 0.491943359375 0.7483723953125 0.492919921875 0.7356770828125 0.49072265625 0.7320963546875 0.487060546875 0.7301432296875 0.484130859375 0.7177734375 0.480224609375 0.7119140625 0.47802734375 0.7109375 0.47216796875 0.6927083328125 0.468017578125 0.67578125 0.4697265625 0.6656901046875 0.467529296875 0.6559244796875 0.45849609375 0.6552734375 0.455810546875 0.6575520828125 0.4541015625 0.6614583328125 0.4521484375 0.6735026046875 0.443603515625 0.693359375 0.442626953125 0.6979166671875 0.4462890625 0.7330729171875 0.445068359375 0.7594401046875 0.4462890625 0.8717447921874999
7 0.42138671875 0.5602213546875 0.4287109375 0.5667317703125 0.432861328125 0.5774739578125 0.431396484375 0.5794270828125 0.431396484375 0.5859375 0.433837890625 0.5875651046875 0.4375 0.59375 0.443359375 0.5947265625 0.446533203125 0.5934244796875 0.449951171875 0.5950520828125 0.450927734375 0.5989583328125 0.44970703125 0.6051432296875 0.452392578125 0.6158854171875 0.450927734375 0.6194661453125 0.45263671875 0.6259765625 0.452392578125 0.6350911453125 0.453369140625 0.638671875 0.457763671875 0.640625 0.4619140625 0.6399739578125 0.468505859375 0.6416015625 0.470458984375 0.6432291671875 0.482177734375 0.6402994796875 0.528564453125 0.5576171875 0.529052734375 0.5322265625 0.527587890625 0.521484375 0.529541015625 0.517578125 0.53173828125 0.4912109375 0.541748046875 0.4908854171875 0.544921875 0.4869791671875 0.545654296875 0.4801432296875 0.544921875 0.4527994796875 0.542724609375 0.4541015625 0.533935546875 0.4440104171875 0.529052734375 0.431640625 0.5263671875 0.4345703125 0.517578125 0.4319661453125 0.467529296875 0.4378255203125 0.458984375 0.4375 0.457763671875 0.4391276046875 0.460205078125 0.44140625 0.460693359375 0.4456380203125 0.458740234375 0.447265625 0.4541015625 0.4619140625 0.455078125 0.4697265625 0.45361328125 0.53125 0.4486083984375 0.5322265625 0.4344075515625 0.5305989578125 0.425537109375 0.5276692703125 0.415771484375 0.533203125 0.41455078125 0.5413411453125 0.416259765625 0.5455729171875 0.419677734375 0.5472005203125 0.42138671875 0.5602213546875
7 0.319091796875 0.533203125 0.3583984375 0.5104166671875 0.361572265625 0.5055338546875 0.359375 0.4947916671875 0.359619140625 0.4892578125 0.3544921875 0.4781901046875 0.349365234375 0.4729817703125 0.3388671875 0.4729817703125 0.333740234375 0.4703776046875 0.3271484375 0.470703125 0.317138671875 0.4778645828125 0.314208984375 0.4755859375 0.30908203125 0.4762369796875 0.306640625 0.4781901046875 0.30615234375 0.482421875 0.30615234375 0.5091145828125 0.314453125 0.5374348953125 0.318115234375 0.5354817703125 0.319091796875 0.533203125
1 0.619140625 0.1959635421875 0.623291015625 0.1975911453125 0.626953125 0.21419270781250002 0.626220703125 0.216796875 0.62841796875 0.22037760468749998 0.634521484375 0.22428385468749998 0.67919921875 0.24251302031250002 0.689453125 0.24837239531250002 0.697265625 0.24772135468749998 0.708740234375 0.24251302031250002 0.71533203125 0.24446614531250002 0.720947265625 0.244140625 0.744140625 0.23600260468749998 0.782958984375 0.20475260468749998 0.796875 0.1891276046875 0.79443359375 0.1865234375 0.789794921875 0.1884765625 0.72265625 0.1949869796875 0.712158203125 0.1904296875 0.708984375 0.1875 0.6962890625 0.1852213546875 0.673095703125 0.1761067703125 0.656494140625 0.1728515625 0.650634765625 0.169921875 0.64306640625 0.1692708328125 0.64208984375 0.1695963546875 0.641845703125 0.1728515625 0.64306640625 0.1787109375 0.637939453125 0.1839192703125 0.63427734375 0.1826171875 0.626708984375 0.1764322921875 0.623779296875 0.1819661453125 0.6103515625 0.185546875 0.611083984375 0.1901041671875 0.610107421875 0.193359375 0.611328125 0.1962890625 0.619140625 0.1959635421875
1 0.35888671875 0 0.357177734375 0.0221354171875 0.357666015625 0.0498046875 0.356201171875 0.0595703125 0.357177734375 0.06315104218749999 0.35693359375 0.07649739531250001 0.360595703125 0.083984375 0.39697265625 0.0947265625 0.512939453125 0.1194661453125 0.517333984375 0.1220703125 0.54833984375 0.1295572921875 0.5537109375 0.123046875 0.5546875 0.0309244796875 0.553955078125 0.0169270828125 0.552734375 0.014973957812499999 0.55029296875 0.015625 0.545166015625 0.010416667187500001 0.529296875 0.0048828125 0.517333984375 0.0029296875 0.511474609375 0 0.35888671875 0
1 0.370361328125 0.1272786453125 0.379150390625 0.1298828125 0.381103515625 0.1302083328125 0.3828125 0.1282552078125 0.3896484375 0.1311848953125 0.388427734375 0.138671875 0.401123046875 0.1383463546875 0.414794921875 0.1341145828125 0.420166015625 0.1354166671875 0.4283040359375 0.1315104171875 0.440185546875 0.1318359375 0.444091796875 0.1302083328125 0.446533203125 0.126953125 0.426513671875 0.1142578125 0.424560546875 0.109375 0.4267578125 0.103515625 0.42529296875 0.1022135421875 0.420166015625 0.099609375 0.389404296875 0.09309895781250001 0.378662109375 0.09342447968749999 0.375 0.09505208281250001 0.3763427734375 0.09749348906250001 0.365234375 0.1207682296875 0.3626302078125 0.1207682296875 0.359619140625 0.1178385421875 0.357177734375 0.1175130203125 0.356689453125 0.1207682296875 0.358642578125 0.1227213546875 0.36376953125 0.1233723953125 0.370361328125 0.1272786453125
1 0.282958984375 0 0.281494140625 0.005859375 0.28125 0.06901041718749999 0.31005859375 0.07356770781250001 0.33740234375 0.07649739531250001 0.341796875 0.07584635468749999 0.34326171875 0.06087239531250001 0.344482421875 0 0.282958984375 0
1 0.1865234375 0.1878255203125 0.192626953125 0.1881510421875 0.200927734375 0.1858723953125 0.203369140625 0.1770833328125 0.210205078125 0.1722005203125 0.2412109375 0.1686197921875 0.259765625 0.1712239578125 0.267578125 0.1761067703125 0.271484375 0.1748046875 0.278564453125 0.1695963546875 0.2822265625 0.1595052078125 0.2965260609375 0.135245490625 0.31507765781249997 0.139152909375 0.3355820765625 0.1165767515625 0.34912109375 0.08984375 0.351318359375 0.087890625 0.3515625 0.083984375 0.349609375 0.08170572968749999 0.341552734375 0.07877604218749999 0.300537109375 0.07291666718749999 0.25830078125 0.07486979218749999 0.235595703125 0.08138020781250001 0.215087890625 0.09375 0.196533203125 0.1145833328125 0.190185546875 0.126953125 0.171875 0.1735026046875 0.167724609375 0.1861979171875 0.169189453125 0.1891276046875 0.173583984375 0.1917317703125 0.1865234375 0.1878255203125
1 0.173828125 0.326171875 0.187744140625 0.3216145828125 0.189208984375 0.322265625 0.20068359375 0.298828125 0.199951171875 0.2972005203125 0.203125 0.2789713546875 0.19384765625 0.26953125 0.177978515625 0.2623697921875 0.170166015625 0.23697916718749998 0.17333984375 0.232421875 0.171630859375 0.22005208281250002 0.158447265625 0.21744791718749998 0.154296875 0.21809895781250002 0.150390625 0.22428385468749998 0.114013671875 0.3076171875 0.113525390625 0.3102213546875 0.115234375 0.3118489578125 0.12158203125 0.3121744796875 0.173828125 0.326171875
8 0.312744140625 0.4557291671875 0.33740234375 0.4651692703125 0.3427734375 0.4651692703125 0.348876953125 0.4615885421875 0.3515625 0.4430338546875 0.3369140625 0.4248046875 0.333740234375 0.4169921875 0.323486328125 0.4143880203125 0.310302734375 0.4153645828125 0.306884765625 0.4231770828125 0.306640625 0.4283854171875 0.311279296875 0.4443359375 0.311279296875 0.4518229171875 0.312744140625 0.4557291671875
8 0.433837890625 0.4765625 0.437255859375 0.4720052078125 0.4453125 0.458984375 0.44580078125 0.4541015625 0.442626953125 0.4527994796875 0.43896484375 0.455078125 0.427978515625 0.45703125 0.423583984375 0.4593098953125 0.42138671875 0.4580078125 0.41552734375 0.4466145828125 0.408203125 0.4440104171875 0.400390625 0.4453125 0.396240234375 0.4469401046875 0.39404296875 0.4495442703125 0.389404296875 0.4586588546875 0.387451171875 0.4658203125 0.386962890625 0.4703776046875 0.39208984375 0.4755859375 0.428466796875 0.4788411453125 0.433837890625 0.4765625
8 0.3352565890625 0.22728677031250002 0.3570628796875 0.21860363437500002 0.366501421875 0.22989168750000002 0.392213278125 0.23379910625 0.3990481015625 0.22511598593749998 0.4110903625 0.2277208875 0.42508544375 0.23944312499999998 0.432245703125 0.2468238109375 0.4501464015625 0.2450871765625 0.44233516875 0.2381406734375 0.435825834375 0.239008975 0.429967446875 0.23336492187500002 0.4175996984375 0.2220768515625 0.3993735625 0.2159986671875 0.392538765625 0.21990606875 0.3889586109375 0.22728677031250002 0.3713834234375 0.2220768515625 0.360317546875 0.2090521484375 0.3411150015625 0.21122293124999997 0.3368839234375 0.21643284999999998 0.3280963296875 0.2155645 0.31507765781249997 0.20948631406249998 0.3095447328125 0.2090521484375 0.3033608578125 0.21947191875 0.30205898593749997 0.23510155625 0.30629006406250003 0.2290233546875 0.31019565625 0.21816945156249998 0.3176814015625 0.21860363437500002 0.3352565890625 0.22728677031250002
7 0.2291700015625 0.8613995546875 0.23463785 0.846290890625 0.2303416953125 0.8306612453125 0.22448329218750002 0.8374340874999999 0.22253049218749998 0.8374340874999999 0.2233116 0.8249303828125001 0.21745319687500003 0.8207624625 0.2151098421875 0.831182225 0.2151098421875 0.85514769375 0.21471928906249999 0.862962515625 0.2291700015625 0.8613995546875