3 0.1967129109375 0.62775439375 0.206220596875 0.6177846312499999 0.2061028015625 0.60778623125 0.20325075468749998 0.600975265625 0.20773756875 0.5888390796875 0.21121132656250002 0.583787075 0.2116340890625 0.5757202953125 0.224441453125 0.5640201703125001 0.22286946875 0.5572762890625 0.22144669375 0.5476853125 0.22648066249999999 0.5251097437500001 0.22991117968750002 0.50863580625 0.22963894843750002 0.4648460359375 0.2231158828125 0.443011703125 0.22019404531250003 0.4491247859375 0.2250159703125 0.45508734375 0.22076474687499997 0.48722034687500004 0.21902395624999998 0.5204365984375 0.2118460828125 0.547182165625 0.2150646546875 0.5592463609375 0.20474285937499997 0.5725042250000001 0.197496925 0.588302390625 0.195421025 0.60341984375 0.1967129109375 0.62775439375
8 0.118871553125 0.12331080312500001 0.1251984015625 0.12507019218749998 0.1304904046875 0.1282031578125 0.1444865796875 0.130602446875 0.14971969375 0.128734984375 0.154244625 0.115883846875 0.15353315 0.1110871859375 0.143008034375 0.10982168125 0.135929103125 0.11016459687499999 0.05269169218750001 0.0939038734375 0.046082081250000004 0.0914157609375 0.035445029687500004 0.09228610937500001 0.02370180625 0.0897669234375 0.0207340828125 0.0912771703125 0.01957741875 0.11334764374999999 0.02908926875 0.12169910625 0.0362892765625 0.1251700359375 0.0389866765625 0.12269374531249999 0.073287590625 0.11735231718750001 0.0942632 0.1213072265625 0.118871553125 0.12331080312500001
3 0.2250918703125 0 0.22559675625 0.0115495828125 0.22369498437500002 0.0233454328125 0.21113630468750003 0.030300384375 0.209508084375 0.036876548437500004 0.19901870625 0.0410850296875 0.19428975625 0.0455954015625 0.1847140109375 0.0446177453125 0.1832598703125 0.0478722671875 0.180252065625 0.056279421875 0.1888644890625 0.06339225781249999 0.1887963828125 0.052444815624999995 0.21698960781249998 0.0410752 0.21987306874999998 0.03504065 0.235930375 0.0225592046875 0.2324631171875 0.0152401828125 0.2367759015625 0.0064256078125 0.23254427031249997 0.0014456296875 0.23232982500000002 0 0.2250918703125 0
11 0.2489412421875 0 0.2349119828125 0.0342047390625 0.218729403125 0.09189695 0.20259795 0.18015955156250002 0.19853344374999998 0.20056543750000003 0.219271296875 0.213071953125 0.2563194890625 0.20010452812500001 0.264940659375 0.190722721875 0.270347146875 0.1773658625 0.2714536046875 0.16441809062499999 0.2673402078125 0.153100021875 0.25016079687500004 0.14617263281249998 0.2630322609375 0.137330784375 0.26077922187499997 0.11500774375 0.2801837921875 0.1039705734375 0.3025199015625 0.1098524390625 0.326259875 0.05493598281249999 0.319526634375 0.030310300000000002 0.316229696875 0.025854078125000002 0.286538278125 0 0.2489412421875 0
3 0.2662597265625 0.07809492968750001 0.2798729109375 0.0632648984375 0.2882950703125 0.057679218750000004 0.2852462765625 0.0505407328125 0.287135425 0.0471503921875 0.29069816875 0.044482178125 0.2875498984375 0.03924176875 0.28794779375 0.031649487500000004 0.2766425640625 0.026933228125000003 0.2872479609375 0.020510334375 0.29028544218749996 0.012595960937500001 0.27104582499999996 0.0275915609375 0.27980744375 0.0318573 0.2839208078125 0.043175353124999996 0.2762028140625 0.051652853124999995 0.27979435 0.056599284375 0.260302584375 0.07746551874999999 0.2629081125 0.0848979828125 0.2578663296875 0.0912952515625 0.2670921578125 0.086703328125 0.2662597265625 0.07809492968750001
3 0.26644034843750003 0.1236333359375 0.275587646875 0.1123758140625 0.272095553125 0.105531315625 0.2754637140625 0.0984119078125 0.26690905625 0.1014023546875 0.26561225 0.106777609375 0.26647787031250003 0.11475331875000001 0.2565766390625 0.12406804062500001 0.2449354984375 0.13392600625 0.23871309375 0.13835810937499998 0.22285475156249998 0.147043421875 0.23130573437500002 0.1490723890625 0.242797665625 0.1420615328125 0.24923123125000002 0.1417642703125 0.26644034843750003 0.1236333359375
3 0.1926447359375 0.200978040625 0.19560278749999999 0.19351993125 0.20180861249999998 0.189404190625 0.201647190625 0.18432029218749998 0.1948078796875 0.1760315265625 0.19764987812499998 0.1707878328125 0.186187590625 0.1527403625 0.1867469078125 0.1502319671875 0.2003225703125 0.144281940625 0.1997510390625 0.1388593515625 0.171477559375 0.131350546875 0.1738928703125 0.126084490625 0.16923236875 0.125205815625 0.166767321875 0.13142090312500002 0.15316282187500002 0.12836017187499998 0.151733559375 0.1325363078125 0.1935949484375 0.142026084375 0.19003220625 0.144694284375 0.1800192859375 0.14797609843749998 0.1804581875 0.15592944375 0.19021369375 0.1738874640625 0.1904248875 0.17802230937500002 0.1950975703125 0.18683196875000002 0.1895793609375 0.1941559078125 0.1926447359375 0.200978040625
11 0.16350125625 0.18322920468749998 0.17157529062500002 0.18428677499999999 0.1771889390625 0.16801161250000002 0.17802808125 0.164248090625 0.1754086015625 0.159113465625 0.13983653437500002 0.1703374921875 0.137421896875 0.173542509375 0.1082615109375 0.2583969203125 0.0782520953125 0.365575896875 0.07656137187499999 0.37334025625 0.07731015937499999 0.377424965625 0.10595839062500001 0.3758327640625 0.1155174390625 0.364911234375 0.14113260625 0.275317765625 0.146245071875 0.2594077890625 0.14106280625 0.2521575046875 0.15078248593750002 0.21364959374999998 0.1545860640625 0.1900578984375 0.16350125625 0.18322920468749998
11 0.1985936796875 0.0596677796875 0.185178759375 0.052301609375 0.1719372171875 0.06612374062500001 0.15844618906250002 0.10920295 0.1573707375 0.1174754921875 0.16046538593749998 0.1319157984375 0.179057078125 0.1507378015625 0.18355054531249998 0.150735325 0.19475641562499998 0.1451354140625 0.1978360734375 0.14148931250000002 0.208831253125 0.11541304999999999 0.209387634375 0.110920803125 0.203975296875 0.0794632515625 0.1985936796875 0.0596677796875
7 0 0.8648015265625 0.0032810765625 0.868082053125 0.0185177015625 0.8712596734375 0.053136176562500005 0.8597509953125 0.086244228125 0.8648168437500001 0.10462479843750001 0.8814822234375 0.120737115625 0.904690190625 0.1421751765625 0.9119993953125001 0.1564550515625 0.9089411921874999 0.170603990625 0.9206265953124999 0.1809873453125 0.9306871781250001 0.182211125 0.9440742703125 0.175014925 0.9589234171875001 0.22230869531250003 0.962727240625 0.25346648437499997 0.93152855625 0.2936280953125 0.9122214078124999 0.313432659375 0.8894683046875 0.3111093984375 0.8603214593749999 0.2845326703125 0.8408474343749999 0.2470935375 0.8326996671875 0.21169234375 0.8346509296875 0.1940198640625 0.8289665484375 0.194250225 0.8123248984375 0.21419750468749998 0.7990956703125 0.2312181296875 0.7804790453125 0.249077734375 0.7580998078125 0.249997865625 0.7405426796875 0.249470403125 0.71386906875 0.23470625312500001 0.7016756375 0.19827363125 0.69881463125 0.16181085 0.696530040625 0.1552429109375 0.6871452312499999 0.16945467812499998 0.67313960625 0.17781314374999999 0.6483591546875 0.1850158875 0.6211390578125 0.17793225937499998 0.6093481078125 0.15986188437499999 0.61125600625 0.1559404984375 0.6248492921875 0.1422758328125 0.628415559375 0.1461592578125 0.6400387578125 0.14512133124999999 0.6475975109375 0.1361542046875 0.6594988859375001 0.12677090625 0.6670960828125 0.10244933437499999 0.6658214421875 0.0976522765625 0.659384384375 0.0882506359375 0.655085084375 0.069074278125 0.653604271875 0.059616329687500004 0.662625015625 0.05468840625 0.6709315203124999 0.038879810937499995 0.678667796875 0.0326220640625 0.6878562546875 0.031726801562500004 0.704938890625 0.031347228125 0.7244276375 0.031116889062500003 0.7410692890624999 0.0238212171875 0.7578164921874999 0.0157611484375 0.776902759375 0.0078254484375 0.7936163671875 0.0015363109374999999 0.815650340625 0 0.8236460343750001 0 0.8648015265625
11 0 0.9742443140624999 0.14160809531250002 0.98166568125 0.1703682609375 0.977937625 0.171993503125 0.9775468640625 0.17592474375 0.9698999234375 0.1463440296875 0.9351456546874999 0.129235234375 0.918705540625 0.10326112812499999 0.8866102343750001 0.08623504374999999 0.8869077781250001 0.0710423390625 0.8889671859374999 0.04182199375 0.9014759671875 0 0.9483086249999999 0 0.9742443140624999
1 0.6750851203125 1 0.667183109375 0.9668020984375 0.6629911500000001 0.948818440625 0.6569973640625 0.9243960890625 0.651247934375 0.90347585625 0.6428309234375 0.8681412249999999 0.630760428125 0.8649164546874999 0.6412350124999999 0.9067576687500001 0.6506502109375 0.9475372390624999 0.6635696421875 1 0.6750851203125 1
8 0.6136099671874999 0.823618209375 0.6099564484375 0.811689825 0.61834548125 0.8067368390625 0.6560804109375 0.8296505578125 0.65385611875 0.8100455546875001 0.6481046781249999 0.791182575 0.630994828125 0.7869543234374999 0.62296494375 0.792069890625 0.61455933125 0.7973392296874999 0.6036310859375 0.793594365625 0.5955720078125 0.795330546875 0.5868645406249999 0.8022512390625 0.56613034375 0.8304347562500001 0.561701615625 0.8475743734375 0.56172319375 0.853286753125 0.5710514156250001 0.8600878921874999 0.5737651484375 0.84912763125 0.595603796875 0.8743378249999999 0.6025459171875001 0.8766053953125 0.6051313796875 0.8762649578125 0.61512916875 0.8681077546875 0.6132531125 0.846756109375 0.6136099671874999 0.823618209375
3 0.065088675 0.16272810937499999 0.10405311718750002 0.21933090625 0.10218930625 0.2059102609375 0.083465353125 0.17130432499999998 0.05791426875 0.13634060625 0.0557465625 0.12135105312500001 0.045345559375 0.1312408859375 0.065088675 0.16272810937499999
11 0.144394040625 0.5234046203125 0.1194586859375 0.5572193875 0.096647584375 0.6169289421874999 0.0991658890625 0.6341904453125 0.1169212296875 0.6382931015625 0.147154540625 0.6328988671875 0.1589780796875 0.6195611265625 0.16519260468750002 0.5989506890625 0.1656497796875 0.54124175 0.1627999640625 0.53030715 0.144394040625 0.5234046203125
11 0 0.7554139890625 0.01455875 0.7513727140625 0.024087364062499998 0.732839259375 0.0280401203125 0.70640043125 0.030219875 0.6811375640625 0.04605375625 0.65659028125 0.050661003125000006 0.6339923546875 0.0487971296875 0.62057170625 0.049071121875 0.59901551875 0.08417160625 0.4517645859375 0.08503371093749999 0.43531463593749997 0.0813636125 0.423702603125 0.0721753078125 0.419414509375 0.0592155515625 0.42260730625000004 0.0385598921875 0.48934315625 0.016925081249999998 0.5592651640625 0.0045623484375000006 0.5992206328125 0 0.6198998890625 0 0.7554139890625
0 0.2544776765625 0.641639053125 0.6254254734375 0.6527947671875001 0.586056890625 0.2668674453125 0.311667415625 0.2255615828125 0.2544776765625 0.641639053125