7 0.1609525859375 0 0.1530617421875 0.04059486875 0.1537367375 0.0473583453125 0.155520959375 0.04969484375 0.157438753125 0.0590211890625 0.15429796093749998 0.08029717343750001 0.15685501875000002 0.0927323015625 0.1583374734375 0.0953417546875 0.162722171875 0.0945359859375 0.23978945000000002 0.1881087484375 0.2406249515625 0.2068415109375 0.2443352078125 0.2082259390625 0.2515512421875 0.20564923125 0.2545430875 0.215847578125 0.2570638625 0.215674340625 0.2589453734375 0.2123923203125 0.266853990625 0.2139296 0.2695165796875 0.2104677921875 0.2703861515625 0.20599423125 0.6673967671875001 0.2798491421875 0.6685158953125 0.292004765625 0.67263455625 0.2951266453125 0.684555196875 0.2977753984375 0.68747558125 0.3006643578125 0.6919223921875 0.2995390484375 0.6953220875 0.3025211765625 0.7019879046875 0.30149558593750003 0.7031064796875001 0.3046975375 0.7074021296875 0.2992318703125 0.7695887781249999 0.320936521875 0.7666161812500001 0.3349497015625 0.766891565625 0.3386509796875 0.7708063015625 0.34538097031250004 0.7742059968749999 0.3483630984375 0.7763183671875 0.34645240781250003 0.7829220734375 0.3457463578125 0.79228565625 0.3359599796875 0.797450878125 0.3260207515625 0.8047378203125 0.321799759375 0.80867783125 0.306648171875 0.8186861515625001 0.24492379843749998 0.821498240625 0.21894133437500002 0.8387374187500001 0.107222403125 0.8444061203125001 0.057587420312500005 0.548144525 0 0.1609525859375 0
7 1 0.0878318078125 0.9563250390625001 0.0793422546875 0.9485587875 0.083470078125 0.9467663249999999 0.091411996875 0.9449397921875 0.1225602375 0.946475565625 0.126174896875 0.9526060484375 0.223866071875 0.9478591296875001 0.252125353125 0.955413215625 0.2618840578125 0.957979621875 0.28194811249999996 0.9574206109375 0.2848239734375 0.9639797921875 0.2817879734375 0.978359096875 0.2845830265625 0.9773213296875 0.2963193921875 0.9786262406249999 0.298562721875 0.9829312390625 0.3007259828125 0.9830823984375 0.3050663421875 0.9842718796875 0.30662400624999997 0.9957577343749999 0.3115095390625 1 0.31162341875 1 0.0878318078125
7 0.8752881671875 0.2403402828125 0.8809332515625 0.23944789531250002 0.8877496765625 0.233808990625 0.8919925624999999 0.23629178906249998 0.905234596875 0.22062703749999998 0.9071870140625 0.215700734375 0.9160058546875 0.15241869375 0.9189328203124999 0.1181682203125 0.9214530421875 0.1090413109375 0.9198106328125 0.10341624218750001 0.9175383078125 0.10231132031250001 0.9153093984374999 0.0856290015625 0.9160629874999999 0.0715161046875 0.8666940421874999 0.061919753125 0.8617965171874999 0.0947923484375 0.8577603234375 0.1334698 0.8699442953125001 0.23200604062500002 0.8696694640624999 0.23725843593749998 0.8707968328125 0.23913564062499998 0.8752881671875 0.2403402828125
7 0.936186996875 0.3927819421875 0.9396471453125 0.3685835140625 0.9391584875 0.36086141718750003 0.9416429796875001 0.3480798140625 0.9402841953125 0.33587760625 0.9368311828125 0.331890275 0.9301917468750001 0.32894163125000003 0.91795175 0.329215325 0.9137709765625001 0.326412984375 0.9053209375 0.3251020765625 0.9016546515625 0.317093925 0.9016453046875 0.309464996875 0.9002249625 0.3065360015625 0.8901061312499999 0.30357425937500004 0.8873281125 0.30635040468749997 0.8784015281249999 0.3497146890625 0.883462328125 0.373579740625 0.8898983921875001 0.3890901640625 0.9119472109375 0.40232958593749996 0.9147076421874999 0.40220293281249997 0.92147954375 0.394234078125 0.925393725 0.392010396875 0.9284559234374999 0.3916107875 0.9342609625 0.3937340125 0.936186996875 0.3927819421875
7 0.0878318078125 0 0.0686278828125 0.098795628125 0.072764684375 0.1082216921875 0.07534757187499999 0.1077289140625 0.0798834296875 0.111263503125 0.085474090625 0.091458565625 0.0935135140625 0.05521733125 0.10685173125 0.0160267171875 0.1103993265625 0 0.0878318078125 0
7 0.8515783015625 0.35080143750000004 0.8541875718749999 0.346334425 0.856823225 0.3378931796875 0.8636215078125 0.3259500921875 0.8627901874999999 0.31743184062499996 0.8677819250000001 0.2866335625 0.8670805484375 0.2838443203125 0.8622429234375 0.2805826859375 0.862233575 0.2729537578125 0.865596434375 0.2543738484375 0.8642294109374999 0.2524500578125 0.8599601437500001 0.25394149062500004 0.8579895843750001 0.25256361250000003 0.8518646359375 0.24440915937500002 0.853958865625 0.2361942859375 0.8524142984375 0.23390437187500002 0.84822473125 0.23242677500000003 0.8453312828125 0.2345172546875 0.8444798515624999 0.2452949984375 0.845216959375 0.25173893281250004 0.83801961875 0.2695734953125 0.836210121875 0.289118575 0.8409504578125 0.297998728125 0.8398687203125 0.316358815625 0.8428517703124999 0.32788190781250004 0.8468286171875 0.334292359375 0.8494126124999999 0.351706925 0.8515783015625 0.35080143750000004
7 0.20278879375 0.2129812546875 0.15451504062500002 0.2566410265625 0.1521043828125 0.2946289984375 0.18252369375 0.26606372500000003 0.2114529859375 0.2451652234375 0.20278879375 0.2129812546875
5 0 0.7553891671875 0.0026136296874999998 0.7621237 0.010238621875 0.7702381171875 0.0181120625 0.777074375 0.0355183875 0.7847687984375 0.05420269062500001 0.7897271109374999 0.2809697078125 0.8348009953125001 0.305121553125 0.8385007968749999 0.31295926406249996 0.8416823625 0.33238011875 0.8441309406249999 0.3397027890625 0.8435646421874999 0.3555112296875 0.8479639453125 0.6817878687500001 0.904421815625 0.6928735609375 0.8972914781249999 0.7018369812499999 0.8754892312500001 0.6994668125 0.8710491546875 0.703442 0.8505985890625001 0.7045413265625 0.8295890109374999 0.7036536124999999 0.8277583906249999 0.6928867234375 0.8230126109375 0.6921050921874999 0.814238725 0.7151498640625 0.71359669375 0.7219926703125 0.7039835562500001 0.7231640109375 0.6992370390625 0.729945259375 0.6988971109375 0.7434450906250001 0.6895831265625 0.747403796875 0.6896893937499999 0.749063240625 0.6837113 0.7583559171875 0.675569209375 0.7635112375 0.6490473796875 0.7369677640625001 0.5808812859375 0.7399491546875 0.5655433609375 0.7452473953125 0.5536403078125 0.7486993015625 0.5397202953125 0.7530125390625 0.5316051390625 0.7561093609375 0.5169528796875 0.7573164296875 0.51586105625 0.7562511734374999 0.5136643109375 0.5921935296874999 0.47481085156249997 0.5911991796875 0.4709698203125 0.586592415625 0.469079515625 0.5847812578125 0.46176357812499996 0.5824022953125 0.458648246875 0.5699666140625 0.45225163281249997 0.563788346875 0.443091975 0.5526809687500001 0.43540591875 0.551086075 0.4316693390625 0.546851984375 0.42786179375 0.5449166015625 0.42118493749999997 0.5414905250000001 0.42217704375 0.5224511374999999 0.4164864796875 0.508169121875 0.40807290781249994 0.502754896875 0.4103366234375 0.4964260234375 0.40579027968750003 0.48845529374999996 0.404572540625 0.4853221890625 0.40661643437499995 0.48154102656250003 0.4068762921875 0.47543421874999997 0.40502602187500003 0.4666736171875 0.40531281406249997 0.40217891406249995 0.37884854687499997 0.37536392812499997 0.369656878125 0.37436957656250003 0.3658158484375 0.36804070312500003 0.36126950468749996 0.3666379484375 0.355691021875 0.35811645 0.34707072499999997 0.34762494374999997 0.346026225 0.3387307703125 0.33932316875 0.334993578125 0.332959303125 0.3283629375 0.328685915625 0.3203922078125 0.3274681765625 0.3116673359375 0.3314096625 0.2947947453125 0.3427209578125 0.2923630171875 0.34755409375 0.28213865625 0.3604892859375 0.2774620921875 0.3781506109375 0.2754563578125 0.3820717109375 0.26327023125000004 0.39230428281249996 0.2571997078125 0.403062378125 0.25718211874999997 0.4057118671875 0.25060534843750004 0.41139735625 0.24881233281249998 0.41038560156250004 0.24678900937499998 0.4169561921875 0.24694017031249998 0.42129655 0.2423696890625 0.4320146109375 0.24216576406249998 0.435622721875 0.23028195937499998 0.45453600781250003 0.2233325140625 0.4621387375 0.21757255312499998 0.47129913125 0.21641000625 0.47472090468749994 0.21728892656249998 0.47787627187500004 0.216384178125 0.4876488109375 0.21532826875 0.49308099375000003 0.2119358609375 0.5002973953125001 0.0706008328125 0.569738696875 0.0642807515625 0.563867609375 0.0601532984375 0.562070471875 0.056886621875 0.5571245203124999 0.05024718593750001 0.5541758765625 0.045747057812500005 0.5542959796875 0.0392510953125 0.574919784375 0.034237585937499995 0.59815304375 0.0331025296875 0.6155079265625 0.0280626390625 0.6427154203125001 0.02101590625 0.6559366671875 0.0127632109375 0.688157084375 0 0.7490254140625 0 0.7553891671875
7 0.842915371875 0.537647771875 0.8192780546874999 0.5927273265624999 0.8093780484374999 0.6385417078125 0.8097696203125 0.651878715625 0.8237226671875 0.6824388203125 0.8307887578125 0.7023773796875 0.871680940625 0.6864564734374999 0.876788625 0.639710228125 0.8924748031249999 0.5897160718750001 0.8920803515625 0.540574196875 0.867940325 0.5265993250000001 0.842915371875 0.537647771875
11 0.9119194828125 1 0.9190093828125001 0.9635256249999999 0 0.7764209625 0 0.8485401828124999 0.7791932078125 1 0.9119194828125 1
7 0.8907858921875 0.7723877 0.848473240625 0.7853802515625 0.8292018671875001 0.833351721875 0.871377390625 0.8773537921875001 0.8011641046875001 0.9008361453125 0.7987857359375 0.8977215921875 0.7702449 0.8961521828125001 0.76783424375 0.9341401546875 0.9149406125 0.9653866499999999 0.92257033125 0.9363698953125 0.9244110609374999 0.8757277234374999 0.9515471609375 0.796133265625 0.92752619375 0.767594190625 0.8907858921875 0.7723877
3 0.225827703125 0.6200095125 0.2980863734375 0.60076748125 0.32040436875 0.5934935484375 0.3362140859375 0.5748910609375 0.32390468437500003 0.5724983546875 0.3148073984375 0.5715040078125 0.2839106515625 0.5840776 0.271829603125 0.5894704671875 0.2467141140625 0.596200621875 0.2309862140625 0.602432915625 0.21608726250000002 0.6103746453125 0.1934161125 0.607516125 0.17356334375 0.6021088328124999 0.154519115625 0.6015036171875 0.1401367140625 0.59483736875 0.115268725 0.5853586109375 0.0854280140625 0.5865253640625 0.057474034375000004 0.598896653125 0.039889579687499996 0.6021844703125 0.0346391875 0.6207788359374999 0.034618775000000004 0.623871475 0.051384109375 0.6302266000000001 0.0687907921875 0.6243206296875 0.09143954843749999 0.6093698046875 0.1085766390625 0.601863125 0.1462932796875 0.6169356828125 0.213540215625 0.6354260593750001 0.225827703125 0.6200095125
3 0.5084567796874999 0.6478522265625 0.532412259375 0.6470898046875 0.5467312062499999 0.6421319390625 0.565195671875 0.6457210671875 0.5955549765625 0.6508480015625 0.62601819375 0.6614143625 0.6303681046875 0.6390360109375 0.6243993125 0.63090859375 0.6168559499999999 0.6278940093750001 0.599220671875 0.6260143625000001 0.576176259375 0.6161157546875 0.5623946890625 0.6033734125 0.5703078890625 0.5716238890625001 0.544735334375 0.5627821625 0.525278225 0.5822243046875 0.5274771109375 0.60974620625 0.5221106546875001 0.6164445890625 0.5064233359375 0.616491559375 0.492165734375 0.6121721906250001 0.4818452875 0.6055211890625001 0.4687271078125 0.5983263625 0.448853690625 0.5960116640625001 0.4156354828125 0.59961850625 0.40769790468749995 0.5926567 0.365817384375 0.5930314562500001 0.3144672796875 0.6062738953125 0.3140322453125 0.6085119546875 0.3083552 0.61979454375 0.311836909375 0.6227936093750001 0.3409730546875 0.6222638890625001 0.37292728125 0.6191856703124999 0.41698470781249997 0.6285238859375 0.4506995984375 0.613401478125 0.48831400937499997 0.6439368703125 0.5084567796874999 0.6478522265625