9 0.0112534625 0.3563695171875 0.010837632812500001 0.36338423125 0.014504495312499999 0.36918324375 0.017635925 0.3606980671875 0.0121542125 0.353979528125 0.0112534625 0.3563695171875
9 1 0.4581302640625 0.997001071875 0.4411225 0.9857437687499999 0.43914095625 0.97552775 0.4411902234375 0.959244609375 0.4425739390625 0.95362525 0.44257315625000004 0.9473461562500001 0.440705446875 0.9440556125 0.4407898453125 0.9411890156249999 0.44327855781250003 0.9392231671875001 0.4433772828125 0.9362770125000001 0.4416656078125 0.932533478125 0.4448047625 0.9281540250000001 0.44433744375 0.9241985156249999 0.44627444218749995 0.9205688171874999 0.4444353875 0.9129597953124999 0.44627287656250003 0.9093672578125 0.4483937796875 0.9050301984375 0.44816689218750005 0.8998957593749999 0.4527908359375 0.89465795 0.4549539375 0.8861110140624999 0.45522145781249995 0.8822693421875 0.4521802453125 0.878078046875 0.45465463125000005 0.8704556765625 0.45079261718749997 0.8589149609375 0.45282755625000004 0.8504104218749999 0.4533355078125 0.8462667546875 0.45233080000000003 0.8348532234375 0.455087034375 0.8311149203125 0.45450666406250007 0.81213999375 0.45562129375 0.8079063046874999 0.4578552484375 0.8038474265625 0.457331403125 0.7977140984375 0.45816496874999996 0.7917927421875001 0.46020069062499996 0.7811951734375 0.46008607343749996 0.777602634375 0.46220697499999996 0.773435153125 0.462941815625 0.7500807734375 0.46358912500000005 0.746361053125 0.464988734375 0.7342029984375 0.46539717812500003 0.730205096875 0.46709374375 0.7214647703125 0.4681390859375 0.7183252234374999 0.46720523125 0.714049140625 0.46919875468749994 0.7026832359374999 0.46847589375 0.6996894546875 0.47024331249999995 0.6943482734375 0.46994557343750004 0.6910763125 0.47200995 0.687210825 0.470708284375 0.6791116500000001 0.4716405734375 0.6760754734375001 0.4731675609375 0.671653625 0.4724598109375 0.6672503578125 0.47373203906250005 0.659816146875 0.47281172812500005 0.6520985234375 0.47590790156249996 0.6450696781249999 0.4754119296875 0.6366685078125001 0.4783807234375 0.6292581109375 0.47572086562499993 0.620536365625 0.4787461859375 0.5939286046875 0.483437853125 0.5826050921875 0.482955425 0.5734355890625 0.4853159765625 0.5671326828125001 0.4851878140625 0.551037703125 0.48951323437500005 0.5399075828125001 0.48825298593750005 0.5355467125 0.4897656453125 0.5332417078125 0.48794091718750005 0.5308704953125 0.48761530625000005 0.5196079609375001 0.4893532875 0.508689815625 0.489295196875 0.5033248218749999 0.490737003125 0.5002276703125 0.49004357968749995 0.49699810156249996 0.49234838906249995 0.4926610421875 0.4921215015625 0.48979444531249994 0.494610215625 0.44980730468749996 0.502156840625 0.438973946875 0.5025796125 0.4333412375 0.496879325 0.4181046140625 0.498574325 0.4147292796875 0.49817786093749994 0.402396415625 0.5013441046875 0.3957729359375 0.5012724687500001 0.3832280984375 0.5032365546875 0.375346128125 0.5016514765625 0.3707494703125 0.503701525 0.36083544375 0.5037142875 0.35450872499999997 0.505325671875 0.34423172968750004 0.5051545296875 0.339356890625 0.5075015359374999 0.32976344062499996 0.507457771875 0.32379969062499997 0.5092530625 0.31709142031250004 0.5087005640625 0.3084358828125 0.5102267687500001 0.2978383109375 0.51011215 0.2944815609375 0.5116956640625 0.2898663203125 0.5117657343750001 0.28582602343749997 0.51322186875 0.2820453265625 0.512401065625 0.2705470046875 0.5146764375 0.2667663078125 0.5138556359375 0.2621696484375 0.5159056843750001 0.25381610625 0.515395384375 0.2466124484375 0.5176572109375 0.2432371171875 0.5172607453125 0.232700521875 0.5193665390625 0.2232342546875 0.5200440687500001 0.2201980796875 0.52157105625 0.204174540625 0.5206778359374999 0.1963535453125 0.5213131671875 0.1687840578125 0.5261744125 0.16211818281249998 0.52586234375 0.121985275 0.530707696875 0.063905378125 0.534998984375 0.0460989171875 0.54086571875 0.0375281703125 0.5428727875 0.02998535625 0.5432111609375 0.0271901984375 0.5404812328124999 0.026612371875000002 0.5259566125 0.024720581250000002 0.518976934375 0.025501996875 0.5102863609375 0.0223462171875 0.4905144453125 0.023397964062500002 0.4871062046875 0.0218955734375 0.4767111203125 0.0225657703125 0.4711389953125 0.020464621875 0.4610973953125 0.0207927765625 0.4404632609375 0.015042812499999999 0.3966059890625 0.014668840624999999 0.3738644953125 0.0089455734375 0.3414062328125 0.0108928390625 0.339327528125 0.013542232812499999 0.3393561828125 0.01585246875 0.337461384375 0.0118359859375 0.337177971875 0.01272861875 0.325368953125 0.0150150421875 0.32521370156249996 0.0165993375 0.3229510921875 0.0223511140625 0.31995364375 0.029615746874999998 0.31991222656249996 0.0333830953125 0.315033525 0.038276515625 0.31466649687500003 0.041241253125 0.31835815156249997 0.0492556375 0.3169449984375 0.052932965624999995 0.315304959375 0.058443721875 0.31656442500000004 0.0633847703125 0.312718303125 0.066995890625 0.31257737812499997 0.0766265015625 0.3165811 0.079365915625 0.31337109218750003 0.0911848125 0.3110391953125 0.095206528125 0.3076030828125 0.087046378125 0.3063149609375 0.079630746875 0.3073746296875 0.0744405640625 0.3060586375 0.060335246875000005 0.3085457859375 0.054776860937500005 0.3107654125 0.0520374453125 0.313975421875 0.0473798125 0.3138050609375 0.0444760515625 0.3123338171875 0.034024246875000004 0.3149204734375 0.024605606250000002 0.312118909375 0.01774110625 0.3163041890625 0.013404046875 0.31607730156249997 0.007921160937500001 0.317787803125 0.004385540625 0.31741959999999997 0.0026792921875 0.3152413890625 0 0.2990544484375 0 0.54374433125 0.044521798437499996 0.7962399953125 0.0463180671875 0.79517954375 0.0457721703125 0.7883344078125 0.047059704687499995 0.7843887765625001 0.0447227703125 0.7748845656250001 0.045308178125 0.768831578125 0.0438615296875 0.7643764296875 0.0448708828125 0.7607277578125 0.0426320875 0.7574039140625 0.0409972796875 0.7500070609375 0.040586146875 0.7233056109375 0.0387155515625 0.7164461484375 0.0399049484375 0.70632015 0.0385006953125 0.7021054328125 0.0391894734375 0.6985132875 0.036558125000000004 0.670467971875 0.037270715625 0.665136278125 0.031555296875 0.6270987265625 0.0348060625 0.624914134375 0.0438431515625 0.6255518140625 0.0476052671875 0.6243926375 0.059357956249999996 0.62355985625 0.0654674703125 0.6244658390625 0.1355834703125 0.6153252859375 0.1605883546875 0.61091625 0.1639636859375 0.611312715625 0.1722986484375 0.6098430359375 0.17629655 0.6081464703125 0.1797566734375 0.6090237984375 0.1871723015625 0.6079641312499999 0.1920895375 0.6058575546875 0.195313871875 0.6072722734375 0.19963235 0.60551918125 0.203370653125 0.6060995515625 0.2050821328125 0.6045582375 0.2082878859375 0.6039929765625 0.21114925156250003 0.6052237890625001 0.21760315624999998 0.6043336984375001 0.222562784375 0.6024675546875 0.2259805109375 0.6031044515625 0.2330755671875 0.6021013078124999 0.2383981640625 0.6004190703125001 0.2417734984375 0.6008155359375 0.2541911515625 0.5981301546875 0.25656236250000003 0.5984557671874999 0.2696635609375 0.5958977640625001 0.2933199359375 0.5932139484375 0.3005659875 0.5911925546875 0.31043761718749996 0.5909393609375 0.33552729062500003 0.5870111875 0.37371293125 0.5842445390625 0.3936310015625 0.580980353125 0.404143784375 0.5806141078125 0.4172025890625 0.5778156734375 0.4311993046875 0.576587209375 0.46248851406249997 0.5703263578125 0.4634740546875 0.56841723125 0.4631082 0.5550947703125 0.4662953734375 0.5525495296875 0.4746965421875 0.5495807359375 0.48588763593750006 0.5530613953125 0.4872494953125 0.5570356796875 0.491949525 0.557446471875 0.4938439328125 0.5625663890625 0.4975160265625 0.564645875 0.5067279250000001 0.5625257546875 0.524849728125 0.5603220203125 0.5326945359375 0.557947140625 0.5370739890625 0.558414459375 0.5445558265625 0.555855675 0.555431578125 0.5556733359375 0.560905175 0.5529728453125 0.5656475984375 0.55362406875 0.5676930015625 0.5577257328125 0.57237445 0.5561565468749999 0.575513996875 0.5570904015625 0.5776546546875 0.5542338765625 0.5828448374999999 0.55554986875 0.5873991015625 0.5532593875 0.5909016171875 0.5543771484375 0.5922077328124999 0.552411496875 0.5956916671875 0.551549278125 0.5983172484375 0.5533174796875 0.60267811875 0.5518048203125 0.60628400625 0.555383421875 0.606472165625 0.5583251265625 0.6084380125 0.5582264015625 0.6093573453125 0.5578163921875 0.6087214265625 0.5542099171875 0.6107349015625 0.5506320984374999 0.6147751968749999 0.5491759640625 0.6139220734374999 0.548086859375 0.615633553125 0.54654554375 0.6176417953125 0.5466872515625 0.6204898125 0.5422185578125001 0.6245301078125001 0.5407624249999999 0.6324782859375 0.5408483875 0.6337286578125 0.5329428 0.6372788015624999 0.530581465625 0.6456137640625 0.5291117875 0.64763246875 0.5218144421875001 0.656457584375 0.5212499640625 0.6584844078125001 0.5233716484375 0.6608980140625 0.5239376921875001 0.6636188468750001 0.5187477046875 0.667126596875 0.5161459390625 0.6753715359375 0.5179149234375 0.6776631906249999 0.514040146875 0.690570996875 0.512259965625 0.6910478015625 0.5074656609375 0.694385971875 0.50390216875 0.6947303609375 0.5021060953125 0.698171903125 0.5010034453125 0.7008822703125 0.5032525109375 0.7088542609374999 0.5015989265624999 0.713771496875 0.49949235 0.715906921875 0.5003553515625 0.7187073125000001 0.49936575312500003 0.7244114609375 0.4998474 0.725759971875 0.49812217968750006 0.7360979421875 0.500513734375 0.7378518171875 0.49921285 0.742188875 0.49943973750000004 0.7485951515625 0.5020287421875 0.7527202390625 0.5010534703125 0.7547999203125 0.4959765359375 0.762088365625 0.494195571875 0.767212340625 0.49701068125000003 0.7685846640625 0.49354591406250004 0.7729031421875 0.491792821875 0.7802525640625 0.49223226875000003 0.782811934375 0.4954995859375 0.78465583125 0.490960040625 0.7893796734375 0.48963128593749994 0.7907467640625 0.48988604375 0.7924291984375 0.49380380312499994 0.7945222296875001 0.49442637187500005 0.7980909546875 0.4940450171875 0.799802434375 0.49250370312499997 0.813950146875 0.4902569859375 0.8154310734375001 0.485533534375 0.8209046687500001 0.48283304375 0.829493996875 0.4828059546875 0.82997891875 0.48743068125000005 0.846262059375 0.48604696562500005 0.8487366421875 0.48883341874999997 0.8496931343749999 0.49238336718750003 0.8540592390624999 0.48715118124999995 0.8581419312499999 0.48593547812500004 0.8604893296875 0.4880006375 0.861819259375 0.48429543906249994 0.8651336140625 0.48247149375 0.8762875484375 0.48199219531250004 0.878102396875 0.48291172343750005 0.8791012874999999 0.486702103125 0.88063795625 0.4879185875 0.8854704 0.4853311484375 0.8878840078125 0.4858971921875 0.8920514875000001 0.48516235312499995 0.895191034375 0.48609620781249996 0.90074941875 0.48387657968750003 0.9074152953124999 0.484188646875 0.9123644609375001 0.48976155625000006 0.9163809437499999 0.49004496875000003 0.9245887203125 0.4878539953125 0.9290239187499999 0.49426125 0.9321925109375 0.48973603125 0.9366753343750001 0.4926641921875 0.9405036578124999 0.4900059 0.9453680328124999 0.4950979453125 0.9492573328124999 0.4946600640625 0.9518881453124999 0.4927087390625 0.9551786874999999 0.49262434062500005 0.9654266375 0.49825455781250005 0.9681236578125001 0.49480411718750006 0.973059471875 0.494677521875 0.9751815484374999 0.48984101718749995 0.9806551453125 0.48714052656250006 0.9873448343750001 0.48571304687500005 0.9916156859375 0.48743905 0.9942226843749999 0.487227271875 1 0.48494452031249996 1 0.4581302640625
9 0.353477571875 0.3270145328125 0.3589935625 0.324554475 0.3650844953125 0.32348047812499997 0.3624693796875 0.314273225 0.35623268124999996 0.31264594687499997 0.342598934375 0.3140583171875 0.34029393125 0.3122335890625 0.3359911515625 0.302828103125 0.33105533593750003 0.3029547 0.325695575 0.30067698125 0.322966625 0.2964479375 0.310450834375 0.2929529515625 0.30053157656249996 0.2966852390625 0.28427225 0.2963294078125 0.274782171875 0.298746484375 0.2590977875 0.2997767171875 0.25632121093750004 0.2990267671875 0.2426874640625 0.3004391375 0.23579103437499999 0.2969449328125 0.2247881 0.296405978125 0.19431484999999998 0.2997959796875 0.1744868 0.299821503125 0.13255762499999998 0.30572730625 0.116788453125 0.306276675 0.1107213328125 0.30561112343749997 0.105398734375 0.3072933625 0.09068130937499999 0.304434490625 0.08198337812499999 0.3057202625 0.0636734171875 0.30498229375 0.054201917187500004 0.30937935 0.046871078125 0.31091988125 0.0358019328125 0.3118800421875 0.020226153125 0.31165159062500003 0.0099439265625 0.3151999734375 0.0041259406249999995 0.3196965375 0.0104584296875 0.34436226406250003 0.013359842187500002 0.362691590625 0.0167113609375 0.364827603125 0.0703084359375 0.35760815468749996 0.087958665625 0.3564791984375 0.13065617499999999 0.3511816375 0.2676771890625 0.33718531875 0.2967409515625 0.3333001265625 0.321571025 0.331648890625 0.353477571875 0.3270145328125
9 0.46876566249999996 0.31536287343749997 0.46995794375 0.31837543125 0.47060432656250006 0.31454285312499997 0.47503140625 0.31153107812499997 0.478382925 0.313667090625 0.47739738593750003 0.315576215625 0.482158390625 0.31820741875 0.48208694999999996 0.32342606093750004 0.48424095781250004 0.326269040625 0.4893649328125 0.3290841484375 0.48647452187500007 0.333312409375 0.48819935000000003 0.3374706 0.48784972968750007 0.3429861984375 0.48622303906250003 0.3450083765625 0.491270340625 0.3567616515625 0.4929765875 0.3589398640625 0.49932712031250004 0.35558893125 0.5028958453125 0.355207575 0.5069733046875 0.3577114 0.5059639515625001 0.36136007187499997 0.5080889125 0.369662125 0.5110350671874999 0.37137380000000003 0.5133214890625 0.37121855 0.5104868234375 0.38138674687499996 0.5131547953125 0.3833953796875 0.541063440625 0.38045758749999997 0.547686921875 0.3805292234375 0.5511894390625 0.3816469828125 0.649553240625 0.371492090625 0.6568416859374999 0.369711128125 0.6609429578125 0.3704754046875 0.6896861453125 0.3666467390625 0.705648709375 0.36531955 0.7077417406250001 0.36594211875 0.7431746171875 0.360685975 0.7446979375 0.35620295468749996 0.7429069015625 0.35354388124999997 0.7378677140625001 0.3512096359375 0.7331624546875 0.35451836875 0.7297447265625 0.35388147187499996 0.7276993218750001 0.3497798078125 0.724625984375 0.3473468375 0.7245888218750001 0.34338687968750004 0.709815653125 0.334588071875 0.70504653125 0.3225378375 0.6952329921875 0.3118728859375 0.750787796875 0.29513568125 0.753116615625 0.2952208625 0.7563037875 0.292675621875 0.7628610625000001 0.2942463734375 0.762408071875 0.29730113125 0.7650098375 0.30080887968750003 0.763444121875 0.3050514671875 0.765555734375 0.307654015625 0.76692805625 0.3041892484375 0.7696436578125 0.30271878750000003 0.772377840625 0.3032283046875 0.7743541515625 0.295690528125 0.7789693921875 0.2956204578125 0.78123723125 0.293485228125 0.781647828125 0.29019003906249996 0.7859239125 0.28819651562500004 0.788549490625 0.2899647171875 0.7907935203124999 0.28956903437500003 0.7937025125 0.287320753125 0.796304278125 0.2908285015625 0.7980343390625 0.291267165625 0.800156415625 0.28643066250000004 0.8085151906249999 0.2832214359375 0.8129370390625 0.2839291859375 0.8166991546875 0.2827700109375 0.8230020609375 0.282898171875 0.8328551109375001 0.280665 0.855870334375 0.2780942359375 0.8578599953125 0.2762559640625 0.8764905328125 0.2769374078125 0.8829444359374999 0.27604731718750003 0.8880974578125 0.273403353125 0.897563721875 0.272725821875 0.9083784984375001 0.270323071875 0.9114332562499999 0.2707760625 0.9129885062499999 0.27397252656250004 0.91568029375 0.2742416125 0.9197629859375 0.2730259109375 0.9181229468750001 0.2693485828125 0.919023696875 0.2669585953125 0.9235779609374999 0.2646681140625 0.9322520781250001 0.2651218875 0.9326812562500001 0.263806678125 0.931573765625 0.2612749828125 0.9269771062500001 0.26332503125 0.9197548671875 0.2636068796875 0.9172802859375 0.2608204265625 0.9133300109375 0.259037896875 0.90635925625 0.247623778125 0.9016406453125001 0.24523300781250001 0.8956501984375 0.23562928906249997 0.891167375 0.232701128125 0.8830682 0.2336334171875 0.8779494578125 0.2270987828125 0.8711511640625 0.229784946875 0.8664749484375 0.22763460625 0.8062038828125001 0.22512295781249997 0.797633134375 0.22713002499999999 0.7890438046875 0.2271571140625 0.78006769375 0.22873984531249997 0.704705765625 0.23062446875 0.5732803 0.24636111875000002 0.5711210624999999 0.24723766406249997 0.5673113187500001 0.251875934375 0.563912171875 0.2532190171875 0.559726109375 0.25197387656250003 0.5483363921875 0.2529905640625 0.5415009375000001 0.2517167703125 0.5297482484375 0.2525495515625 0.5260285265625 0.253949159375 0.4788615421875 0.262018065625 0.45075950625 0.26573367812500004 0.4409250375 0.26994682812500004 0.42551360312500003 0.27439962812499996 0.4196718046875 0.280635740625 0.4017939046875 0.2917211171875 0.3911063140625 0.2948451609375 0.386406284375 0.29443436875 0.386382471875 0.296173915625 0.39778842187499996 0.313995290625 0.404486228125 0.321986840625 0.40666404843750004 0.32309027343749996 0.41123689375000005 0.322779771875 0.42055739531249997 0.3194009671875 0.4398767109375 0.316490265625 0.4606664875 0.3162951625 0.4666302375 0.314499871875 0.46876566249999996 0.31536287343749997
9 0.33930604375 0.331000796875 0.3446048296875 0.33105810625 0.35518381875 0.3291927453125 0.3649520796875 0.326478709375 0.3673285234375 0.3230847953125 0.36451478593750003 0.3183748890625 0.36028344375 0.3037507609375 0.354952728125 0.29601396874999997 0.352388125 0.296466178125 0.34454855 0.29512153125 0.330975778125 0.2987543109375 0.3265539296875 0.2980465609375 0.3230328328125 0.294948821875 0.3181394125 0.29531585 0.3110495890625 0.29259946718749996 0.2987591203125 0.29600614375 0.29433727187500003 0.2952983921875 0.277219590625 0.29757298125 0.2472086234375 0.2988982140625 0.242070128125 0.29881264218750003 0.23935975781250002 0.296563578125 0.2321613328125 0.295105878125 0.20373872187500003 0.29887801718749996 0.17905964531250002 0.2995110015625 0.1641197828125 0.3028890234375 0.154568728125 0.303085690625 0.14819961406249998 0.30445664375 0.1228793859375 0.3052026796875 0.11354030468750001 0.3066015046875 0.09031834062500001 0.30425058437499997 0.07933398593749999 0.305691609375 0.0639939921875 0.3049257671875 0.059185359375 0.305773659375 0.05452249375 0.3093228234375 0.0479599875 0.3114715984375 0.0445846546875 0.3110751328125 0.0323179984375 0.3127422609375 0.027127815625000003 0.31142626875 0.020226153125 0.31165159062500003 0.016911796875 0.3134755359375 0.0111414390625 0.31449300468749997 0.0081662375 0.318240403125 0.0053658484375 0.3192300015625 0.0107418421875 0.34034578125000003 0.013789018750000001 0.36137638125 0.0163722046875 0.36290415 0.024405171875 0.3634709765625 0.1597827640625 0.3482769953125 0.2274170984375 0.34130937499999997 0.24931960000000003 0.3399264421875 0.29550104374999997 0.33376666250000003 0.3332999 0.33255565625 0.33930604375 0.331000796875
9 0.36332505312499996 0.1616596109375 0.370481084375 0.162876878125 0.3754540625 0.1667102390625 0.3822076109375 0.1806417265625 0.39018772031250004 0.1884071734375 0.3969465015625 0.198619134375 0.3981254328125 0.19593218750000002 0.40210290468750004 0.19349550468750001 0.420480925 0.191494496875 0.42714679999999994 0.191806565625 0.4363163046875 0.1894460140625 0.441657484375 0.189743753125 0.45166153124999997 0.1864923296875 0.4543957140625 0.18700184687500002 0.4674545171875 0.18420341406250001 0.4759166625 0.1834550296875 0.48188041249999997 0.1816597390625 0.48493516875 0.1821127296875 0.5027363984375001 0.1799655203125 0.511415746875 0.17669976874999999 0.5154322312499999 0.1769831828125 0.52123975 0.1799256703125 0.5338879578125 0.180422425 0.5639744234374999 0.1785880671875 0.5708575046875 0.176382765625 0.5984403421875 0.1772210265625 0.6069077187499999 0.1727531171875 0.613851775 0.1727682265625 0.6192115359375 0.1750459453125 0.620729625 0.1742824515625 0.626881534375 0.17542886562499999 0.6312424062499999 0.17391620624999998 0.6339765875000001 0.1744257234375 0.6518202093750001 0.1725189453125 0.6549173609375 0.17321236874999998 0.6572833421875 0.17725750625 0.6639677984375 0.179549553125 0.6635728984375 0.17168616406249998 0.6586103859375 0.16041375156249998 0.65921960625 0.152621215625 0.656106221875 0.13308973125 0.65797393125 0.1268106390625 0.6661155 0.12611878125 0.6692126515625 0.1268122046875 0.6748558265625 0.125073440625 0.681842278125 0.12532898125 0.7306307203125 0.11895742499999999 0.73569371875 0.119552121875 0.7414640765625 0.118534653125 0.751057528125 0.1185784171875 0.7630274218750001 0.11522826718750001 0.7641401453125 0.11404043593749999 0.7590661453124999 0.09088815156249999 0.7545171140625 0.08945910625 0.7516609796875 0.08450876874999999 0.74510370625 0.0829380171875 0.7428887234375 0.07787462656250001 0.7405413249999999 0.07580946718750001 0.7032273906250001 0.0816452 0.700856178125 0.0813195875 0.696736325 0.0785753328125 0.684941240625 0.0791676828125 0.6762247296874999 0.078473478125 0.6738349359375 0.0761678859375 0.6718133453124999 0.070326675 0.667730653125 0.071542378125 0.67144514375 0.0738622953125 0.6720386671874999 0.0772283375 0.6703695828125 0.079010084375 0.666268309375 0.0782458078125 0.6613086796875 0.08011195156249999 0.6540440484375 0.08015336875 0.6506263203125 0.07951647187500001 0.6471900125000001 0.0768995953125 0.6421694078125 0.0765453296875 0.634433203125 0.0776615234375 0.6258252921875 0.075708634375 0.6060768000000001 0.079934546875 0.60193313125 0.07892983906249999 0.5957150140625 0.079282540625 0.590991171875 0.0806112953125 0.4777961109375 0.092885525 0.4628138546875 0.0960231140625 0.45048622343750006 0.0954698328125 0.40896241250000004 0.1017999734375 0.403984203125 0.10168613906249999 0.3802616203125 0.1058690703125 0.3232177734375 0.11791069375 0.320223990625 0.1196781140625 0.315608753125 0.11974818437500001 0.311817590625 0.12636643281249998 0.312816478125 0.1301568125 0.3098650921875 0.1321646625 0.3080211953125 0.136704209375 0.3074357875 0.142757196875 0.308877203125 0.1509318703125 0.3118791015625 0.1585834828125 0.315249203125 0.1626994734375 0.3297546546875 0.1643561890625 0.342596253125 0.1640751234375 0.3476406703125 0.1626898421875 0.35550405937499996 0.1622949421875 0.35892178750000003 0.1629318390625 0.36332505312499996 0.1616596109375
9 0 0.193501384375 0.0034269015625 0.193883096875 0.1380104953125 0.18106028125 0.14429481875 0.17920846562499998 0.147712546875 0.1798453625 0.1553639625 0.1782483046875 0.1602388015625 0.175901296875 0.16698946875 0.176694228125 0.21152564062499998 0.17057664687500002 0.2299018109375 0.1698155015625 0.23344672187499999 0.1711736921875 0.2393680765625 0.1691379703125 0.24876813437499998 0.16995955625 0.2647307 0.168632365625 0.266918984375 0.162296746875 0.262115584375 0.1594251125 0.2600701796875 0.15532344843749998 0.25740220625 0.153314815625 0.25507050468750003 0.1400910796875 0.2524315765625 0.1326233734375 0.2503199640625 0.130020825 0.248226934375 0.1293982546875 0.2463087140625 0.12601788593750002 0.22772057031249998 0.1255768734375 0.21260301250000002 0.11857413750000001 0.20937344531250002 0.12087894531250001 0.1815257765625 0.1260371484375 0.176226990625 0.12597983906250002 0.1641299125 0.12860869375 0.15878873437500002 0.1283109546875 0.1439150796875 0.130189859375 0.13731017968749998 0.132098203125 0.1113249875 0.1346968375 0.1089299609375 0.1361107734375 0.1043571171875 0.136421275 0.10157530781249999 0.1393908515625 0.0971720421875 0.14066308125 0.0830057453125 0.14092981875 0.067731959375 0.1386648625 0.043315489062500004 0.1434659578125 0.0334303875 0.14471315468749998 0.01958466875 0.144923365625 0 0.1481966546875 0 0.193501384375
9 1 0.503916140625 0.9972750937500001 0.504538346875 0.9950548796875 0.50319448125 0.9912027406249999 0.5075923203125 0.9851449109375 0.507916759375 0.9823166499999999 0.5059363890624999 0.9826186437500001 0.503899884375 0.9741141046875 0.5044078359374999 0.96249383125 0.5022423875 0.95463044375 0.5026372875 0.943495090625 0.5050965640625 0.9213115265624999 0.49363789843749994 0.9193933062499999 0.490257528125 0.9205298421875 0.48733015 0.9117947484375 0.484655965625 0.9084379968749999 0.4862394796875 0.9064297546875 0.4860977734375 0.9072271359374999 0.48124694218749997 0.8995995328124999 0.48110445312500005 0.89466895 0.477511525 0.8888323843749999 0.48002810937499996 0.8814405671875001 0.47934823125000003 0.8787725937499999 0.4773395984375 0.777886584375 0.48818713125 0.756771 0.49215828437500003 0.750976828125 0.49491530156249997 0.7305023953124999 0.49877340312499996 0.71909409375 0.4978101125 0.7119142515625 0.4983323921875 0.6930426953125 0.5019078625 0.6894077625 0.503788334375 0.6833725734375 0.510802265625 0.6753291421875 0.5176744921875 0.6712464484375 0.51889019375 0.6677863281249999 0.518012865625 0.6575279125 0.5198217015625 0.648999559375 0.5220692 0.6417296953125 0.5258301421875 0.6365580937499999 0.526494128125 0.6218302046875 0.5310743078125 0.61622419375 0.5367730296875 0.613129925 0.5492181640625 0.6136096140625 0.557562415625 0.61955766875 0.566925703125 0.6221542015625 0.5741529765625 0.6355631625 0.5958355828124999 0.6408886453125 0.6072919015625 0.6482885796875 0.6173908109374999 0.64998959375 0.6232885484375 0.655452725 0.628027109375 0.6634247156249999 0.626373525 0.6710947140625 0.6267564453125 0.6741308890625 0.6252294578125001 0.678340765625 0.62473505 0.682767846875 0.621723275 0.6971089515625 0.6186987375 0.7016579828125 0.6201277828125 0.707645546875 0.61659294375 0.713113909375 0.6176119796874999 0.717323784375 0.6171175718749999 0.7202751734375 0.6151097203125 0.7248056218750001 0.6145587875 0.7281623749999999 0.6129752734375 0.732584221875 0.613683025 0.736134365625 0.611321690625 0.743634784375 0.610742884375 0.7470525109375 0.6113797812499999 0.7507298390625 0.6097397421874999 0.7551940828125 0.6106879234375 0.75963974375 0.6096561265625 0.762373925 0.61016564375 0.820591471875 0.5991565984375 0.8271063515625 0.6004869187499999 0.8380668921875 0.6007854421875 0.8443035890624999 0.6024127203125 0.8885853953125 0.5948525499999999 0.9028602937500001 0.593327128125 0.906919171875 0.593850971875 0.9534211921875 0.587634665625 0.9631470562500001 0.5846802 0.9687664187499999 0.58468098125 0.9872750046875 0.5809216046875 0.9921446125 0.5822941234375001 1 0.5818996249999999 1 0.503916140625
9 1 0.8693712765624999 0.9816528921875 0.8714681796875 0.96983399375 0.8738000781249999 0.968085353125 0.871381434375 0.9485116703124999 0.8728495484375 0.9366927734375 0.8751814453125 0.9328272859375 0.8738797796875 0.905795578125 0.8761671296875001 0.9017367000000001 0.8756432859375 0.89929928125 0.8768167890624999 0.876090665625 0.8801653734375 0.7713577500000001 0.8916912187499999 0.7691375359375 0.8903473546875 0.7653754203124999 0.8915065312499999 0.7615099328125 0.8902048656250001 0.75549855625 0.89547925 0.753575103125 0.8958184062500001 0.7374058 0.8922239125000001 0.7287502625 0.8937501171875001 0.7273593578125 0.89523490625 0.7225745390625 0.89434325 0.7188124234375 0.8955024265624999 0.7138342140625 0.8953885921875001 0.712400915625 0.8966329484375001 0.6988333765625 0.896546203125 0.69695231875 0.8971257906250001 0.696862296875 0.900364453125 0.693547940625 0.9021883984375 0.692133221875 0.905412734375 0.6845242015624999 0.9072502234375 0.6804229281249999 0.9064859468750001 0.677169546875 0.9105303031249999 0.6731106687499999 0.9100064578125 0.6698811 0.9123112656249999 0.667019734375 0.9110804531250001 0.6644127375 0.91129223125 0.65878814375 0.9150109750000001 0.6559505921875 0.9120406140625 0.6525857234375 0.9042050984375001 0.651364396875 0.9066516124999999 0.6491627640625001 0.9072877265624999 0.644123578125 0.90495348125 0.6416913906249999 0.9024074593750001 0.6361806328124999 0.9011479921875001 0.627567490625 0.902914628125 0.624936678125 0.904865953125 0.6208539875 0.9060816562499999 0.61006825625 0.9030253328125 0.60641474375 0.902925825 0.574508196875 0.9075601828125001 0.5658764734374999 0.907346840625 0.560469084375 0.908548215625 0.5347196796875 0.9106094625000001 0.51772918125 0.9136053453124999 0.507687971875 0.9128968125 0.37937418125 0.9265973484375 0.3478875203125 0.9289265062500001 0.33698795625 0.9308483937500001 0.3319673515625 0.9304941265625001 0.2930081453125 0.9363720578124999 0.2892698421875 0.9357916875000001 0.2543323515625 0.9382335062499999 0.21099369218750003 0.9436441203125 0.188190440625 0.947417040625 0.1782897640625 0.9531293078124999 0.1659992953125 0.9565359843750001 0.16163319062499998 0.9617681703125 0.1599350609375 0.9690089890625 0.15108613125 0.9713130140624999 0.13745238437500001 0.9727253843750001 0.131809209375 0.9744641484375001 0.10670095625 0.9764123421875001 0.09693792812499999 0.9754068515625001 0.093628803125 0.9735112718750001 0.090102471875 0.9741330578125 0.08683051093750001 0.976197434375 0.0766992796875 0.9787275640624999 0.080450184375 1 0.1314335828125 1 0.1482357671875 0.9926397890624999 0.1514891484375 0.9885954343750001 0.1813183609375 0.972179928125 0.187239715625 0.97014420625 0.2204947734375 0.9637846296875001 0.22931988749999999 0.96322015 0.2385741796875 0.9613404624999999 0.254088984375 0.9593485046874999 0.2578272890625 0.9599288749999999 0.2619099796875 0.9587131718749999 0.265733071875 0.95977440625 0.26881164218750003 0.9584878515625 0.27250755 0.9588277906249999 0.363158959375 0.9480495453125 0.3665766875 0.9486864421875 0.37102234843750004 0.9476546453125 0.374524865625 0.9487724046875 0.411687803125 0.9439549250000001 0.423567675 0.9438434375 0.4539892375 0.9392230156249999 0.46735409531250005 0.93909759375 0.468164825 0.9399462671875 0.4843631734375 0.9380816890625001 0.4870363796875 0.9363707968750001 0.49141583437499997 0.9368381140625001 0.4941738296875 0.935608084375 0.4985108875 0.9358349718750001 0.5090474828125 0.9337291796875 0.5148364234375 0.9346916875 0.5382146171875 0.9323048296875 0.5422973078125 0.9310891281250001 0.5461204000000001 0.9321503609375 0.5613994171875001 0.93069579375 0.5661232593750001 0.9293670390625 0.5699039578125 0.9301878406249999 0.5733031046875 0.928844759375 0.577210984375 0.93038685625 0.582213009375 0.9287611437500001 0.5849047953125 0.9290302296874999 0.5966812984375001 0.9264579 0.6157648265625 0.9240845875 0.6708747578125 0.9198211703125001 0.6740619296875 0.9172759312500001 0.6786957515625 0.9191858390625001 0.6811331703125 0.9180123359374999 0.6861961703125 0.918607034375 0.690151678125 0.9166700359375 0.6965207921875 0.9152990828125 0.70198915625 0.9163181187499999 0.7063500281249999 0.9148054578125 0.7100035421875 0.914904965625 0.7127191421875 0.9134345046875 0.7167356265625 0.9137179171875 0.7210964984375 0.9122052578125001 0.72479240625 0.9125451968749999 0.728233946875 0.9114425468749999 0.732099434375 0.9127442125 0.7334003171875 0.9144980859375 0.744154115625 0.9098749249999999 0.749664875 0.9111343921874999 0.7569719015625 0.9113334078124999 0.7607764125 0.9104146625 0.7646419 0.911716328125 0.857471128125 0.9020415171874999 0.8582818578125 0.9028901906250001 0.8638826375 0.9009109937499999 0.8663810328125001 0.9019579015625 0.8706571171874999 0.8999643781250001 0.8738390578124999 0.9011386640625 0.8784781109375001 0.899329046875 0.8815328687499999 0.8997820375 0.8849320140625 0.89843895625 0.8895896484374999 0.8986093171875 0.891984675 0.8971953812500001 0.9088903828125 0.8937186359375 0.9123505046875 0.8945959640625001 0.9157072562499999 0.89301245 0.9201291046875 0.8937202 0.9219253734375 0.8926597484375 0.929383396875 0.8918405125 0.9676724078125 0.8915347062500001 1 0.8865077359375 1 0.8693712765624999
11 1 0.6393336625 0.6951203640625 0.6805302875 0.6771170921875 0.644039646875 0.6282352062500001 0.6105146718750001 0.464648825 0.6294430890625 0.2595996125 0.65692205625 0.0870318859375 0.68115273125 0.1075932546875 0.797762046875 0.177483934375 0.78171983125 0.20166058125 0.8344754203125 0.24297818593749998 0.853220234375 0.267326221875 0.8600828296874999 0.5163557859375 0.857076834375 0.475302475 0.80233891875 0.456477471875 0.74244201875 0.541880071875 0.7112692890625001 0.5801515734375 0.76897678125 0.63412080625 0.8313535468750001 0.6946061953125 0.818209271875 0.7546414765625 0.8212583109375 0.8680362328125 0.8644800125 1 0.8610953265625 1 0.6393336625
8 1 0.6649328890625 0.9274184921874999 0.6482466 0.8342134796874999 0.682034640625 0.780444478125 0.7051504453125 0.6956777984375 0.7399296484375 0.6468103359375 0.77209745625 0.645274203125 0.8008776093750001 0.690035696875 0.8016616921875 0.8544032234375001 0.7590443828125 0.9601002140625001 0.7304908765625 1 0.7482715546875001 1 0.6649328890625
8 0.40463702343749997 0.4578132265625 0.40082151250000003 0.436174384375 0.3889916140625 0.41594869375 0.3559003671875 0.3969928859375 0.299163746875 0.4032784796875 0.2595157625 0.4127485578125 0.1843257625 0.39873682499999996 0.1406241328125 0.40396353281249997 0.10969319687500001 0.44412445624999997 0.12062288125000001 0.4967367734375 0.15809881406249998 0.512440375 0.1606686484375 0.508268640625 0.21165584062499998 0.4881224125 0.219153375 0.47440505 0.23754000937500003 0.466204853125 0.2638219640625 0.4652892390625 0.29210457968750003 0.48509293906249995 0.33257429374999997 0.49902912187500004 0.379057734375 0.4908328375 0.40463702343749997 0.4578132265625
8 0.5867696890625 0.469082028125 0.6331340625 0.4695834796875 0.6765308125 0.45325472031249997 0.711370165625 0.444632534375 0.76435801875 0.445205621875 0.8624384062500001 0.4390672125 0.8901374265625 0.4180691796875 0.913213625 0.41771882656250003 0.9369257453125 0.42097494687500003 0.977235809375 0.3965137140625 0.9325527984375 0.33993674375 0.9543309984375 0.350971071875 0.9648223140625 0.335486290625 0.9571651296875 0.3108062359375 0.9363277265625 0.31448043281250004 0.9114628375 0.29531362968749997 0.8780405515625 0.2838533984375 0.8643696406249999 0.2813058109375 0.8191580406250001 0.2967150421875 0.8794458781250001 0.3480613921875 0.78638609375 0.3545540671875 0.6554931765625 0.371436346875 0.5623404859375001 0.3680291296875 0.46232618125 0.381945746875 0.45727941562499996 0.400189109375 0.495948703125 0.478898546875 0.5094076375000001 0.48024397656250006 0.5867696890625 0.469082028125
8 0.072928984375 0.2262512453125 0.04228850625 0.2118214375 0.0193052125 0.222071684375 0.0255714921875 0.248236528125 0.033042865625 0.25311679531250003 0.07952630468750001 0.24492051093749997 0.072928984375 0.2262512453125
8 0.3087377453125 0.20450434843749998 0.2349792328125 0.23610298125 0.241933753125 0.22867903906249998 0.2483046796875 0.180453365625 0.1791951484375 0.17280668906250002 0.15434468125 0.2193326671875 0.21011434375000002 0.21693617812500002 0.205703496875 0.2387860140625 0.1714477390625 0.28820993437500003 0.18768848437500002 0.2865857875 0.24143132343749998 0.2820676125 0.3250858171875 0.278472878125 0.327019734375 0.2706946703125 0.3248594234375 0.21157793749999998 0.3087377453125 0.20450434843749998
8 0.7845018171875 0.175153821875 0.851584525 0.1806788125 0.8379659390624999 0.140935965625 0.7344410015625 0.14431579218749999 0.7078018453125 0.1713246140625 0.49023449062499996 0.212166678125 0.432769046875 0.2049459046875 0.3500815109375 0.204651534375 0.382153478125 0.26469170625 0.50769475 0.2549507375 0.5037601734375 0.24200963125000002 0.5190601203125 0.22567695781250002 0.579664575 0.2038349484375 0.6561264109375 0.2250596265625 0.7310115328125 0.22796930781250002 0.7209297421875001 0.18016562187500001 0.7845018171875 0.175153821875