8 0.4765625 0.6998697921875 0.486572265625 0.7164713546875 0.490234375 0.7200520828125 0.49267578125 0.716796875 0.490478515625 0.6884765625 0.464111328125 0.572265625 0.462646484375 0.5706380203125 0.458740234375 0.5703125 0.445556640625 0.5807291671875 0.44482421875 0.5888671875 0.45458984375 0.6546223953125 0.460693359375 0.6695963546875 0.4765625 0.6998697921875
8 0.3935546875 0.9069010421874999 0.404296875 0.9055989578125001 0.419921875 0.884765625 0.4228515625 0.8753255203125001 0.438232421875 0.6272786453125 0.435791015625 0.4661458328125 0.411865234375 0.4274088546875 0.407958984375 0.4244791671875 0.405517578125 0.4270833328125 0.40380859375 0.431640625 0.379150390625 0.5032552078125 0.37109375 0.5595703125 0.365478515625 0.728515625 0.364501953125 0.8199869796874999 0.365234375 0.857421875 0.39013671875 0.9059244796874999 0.3935546875 0.9069010421874999
8 0.456298828125 0.419921875 0.463134765625 0.4264322921875 0.474853515625 0.423828125 0.477294921875 0.4215494796875 0.488037109375 0.3645833328125 0.48291015625 0.330078125 0.47998046875 0.3248697921875 0.470458984375 0.3190104171875 0.466796875 0.3186848953125 0.462158203125 0.3229166671875 0.459228515625 0.3297526046875 0.447265625 0.3841145828125 0.447265625 0.3919270828125 0.449951171875 0.404296875 0.456298828125 0.419921875
8 0.76611328125 0.9508463546874999 0.78369140625 0.9039713546874999 0.802490234375 0.822265625 0.812744140625 0.7529296875 0.8125 0.7350260421875 0.810302734375 0.7223307296875 0.79736328125 0.7154947921875 0.783935546875 0.7171223953125 0.775390625 0.7203776046875 0.763427734375 0.7353515625 0.71044921875 0.8841145828125001 0.708984375 0.892578125 0.712646484375 0.9059244796874999 0.763671875 0.9527994796874999 0.76611328125 0.9508463546874999
8 0.487060546875 0.8776041671874999 0.491943359375 0.8102213546874999 0.48876953125 0.7945963546875 0.482421875 0.7825520828125 0.470703125 0.7845052078125 0.468994140625 0.7877604171875 0.466552734375 0.8020833328125001 0.46435546875 0.8304036453125001 0.469482421875 0.880859375 0.478271484375 0.8981119796874999 0.487060546875 0.8776041671874999
3 0.0091355984375 0.5108526796875 0.0086474046875 0.5388405984375 0.0071828265624999995 0.564875875 0.0062064046875 0.6000235093749999 0.0071828265624999995 0.644283525 0.0047418265625 0.674224059375 0.0047418265625 0.7171822578125 0.004253596875 0.7568860453124999 0.0013244015625 0.779016040625 0.0057182109375 0.8083057281249999 0.0086474046875 0.8252286484375 0.0159704078125 0.8349918765625001 0.0164586015625 0.8219742390624999 0.012553021875 0.813512803125 0.0091355984375 0.78096870625 0.0115765984375 0.7477736875 0.0115765984375 0.710022565625 0.01108840625 0.670318778125 0.0140176 0.6221534796875 0.015482215625 0.6045796875 0.0135294078125 0.5674794125 0.015482215625 0.531030009375 0.0164586015625 0.5115035515625 0.023293410937500002 0.493929759375 0.0276872203125 0.4757050453125 0.0315928359375 0.45813126562499995 0.0263671765625 0.4518229171875 0.0247580265625 0.4672435859375 0.019876025 0.48351563437499995 0.012553021875 0.4965332734375 0.0091355984375 0.5108526796875
3 0.0336798953125 0.6598232140625 0.041881653125 0.656178290625 0.048521178124999995 0.65045051875 0.052817334375000004 0.6415985203125001 0.0434439 0.646805575 0.035242128125 0.6520126312500001 0.028602601562500003 0.6520126312500001 0.021963090625 0.654616159375 0.014746084375 0.654427084375 0.012980195312500001 0.662947459375 0.021963090625 0.6624267625 0.0336798953125 0.6598232140625
1 0.327381134375 0.7138513859375 0.322303840625 0.80497485625 0.20943195 0.8070576859375 0.20747914843749998 0.7768567484375 0.1988868375 0.77789814375 0.20591693281249998 0.40559368906250004 0.1992773921875 0.41288356562499995 0.1902945265625 0.8138268343749999 0.06414358437499999 0.8127854390625 0.072735896875 0.5300423125 0.062597646875 0.5170572921875001 0.052817334375000004 0.8263237765625 0.33167732031249997 0.82319955 0.3351923375 0.7138513859375 0.327381134375 0.7138513859375
11 0.1762973984375 0.9996744796874999 0.180699903125 0.9945726640625001 0.1802117109375 0.9857857687499999 0.177770709375 0.9789514890625 0.171912303125 0.9747207703124999 0.1726446109375 0.9649575421875 0.178991209375 0.9623540046875 0.183629115625 0.9584487218750001 0.183629115625 0.946732865625 0.1787471140625 0.937295046875 0.1648246828125 0.9320880218750001 0.15652527656249998 0.9216738828125 0.1460289828125 0.918744921875 0.13943826875 0.9229756515625 0.1348003828125 0.934691521875 0.1335798828125 0.9431529937500001 0.1306506703125 0.9457565203125 0.12430407031249999 0.9447802 0.12039847343750001 0.9470582765625 0.11722516406250001 0.9548688765625 0.11893387656250001 0.9633303375000001 0.12039847343750001 0.9714663609375 0.12137487656249998 0.9783006171874999 0.12381587812499999 0.9880638453125 0.12381587812499999 0.9994542796875001 0.129674265625 0.9996744796874999 0.137939453125 0.9996744796874999 0.1762973984375 0.9996744796874999
11 0.1902198109375 0.9630049015625 0.1875347125 0.9747207703124999 0.1814322109375 0.9841585640625 0.18505859375 0.9938151046874999 0.188232421875 0.9970703125 0.196044921875 0.9996744796874999 0.331298828125 0.9996744796874999 0.3452290640625 0.9996744796874999 0.3579222609375 0.9994542796875001 0.36451295625 0.99099281875 0.36622165 0.973093565625 0.36622165 0.95942503125 0.3667098421875 0.9451056609374999 0.3640247640625 0.9340406375000001 0.3593868390625 0.9298099078125001 0.35279614531250003 0.9402240453124999 0.34864645 0.9363187265624999 0.34742595 0.9301353562499999 0.3523079515625 0.9177685890625 0.3583984375 0.9039713546874999 0.358642578125 0.8922526046874999 0.357421875 0.890625 0.346435546875 0.8883463546874999 0.337158203125 0.8883463546874999 0.23193359375 0.892578125 0.2001953125 0.9137369796874999 0.194580078125 0.9235026046874999 0.1963223125 0.93794593125 0.19900741093750002 0.9503126859375 0.19681050625000002 0.9604013640625 0.1902198109375 0.9630049015625
11 0.459228515625 0.9860026046874999 0.462890625 0.9778645828125001 0.464599609375 0.9703776046874999 0.4599609375 0.9593098953125001 0.447509765625 0.9524739578125001 0.440185546875 0.9524739578125001 0.400146484375 0.974609375 0.39599609375 0.9775390625 0.38818359375 0.9889322921874999 0.38818359375 0.9996744796874999 0.439697265625 0.9996744796874999 0.454833984375 0.9921875 0.459228515625 0.9860026046874999
3 0.4037756 0.1097713109375 0.40117185624999996 0.1188836515625 0.38945505625 0.12669423124999998 0.3803420015625 0.13537265625 0.3686251765625 0.14622068906250002 0.3598375828125 0.15706872031250002 0.34649345 0.1644453859375 0.345191578125 0.1483902953125 0.345191578125 0.134504828125 0.344866115625 0.11584619843749999 0.34649345 0.1045642515625 0.3429133203125 0.094150134375 0.340309575 0.08677348593749999 0.34714437343750004 0.06637918125 0.35495558125 0.041645665625 0.35397917031250004 0.0247227359375 0.3468189109375 0.049022321875000004 0.3380313171875 0.07635936875 0.33477665 0.08764131562500001 0.3399841140625 0.1045642515625 0.3396586515625 0.111073071875 0.3399841140625 0.1349387421875 0.3406350375 0.1514277484375 0.342262371875 0.167482871875 0.333474778125 0.17138813749999998 0.32305982499999997 0.1709542046875 0.3067864859375 0.167916753125 0.2979988921875 0.161407934375 0.28921129843750004 0.1605401046875 0.281400090625 0.15967225937500001 0.2765180765625 0.167916753125 0.2621975453125 0.166181078125 0.2547118109375 0.161841865625 0.246575140625 0.1627097109375 0.2377875359375 0.169652478125 0.2228160546875 0.1666149921875 0.2185849890625 0.173991690625 0.21175019218750002 0.170086359375 0.2032705296875 0.172689896875 0.19871398906249998 0.167916753125 0.1899263953125 0.16357754062500002 0.18244065 0.167916753125 0.17365305625 0.1670489234375 0.181138778125 0.17355774375 0.189275446875 0.17052029062500001 0.19871398906249998 0.17789695625 0.2055487875 0.17963263125 0.2117326609375 0.1765951796875 0.2201947921875 0.1813683234375 0.22605320468749998 0.1731238125 0.241675596875 0.1770291109375 0.2504632140625 0.167482871875 0.258925346875 0.172689896875 0.2807316109375 0.1748595046875 0.284637228125 0.164011471875 0.2976559 0.1670489234375 0.3054671078125 0.17442557187500002 0.3259715015625 0.177463025 0.33833924843749996 0.17833090468749999 0.3445230984375 0.17442557187500002 0.3461504328125 0.18614144999999999 0.34680140625 0.198725175 0.34940509999999997 0.214346334375 0.35233433125 0.2273639734375 0.35786725625 0.2416833890625 0.362749259375 0.2577384625 0.3647020796875 0.242117303125 0.3562399234375 0.21868554687500003 0.3533107421875 0.20176262656250002 0.3513579203125 0.18657538125 0.3500560734375 0.171822084375 0.36860767031249997 0.159238328125 0.370885928125 0.17529341874999999 0.3725132625 0.1896128171875 0.37804618749999996 0.20480007968749997 0.3773952640625 0.1870093296875 0.374140596875 0.16357754062500002 0.3731641859375 0.151861678125 0.39041393593749996 0.136240503125 0.4047344546875 0.1253924703125 0.4089655328125 0.11454443750000001 0.40831460937499997 0.13103344374999998 0.41091835468750004 0.1440510828125 0.41222020156249994 0.1627097109375 0.4148239453125 0.1948198765625 0.4297954375 0.210007121875 0.43272461875 0.23040144218749997 0.44021036562500004 0.25339925 0.4463942140625 0.258172378125 0.4571346296875 0.30503589062500003 0.4571346296875 0.27249179375 0.45192714062499995 0.2547010265625 0.44183770000000006 0.2412494734375 0.43728113437499994 0.2204212390625 0.43239913281250003 0.20219657500000002 0.42100779531250004 0.19395203125 0.41384753593749996 0.1184497359375 0.422960615625 0.121921103125 0.4395594421875 0.1327691359375 0.45485637187499994 0.1401458015625 0.46689863281250005 0.1418814765625 0.45583278125 0.1319012890625 0.4454178046875 0.126260315625 0.4356538 0.119751496875 0.42588979687500006 0.11411052343750001 0.414498459375 0.10586601250000001 0.41580035625 0.0937162203125 0.4180786140625 0.0841699484375 0.42003143437499996 0.0720201546875 0.41091835468750004 0.0598703546875 0.41321414218749997 0.078528975 0.410935859375 0.0885091609375 0.4089830640625 0.1028285609375 0.4037756 0.1097713109375
8 0.098605296875 0.0611363796875 0.10251087656249999 0.08391724687499999 0.1093456859375 0.1229701625 0.1552365109375 0.13403521093749998 0.1869695234375 0.113206934375 0.1576775125 0.11255606250000001 0.12155069062499999 0.10409460156250001 0.11666868906250001 0.0708996078125 0.12740911562499999 0.055929328125 0.14791350781249998 0.04226081875 0.15474831875 0.011669362499999999 0.1362304578125 0.005859375 0.11910969062500001 0.0318466921875 0.09469967968750001 0.044213459375 0.084447484375 0.057881970312499996 0.098605296875 0.0611363796875
8 0.48866634218750005 0.0748457390625 0.47694952968750004 0.11747850156249999 0.4752408359375 0.154253328125 0.47231160625 0.2007913953125 0.4830520328125 0.2479803359375 0.48354022499999993 0.268157665625 0.49428061406249996 0.248305771875 0.490863228125 0.204371240625 0.495012921875 0.18386845000000002 0.48939861249999994 0.1451410078125 0.5001390390625 0.09534851718750001 0.499650846875 0.0631298578125 0.4918396140625 0.037420034375 0.4813433390625 0.02212429375 0.493792421875 0.00031975 0.46911620468750004 0.00008138125 0.46279171718749995 0.016266359375 0.4698706046875 0.034816496875000005 0.4801228390625 0.0491358984375 0.48866634218750005 0.0748457390625
8 0.46897698125 0.4984892125 0.4711738671875 0.48351893281249997 0.47385898437499996 0.467246884375 0.47776458125000004 0.45520556718750005 0.47430419375 0.4513346359375 0.46531547968750003 0.4649688203125 0.46238626875 0.47863731875 0.4643390765625 0.490027753125 0.46897698125 0.4984892125
8 0.46775648125 0.54209830625 0.47166207968749996 0.548281690625 0.47532358124999996 0.546979921875 0.47629998437500004 0.540145665625 0.47385898437499996 0.5310333093749999 0.47019748281249996 0.5232227203125001 0.4714179828125 0.5183411062500001 0.4714179828125 0.5111814156250001 0.4687328671875 0.5082524421875 0.465759271875 0.50341796875 0.46360676874999995 0.5186665671874999 0.46140986406250006 0.524524490625 0.46653598125 0.5307078734374999 0.46775648125 0.54209830625
8 0.635548971875 0.082241028125 0.642627878125 0.09200425625 0.6523918828124999 0.103394690625 0.661667675 0.105998215625 0.6709434859375001 0.10664910000000001 0.6809515859374999 0.103394690625 0.6941329953125 0.10241839531250001 0.71170819375 0.1056728046875 0.740756109375 0.10795086875 0.7651661187500001 0.1102289578125 0.7990960359375 0.10697454843750001 0.8178917359375 0.10697454843750001 0.8293644328124999 0.1004657296875 0.847671940625 0.0972113203125 0.8603651749999999 0.0978621921875 0.86451486875 0.08777352656250001 0.861585675 0.0845191171875 0.85328625 0.083542796875 0.8410812453125001 0.0828919125 0.8286321624999999 0.0845191171875 0.82106504375 0.08777352656250001 0.8103246546875 0.0880989625 0.8017811515625001 0.08972616718750001 0.7900643406250001 0.0923297046875 0.78396181875 0.0946077828125 0.774197815625 0.0929805765625 0.758331309375 0.09265516562500001 0.7502760171875 0.09200425625 0.7388033015625 0.0880989625 0.729039296875 0.087448090625 0.7209840046875 0.08679720625000001 0.71219640625 0.08679720625000001 0.6955975921875 0.0819155921875 0.6851012796875 0.084844553125 0.6765577765625 0.0832173484375 0.67118758125 0.0767085296875 0.6690063421875 0.0708821625 0.65580926875 0.07085059375 0.6431160703125001 0.07085059375 0.6362812609375 0.075406771875 0.635548971875 0.082241028125
3 0.6741786656250001 0.4223108640625 0.688824671875 0.42589073437499997 0.707376275 0.42784337499999997 0.718848990625 0.4281688109375 0.7442354046874999 0.42393806874999995 0.7354477859374999 0.4216599921875 0.72446328125 0.42263632500000003 0.7115259875 0.42393806874999995 0.697124078125 0.42296175937499997 0.682966265625 0.4193819140625 0.668320259375 0.4167783765625 0.6690525671875001 0.41157132656249995 0.6680761640624999 0.381956215625 0.663513178125 0.3805338546875 0.664170565625 0.41222219843749996 0.6548947546874999 0.415151171875 0.655871159375 0.41970735000000003 0.6741786656250001 0.4223108640625
3 0.7090849875 0.3995299953125 0.718848990625 0.3969264828125 0.7264160890625 0.3969264828125 0.7286129953125 0.40441161093750005 0.730565784375 0.409944121875 0.7298334953125 0.41905645312499995 0.7337390921875 0.4161275046875 0.7337390921875 0.40668971249999997 0.7308098984375 0.40018089218749997 0.7310539953124999 0.395299278125 0.735935996875 0.385210625 0.7303216875 0.3848851640625 0.7278806875 0.3930211890625 0.7190930875 0.3923703046875 0.7078644859375001 0.3943229453125 0.692974384375 0.3910685359375 0.6876220640625 0.3931477875 0.692974384375 0.3962755859375 0.7002973875 0.397902790625 0.7090849875 0.3995299953125
8 0.78330135 0.6025979875 0.78330135 0.61724283125 0.77866344375 0.6292841375 0.7750019421875 0.6432781078125 0.768899440625 0.653692209375 0.758403128125 0.65434309375 0.750103721875 0.6579229515625 0.748639125 0.6667098484375 0.7488832203125 0.682656484375 0.7493714328125 0.6986030609375 0.750103721875 0.7197567234375 0.754253434375 0.7295199515624999 0.7593795328125 0.734401565625 0.7652379390624999 0.7291945156249999 0.77329323125 0.7161768765625001 0.783057234375 0.7093426218750001 0.7940417390625 0.708040853125 0.803561646875 0.7112952625 0.8113728609375 0.7158514406250001 0.81454615 0.7239874656249999 0.8226014609375 0.73375069375 0.8309008671875 0.72333659375 0.83212136875 0.6888398437500001 0.8318772531249999 0.6764730765625 0.833585965625 0.6598755921875 0.8316331578125 0.651088684375 0.829436253125 0.6400236984375 0.8291921562500001 0.6302604703125 0.8274834625 0.6208226765625 0.8255306546875 0.6156156265625 0.8182076515625001 0.613988421875 0.8155225546875 0.6094322421875 0.8160107468750001 0.6016216546875001 0.81454615 0.594136515625 0.80917595625 0.5944619640625 0.8057585515625 0.6025979875 0.79867964375 0.6025979875 0.7950181421875 0.5996690140625 0.7964827390625 0.5899057859375 0.79623864375 0.579491671875 0.79330945 0.5736337359375 0.7840576109375 0.57625325625 0.778907540625 0.584698740625 0.7808603484375001 0.5938110796875 0.78330135 0.6025979875
11 0.8490029765625 0.9362356765625 0.84363278125 0.945348021875 0.836797971875 0.9508805078125 0.8324041624999999 0.9521822765625 0.82825446875 0.9534840453125 0.8265457749999999 0.960969196875 0.8243488703124999 0.9681288890624999 0.8182463671875 0.9694306578124999 0.8123879609375001 0.9606437375000001 0.7989624562500001 0.9551112500000001 0.7855369515625 0.9603183015625 0.7725996578125 0.9635727109375001 0.7550244390625 0.963898146875 0.7479455328125 0.9801701953125 0.74721324375 0.990258884375 0.7579536515624999 0.9996744796874999 0.9992877 0.9993712171875 0.999755859375 0.8936029031249999 0.9978230859374999 0.8900230578125001 0.9902560046875 0.887094084375 0.9819565796875 0.8900230578125001 0.9665783031249999 0.9004371703125 0.9575465875000001 0.9059696578124999 0.9438769671875 0.9056442203125 0.935821675 0.8932774671875 0.9214197671875001 0.8861177640625 0.9082383578125001 0.8812361484375 0.9053091640625001 0.8701711515625 0.8940805624999999 0.8542245515625 0.88993085 0.8600824859375 0.8838283484374999 0.8701711515625 0.87455255625 0.873751009375 0.8652767453125 0.880259828125 0.8588256781249999 0.8911946625 0.8543731703124999 0.9124784765625 0.8524204 0.9225671546875001 0.8490029765625 0.9362356765625
11 0.6166725359375 0.9567436468749999 0.6095936296875 0.9482821734375 0.6054439171875 0.9375426250000001 0.6008060296875 0.9264776390625 0.6000737218750001 0.91248366875 0.5964122203125 0.897187953125 0.5934830265625 0.885146634375 0.59030971875 0.87766149375 0.5849395234375 0.8737562000000001 0.5793252140625 0.8714781109375 0.57517551875 0.875708840625 0.574199115625 0.887099275 0.57273451875 0.89914059375 0.5680966125 0.914436321875 0.5646792078125 0.9251758703125 0.563702803125 0.94014615 0.5634587078125 0.9538146734374999 0.562482303125 0.9684595171874999 0.5590648984375 0.9805008468749999 0.559553109375 0.987335103125 0.5629705140625 0.9996744796874999 0.634216303125 0.9982096359374999 0.6349800421875 0.9853824609374999 0.630586234375 0.9752937718749999 0.621310421875 0.9671577484375 0.6166725359375 0.9567436468749999
11 0.5266482359375 0.9455209218749999 0.5239631390625 0.93055064375 0.5195693296874999 0.9233909390624999 0.5124904406249999 0.919160209375 0.50565563125 0.9168821203125 0.499797225 0.9214382859375 0.497356225 0.928597990625 0.5005295328125 0.9360831296875001 0.5005295328125 0.9487753328125 0.4949152234375 0.953656971875 0.48930093281250003 0.9604912015625 0.4849071234375 0.9725325203124999 0.48417481562500003 0.9832720703125 0.4849071234375 0.9988932328125 0.5346183296875 0.9996744796874999 0.5334830453125 0.981319453125 0.530065659375 0.9712307640625 0.527624659375 0.958213125 0.5266482359375 0.9455209218749999
11 0.1078803890625 0.992312171875 0.1042188875 0.9910103781249999 0.09909278906249999 0.996217440625 0.0932343828125 0.9949156718750001 0.091281575 0.9893831734375 0.091281575 0.9825489171875 0.0876200734375 0.977667303125 0.081517571875 0.9783181875 0.0737063765625 0.9818980328125001 0.0663833734375 0.9884068515625 0.06262206406250001 0.9969889328124999 0.1093449859375 0.9996744796874999 0.1120300828125 0.9971937859375 0.1078803890625 0.992312171875
7 0 0.2581380203125 0.00634765625 0.2581380203125 0.010498046875 0.2565104171875 0.0126953125 0.251953125 0.0146484375 0.24479166718749998 0.0146484375 0.232421875 0.009765625 0.1871744796875 0.001708984375 0.1604817703125 0 0.1604817703125 0 0.2581380203125
3 0.41724682343749997 0.06311105312500001 0.4224542953125 0.063400340625 0.42679385312499996 0.0607968078125 0.43004852031249996 0.053854073437500004 0.4356899421875 0.045464946875 0.43764274687500004 0.0405471484375 0.4380766953125 0.035629371874999996 0.44176532812499997 0.0341829671875 0.44545394531250004 0.036786521875 0.45196328125 0.0364972234375 0.4569537796875 0.035050818750000004 0.4625952 0.037365062500000004 0.4617272859375 0.0327365625 0.4567368046875 0.031290157812500004 0.45218025624999997 0.0324472859375 0.44784069843749996 0.03302585 0.44241625312500005 0.031579445312499996 0.4437181328125 0.02666166875 0.44567092031250005 0.0226117328125 0.4458879109375 0.015379710937499999 0.44567092031250005 0.00727985 0.44306719218749996 0.017115403125 0.44176532812499997 0.0229010203125 0.43959555000000006 0.027529509375 0.4359069171875 0.032158009375000005 0.43482202656249996 0.035629371874999996 0.432869240625 0.041125734375 0.42939758125000005 0.046332765625 0.42679385312499996 0.05153981875 0.4231052359375 0.057904 0.4174637984375 0.0584825859375 0.414643096875 0.054143371875 0.4124733171875 0.0474898921875 0.4098695734375 0.040257871875000004 0.4057470078125 0.038522179687500005 0.40641275468750004 0.0427517359375 0.40878468437500004 0.0483577546875 0.4105205140625 0.053564785937500005 0.4129072671875 0.0584825859375 0.41724682343749997 0.06311105312500001
5 0.9638982265625 0.7426477484375 0.9727788046875 0.7944327078125 0.999755859375 0.8876456171875 0.999755859375 0.8654520765625 0.999755859375 0.5103551359375 0.9986634921875 0.5242919984375 0.9772190937499999 0.5798949375 0.9661184453124999 0.6228025015624999 0.9605679734375 0.68790355625 0.9638982265625 0.7426477484375