9 0.56271645625 0 0.5891392609375 0.0073094921875 0.6214762046875 0.013044159375 0.6335817890625 0.0029785640625 0.69961925625 0.026502362499999998 0.7060129671875 0.0177725 0.70768244375 0.0131810734375 0.7041135703125 0.0037603640624999995 0.6914700296875 0 0.56271645625 0
8 0.7681669984374999 0.039867320312499996 0.8167326125000001 0.0425423375 0.820890803125 0.0408175078125 0.8247806890625 0.03616510625 0.81537676875 0.029229165624999998 0.7735726765625001 0.017098346875 0.7593872125 0.0195996265625 0.76502784375 0.036123784375 0.7681669984374999 0.039867320312499996
8 0.8674326734375001 0.053104557812499995 0.8633166828125001 0.05647465625 0.8615341531249999 0.0604249328125 0.8656207078125 0.0653235859375 0.8808658390625 0.070237934375 0.8897761359375 0.0673446390625 0.8967916328125 0.0621411078125 0.8980224453125001 0.0592797421875 0.896693690625 0.054555900000000004 0.8942049765625001 0.0516893015625 0.8790020437500001 0.048420225 0.8737125484374999 0.0493529046875 0.8674326734375001 0.053104557812499995
9 0.49000794531249997 0.24790521562499998 0.49423620625 0.250795628125 0.5298893671875 0.25475583125 0.5527244812500001 0.252382096875 0.5775219093749999 0.254951034375 0.5821745078125 0.25743608125 0.58753485625 0.2554992796875 0.59592130625 0.2566648625 0.5993860734374999 0.2580371859375 0.6032600687499999 0.2659482 0.6084779265625 0.2716390015625 0.6193530921875 0.27567118125 0.6224070671875 0.281743534375 0.6251505390625 0.28324304218749996 0.6336930234375 0.2810756859375 0.6379650484375 0.27437264687499996 0.6433540515625 0.26978645156250003 0.6474413875 0.26906574375000003 0.6564782796874999 0.2711082640625 0.66691478125 0.27687050625 0.6735760109375 0.2766875796875 0.684650190625 0.27341273125 0.6920040625 0.2757520140625 0.6999383046875 0.2743529921875 0.716880784375 0.2776458828125 0.7259463312500001 0.2770390109375 0.75236436875 0.2806443625 0.7871002234375 0.2783836671875 0.77791233125 0.29375092812500003 0.7692912828125 0.301087184375 0.7795614484375 0.3098510421875 0.8056362359374999 0.3835066140625 0.8034038265625 0.39295383125 0.8048886140624999 0.39434473593749997 0.8043361156250001 0.40105300625 0.8072905828125 0.4107788734375 0.8100905812500001 0.4125989546875 0.8210892125000001 0.44404439375000004 0.820650546875 0.44577445468750004 0.8245675234375 0.44971138125000004 0.8240580062499999 0.45244556406249997 0.8260372015625 0.45804634375 0.83277301875 0.4639102109375 0.8348599703125 0.474339946875 0.842763209375 0.49244839999999995 0.849012865625 0.5025848640625 0.8501147328125 0.511645765625 0.8570984453125 0.53156906875 0.8603793078124999 0.5333043625 0.8662441359375 0.5309480640625 0.872980475 0.5330656921875 0.8768273796875 0.5323873796874999 0.8794442546875001 0.5289510703125 0.8882263890625 0.5323606812499999 0.894138453125 0.5293349703125 0.8988061609375 0.524875959375 0.8981565015624999 0.5183796593750001 0.896445609375 0.5157064546875 0.8972528671875001 0.5076310921875 0.8953453078125 0.49540683124999996 0.8844024203125 0.469901328125 0.8819559046875 0.46868000312499997 0.877459340625 0.46286201875 0.8731458999999999 0.4623004234375 0.871548059375 0.46026836875 0.8678993859374999 0.459259015625 0.8486989921875001 0.4206656640625 0.8475262718750001 0.41260888281249997 0.8441610125000001 0.407583046875 0.8441896671875 0.40493365312499996 0.838633434375 0.3917000390625 0.8372210640625 0.3780662921875 0.8343509953125 0.3716309703125 0.8358930921875001 0.3677230890625 0.8326289046875001 0.3478050171875 0.8330396984374999 0.34310498749999996 0.8313582421874999 0.3321630296875 0.8320803187499999 0.32641648437500004 0.8268074999999999 0.3091663859375 0.8194695203125001 0.29426368593749996 0.8150920890625001 0.2792796859375 0.814650475 0.2683394703125 0.8134347734375 0.264256778125 0.808612596875 0.26081000625 0.8043127 0.2645430765625 0.7986999406249999 0.2509888859375 0.7804300171875 0.2561287015625 0.4021993703125 0.223723134375 0.3889342171875 0.21879020468750002 0.386162090625 0.2199400890625 0.3879008546875 0.2255832625 0.38801312499999996 0.23184377656250002 0.39163314374999997 0.23550252187499998 0.399524403125 0.23807758906249998 0.42205333593749994 0.24071598125000002 0.42861505937500005 0.2441865671875 0.43715754375 0.24201921249999997 0.45719698124999997 0.2474103671875 0.48486015781249997 0.2468296546875 0.49000794531249997 0.24790521562499998
9 0 0.543744334375 0.00867011875 0.592915021875 0.0306473359375 0.5966423234375 0.5109501703125 0.574755053125 0.568865528125 0.567187353125 0.6806662125 0.5474738765625 0.6873990796875 0.5406674671875 0.6877676734375 0.5343221671875 0.682721740625 0.5127350093749999 0.6745079984375 0.49005371093749994 0.6082833046875 0.45049682031250005 0.5666050265625 0.44892117656249997 0.026226081249999998 0.45628025625 0 0.460182096875 0 0.543744334375
9 0.8345486843750001 0.47538646250000005 0.8203512421875001 0.46235435625 0.7682817921875 0.43418429999999997 0.7489493234375 0.42999065937500003 0.7316247046875 0.428748403125 0.6963099171875 0.43233101406249996 0.6896908859375 0.4341592125 0.687979209375 0.4371053671875 0.6952002234375 0.4794637203125 0.7069329109375 0.5206959999999999 0.715288359375 0.5413690578125 0.7740794796875 0.5415799578125 0.8406217187499999 0.5351354453125 0.852346340625 0.5327375359375 0.8548923625 0.5303053484375 0.8471602656250001 0.5019199000000001 0.8367261140625001 0.47929957500000003 0.8345486843750001 0.47538646250000005
9 0.7307034671875 0.5567401296875001 0.7233726140625001 0.5601477171875 0.7004987984375 0.563123528125 0.692513440625 0.5560717281249999 0.6708921328125 0.5581219578125001 0.6505669359375 0.5736053703125 0.65001521875 0.5746942796875001 0.6546956890625 0.58014929375 0.6588252234375 0.5810738578125 0.7381955171875 0.5700536171875 0.7451401609375 0.5658542062499999 0.7420153328125 0.5607859734375 0.732937025 0.551478821875 0.727469959375 0.545149328125 0.7195047828125001 0.5539561171875 0.7307034671875 0.5567401296875001
8 0.7847118640625 0.562512615625 0.7993774078125 0.56554590625 0.8039893734374999 0.5551469609375 0.8040323546874999 0.551172871875 0.800724403125 0.54084825 0.7838663218749999 0.5408459015625 0.7783785937500001 0.543466246875 0.7808378703125001 0.5546015984375 0.7847118640625 0.562512615625
9 0.2800379109375 0.6078686375 0.2861482078125 0.603155259375 0.28084516875 0.599793275 0.272770003125 0.5975811765625 0.2237091984375 0.5963156453125 0.0573464375 0.6130892718750001 0.0137009421875 0.6214462359375 0.0172007984375 0.640353340625 0.0364091921875 0.63908134375 0.0393067265625 0.62852439375 0.1109808546875 0.6301622499999999 0.18184261875000002 0.6181961578124999 0.19761207812499998 0.624055246875 0.2367880984375 0.6184696296875 0.269798078125 0.6116574515625001 0.2800379109375 0.6078686375
11 0.5249752671875 1 0.46321221250000005 0.611652478125 0.22740183906250003 0.6305780921874999 0.25594300312499996 1 0.5249752671875 1
11 0 0.16699658906249998 0.1317177203125 0.1863429734375 0.13758283437500002 0.056235943749999996 0 0.080466746875 0 0.16699658906249998
11 0.8489063140625 0.6402477656250001 0.860582915625 0.620964484375 0.8506030359375 0.6040644515625 0.8639039765625001 0.6031545109375 0.8835365812499999 0.583186053125 0.7330012671875 0.60026020625 0.7400081000000001 0.66088483125 0.7685350015625 0.7096809640624999 0.7771046609375001 0.712476009375 0.8212164859375 0.706133265625 0.8485259171875 0.699164834375 0.8533197453125 0.6897073406249999 0.85246306875 0.6726340140625 0.8497629874999999 0.657321090625 0.8489063140625 0.6402477656250001
10 0.7563381140625001 0.8725925484375001 0.7415957468750001 0.8622737265625 0.6887890875 0.8773264093750001 0.6424030796875 0.8890939421875 0.5664945875 0.9051511781249999 0.5765912890625 0.96170135 0.61938190625 0.95702693125 0.66235785 0.94729609375 0.710156521875 0.9374325375 0.749845115625 0.9304343671874999 0.7575591828125 0.9619681312499999 0.784714534375 0.957179909375 0.7699372921875 0.9161262953125 0.7563381140625001 0.8725925484375001