7 0.19288744375 0.0279930421875 0.2034388703125 0.03562255625 0.20459423906250002 0.0458578578125 0.20820424843750002 0.0475040890625 0.2114291359375 0.0457385546875 0.2112033109375 0.032801071875 0.217242396875 0.0243936140625 0.2198206015625 0.02288354375 0.228633890625 0.0241947734375 0.2396573046875 0.02156058125 0.2504489859375 0.0243023453125 0.255060975 0.0273961546875 0.25930062187499997 0.027810507812500003 0.271932703125 0.0427290375 0.27362823125 0.046606287499999996 0.2727796421875 0.053946434375 0.2742519625 0.063687846875 0.27205461875000003 0.0683655796875 0.27407988125 0.0724812515625 0.27733720625 0.0912260875 0.2754482921875 0.094921725 0.27617592968750004 0.099304225 0.2726937453125 0.10498109687499999 0.268505228125 0.10749598593750001 0.2672800390625 0.111912571875 0.26861600937499996 0.113842675 0.27352364375 0.115222078125 0.28919739375 0.1178786265625 0.2921735046875 0.120512634375 0.29597263906250004 0.114341875 0.29416632656249997 0.1041179359375 0.29478056874999997 0.0833521 0.290652384375 0.033367706250000004 0.290288565625 0.03117645625 0.2870040265625 0.029524542187500002 0.2859892640625 0.027344654687499997 0.28781426718750003 0.019987465625 0.2878542625 0.003626853125 0.167429896875 0.005728868749999999 0.16763441875 0.017445834375 0.168053628125 0.022810428125 0.17300813125 0.026874970312500003 0.177547684375 0.025819020312500003 0.18476770625 0.029111484375000003 0.19288744375 0.0279930421875
7 0.3773955578125 0.02281901875 0.37215393125 0.0209570890625 0.36826532031250003 0.0220016765625 0.366063715625 0.026435306250000002 0.36745081874999996 0.03129465 0.3700716296875 0.032225615624999995 0.376387671875 0.03968488125 0.385205221875 0.0412402140625 0.3885408890625 0.04582136875 0.391419 0.042840996874999995 0.3916592546875 0.037953246875 0.3879043765625 0.0280074984375 0.380316278125 0.02227968125 0.3773955578125 0.02281901875
9 0.49563654843749994 0 0.477929475 0.000309078125 0.4777872203125 0.0108112078125 0.4827332015625 0.0143875421875 0.48336971406250007 0.0322014125 0.48164697187499994 0.045417084375 0.49001054374999997 0.095571728125 0.49459696875 0.097200915625 0.49914504375 0.0966331734375 0.5106217546875 0.10131640312500001 0.5312201828124999 0.10632876875 0.5352025328125001 0.11065445625 0.5425844625 0.12322285156249999 0.562795440625 0.19929772343750002 0.5573945140625 0.206961509375 0.5595177765625 0.216691559375 0.5675395140624999 0.2099587390625 0.5684775796875 0.2077447640625 0.5716018546875 0.1815632046875 0.5692442468750001 0.1584074640625 0.5700544875 0.1488703859375 0.566282565625 0.1379482234375 0.5539205671875 0.1198506671875 0.5484488546875 0.1048071515625 0.548971971875 0.0974726859375 0.54603585625 0.0784780671875 0.55114704375 0.054215246875 0.5454154203125 0.024281421875 0.54102664375 0.015323448437500001 0.5376516234375 0 0.49563654843749994 0
8 0.6931613999999999 0 0.7706202249999999 0.01912956875 0.7754767296875 0.01757973125 0.7784272750000001 0.0187491171875 0.7826584000000001 0.0186752625 0.7865981421875 0.0205599171875 0.802939878125 0.024181515625 0.8065626703125 0.0265600578125 0.810130071875 0.02576525625 0.8120530734375 0.024022445312499998 0.8219339 0.0118852609375 0.8282388062500001 0.0000546734375 0.8282408875 0 0.6931613999999999 0
11 0.6986592390624999 0 0.7160066140625 0.00518800625 0.8062457203125 0.027053946875000002 0.8104555421875 0.025759575 0.8216126906250001 0.012135045312499999 0.8269965734375001 0.003494846875 0.827547015625 0 0.6986592390624999 0
8 0.856945828125 0 0.8589566671875 0.006599648437499999 0.8643516859375 0.0172493015625 0.8675237953125 0.0311120671875 0.873205934375 0.039559109375 0.8804259546875001 0.042851571875 0.9457545515625 0.055141037500000004 0.9477286828124999 0.0563274671875 0.9666758375000001 0.041346074999999996 0.9666161859375 0.0379286265625 0.9733147343749999 0.0299980140625 0.9820001984375001 0.023986140625 0.9855676000000001 0.0231913375 0.9913621703125 0.0194275265625 0.9910230609375 0 0.856945828125 0
11 0.8567048078124999 0 0.85896945 0.0073319578125000005 0.8640219531250001 0.0170108796875 0.8671983234375 0.0311177484375 0.8728847249999999 0.039808893750000005 0.8804302156249999 0.043095676562500004 0.948058415625 0.056565890625000004 0.9666800984374999 0.041590178125 0.9771436953125001 0.025535978124999997 0.9855761218750001 0.0236795453125 0.9884542328125001 0.020699173437500003 0.99136643125 0.0196716296875 0.9910230609375 0 0.8567048078124999 0
9 0.8429081375 0.3182064890625 0.8471179609374999 0.31691211875 0.8764546296875 0.300284309375 0.8806133203125001 0.2960606953125 0.8729868749999999 0.2881359484375 0.8625036203124999 0.28441208906250004 0.8033845421875 0.273479303125 0.7945840359375 0.2729003828125 0.7900913515625 0.2766414703125 0.782250215625 0.27506909375 0.7750046312500001 0.270312009375 0.7708288953125 0.2735592078125 0.7679763484375 0.2780042 0.7677275734375 0.28240374375 0.770163521875 0.291395803125 0.778860121875 0.3046737828125 0.7792282015625001 0.3071091359375 0.7764054812500001 0.313262853125 0.777124596875 0.3171571453125 0.7991442125 0.3289816828125 0.81437745 0.3250531171875 0.8295808609374999 0.3194158296875 0.8429081375 0.3182064890625
5 0.7503490890625 0.331298471875 0.749094075 0.3340063328125 0.7569735578125 0.3377756421875 0.7830538671875 0.3397621859375 0.7843727953124999 0.340715875 0.790814046875 0.3366965984375 0.7848703484375 0.3319167890625 0.779966975 0.3307814890625 0.77802266875 0.3313037828125 0.7652483343750001 0.32688738125 0.7503490890625 0.331298471875
5 0.9877369375 0.3339918296875 0.8944817265625 0.3258524921875 0.8591859625 0.3181665375 0.851751253125 0.32122644375 0.8469501390625 0.32594962656250004 0.8440379421875001 0.3269771703125 0.8349460515624999 0.328356759375 0.8249075734375 0.331462115625 0.8154731671875 0.3318709703125 0.8109591765624999 0.334391540625 0.8073491687500001 0.332745309375 0.8008354828125 0.332614828125 0.7940559765625 0.3359074765625 0.7996827265625 0.3411811734375 0.8042350624999999 0.340857534375 0.831060053125 0.3482029921875 0.9600856296875 0.3725662234375 0.980598840625 0.3726965203125 0.9871380921874999 0.374291621875 0.9975531734375 0.37410982656249997 0.9968245687499999 0.3323681375 0.9912830359375 0.331976509375 0.9877369375 0.3339918296875
9 0.69039711875 0.242812271875 0.67752031875 0.23836705625 0.6416881578125 0.22679866718750002 0.6039531171875 0.22512234375 0.5824715781250001 0.2231623140625 0.5821285359374999 0.243145446875 0.5892577015625 0.2552148484375 0.6367300078125 0.2598345296875 0.6703288 0.26236138124999997 0.6817317796875 0.2616434546875 0.6875111078125 0.2558348203125 0.69039711875 0.242812271875
7 0.5524861999999999 0.2614988359375 0.55120561875 0.262742078125 0.5601467328124999 0.2713764125 0.56420151875 0.279851859375 0.5771479328125 0.2754748546875 0.58271503125 0.277331103125 0.5882480421875 0.277234525 0.5919534375 0.2656934890625 0.5876285734375 0.26039706875 0.571003975 0.259222184375 0.5524861999999999 0.2614988359375
5 0.4653372796875 0.21149850781250001 0.453624575 0.21194713125 0.44877659375 0.2139851765625 0.44583883125 0.2135480984375 0.43907636875 0.2178171609375 0.428615384375 0.2526730078125 0.42882842656250003 0.2648781796875 0.435448634375 0.271111246875 0.44298986406249996 0.27415392656250004 0.456368271875 0.275873828125 0.46221823281249996 0.2752833609375 0.474394403125 0.2640828234375 0.47444291875 0.24821041875 0.47064281875 0.21702198906249998 0.4653372796875 0.21149850781250001
5 0.4557804640625 0.1813811125 0.4649453515625 0.179120146875 0.4591872875 0.170216396875 0.4280239359375 0.1731614890625 0.39839800625 0.17247804375 0.3861393546875 0.1579850671875 0.38215118124999997 0.13584418125 0.35846865 0.13175543125 0.3150152234375 0.11840724531249999 0.30465537343750004 0.12098921250000001 0.3060284078125 0.130869928125 0.3159756921875 0.15050566406250002 0.33259318437499996 0.16252142187500002 0.347874303125 0.1667568171875 0.3693941390625 0.1615789171875 0.383558853125 0.17063606874999998 0.4326289359375 0.18478664218750002 0.4557804640625 0.1813811125
5 0.235915075 0.6651565328125 0.23627676250000001 0.6672257312500001 0.24283305781250003 0.6697972453125 0.24585177656249999 0.6748722875000001 0.2523995484375 0.676955596875 0.2550885359375 0.6817922171874999 0.2596451328125 0.68171268125 0.2613108359375 0.6838812062499999 0.26653968125 0.685010825 0.2720471265625 0.6834496265625 0.291924790625 0.703125240625 0.2912994140625 0.7046012234375 0.2926183421875 0.7055549125 0.3020868359375 0.707098884375 0.30532024375 0.70582155625 0.31413779375 0.7073768890625 0.34168189843749996 0.718616640625 0.3404694921875 0.7237655375000001 0.34868296875000004 0.728017371875 0.3573982578125 0.723714221875 0.3652990453125 0.7287040484375 0.3688067953125 0.724491796875 0.3964122 0.7205914531250001 0.39766721562499996 0.717883590625 0.4018472125 0.7148804953125001 0.4011536609375 0.7124508234375 0.398849796875 0.7110259703125 0.40264893125 0.7048552109374999 0.40751395625000003 0.7037935796875 0.40875618906250005 0.7003534078125 0.4539632875 0.6416941734375 0.4583537125 0.632094603125 0.45630714687499996 0.6267584140625 0.44909565 0.6239541578125001 0.45155455 0.6156091906250001 0.4585444859375 0.60572006875 0.4597185453125 0.598374240625 0.45456378124999997 0.5828368375 0.4516847046875 0.5484580203125 0.453201278125 0.542082925 0.45149722812500004 0.53771746875 0.453241275 0.5257223140625 0.4511648828125 0.5186774 0.4384161125 0.5157256203125 0.4350761828125 0.5109003624999999 0.4155223421875 0.509776609375 0.41061896875 0.5086413078125 0.40074830937500006 0.50270915625 0.37467226249999996 0.5009667140625 0.3299420921875 0.49368961562499997 0.3211671515625 0.494575315625 0.31435782031250004 0.49615923906250003 0.29107301875 0.5051119015625 0.28320631875 0.502074903125 0.27476110781249996 0.5031990265624999 0.2511508375 0.51215736875 0.2460199921875 0.516642128125 0.23437972187499997 0.5212405109375 0.22473062812500003 0.5280017375 0.218836409375 0.5447087125000001 0.219062234375 0.5576461953125 0.2200556921875 0.558605565625 0.2184787859375 0.61747994375 0.2191936390625 0.6211301328125 0.2205083078125 0.62183971875 0.2235722484375 0.6481574421875 0.2255463796875 0.649343871875 0.229572403125 0.6561716203125 0.2299777671875 0.6607428796875 0.235915075 0.6651565328125