9 0.3880037625 0.7550242234375 0.3773999296875 0.7821425140625 0.37329329218749996 0.7984832359375 0.3660025375 0.815592221875 0.3619631609375 0.8301945359375 0.3479623125 0.851767875 0.3452959296875 0.8604231046875 0.3413182546875 0.8675227874999999 0.3338682984375 0.8911096453124999 0.33028617968749996 0.9080725859375001 0.3311031921875 0.9117690843749999 0.3211010265625 0.9623285953125 0.3263640859375 0.9728144828125 0.3390511953125 0.9757435328125 0.3466774171875 0.9586285578125 0.3578109359375 0.9422396171875 0.365773065625 0.92077550625 0.43002864062499996 0.8421502515625001 0.4333047 0.8366425265625 0.44141802500000005 0.828994259375 0.45519486249999996 0.7895792625 0.4598451375 0.7650954859375 0.45165833125 0.7108378453124999 0.45500165 0.703591709375 0.45120229843750004 0.6954482468750001 0.4594020078125 0.677296296875 0.46137911562499995 0.6687324968749999 0.4651371125 0.6625843484375 0.46643728749999996 0.6526114546875 0.47369102031250004 0.640004046875 0.47879176875 0.6251456453124999 0.47645056874999997 0.6135803859375 0.47740332656250006 0.6007710953125 0.48669709375 0.5590682890625 0.4859350015625 0.5551339078125 0.48161669218750003 0.552132446875 0.4812692765625 0.5492960515624999 0.4858510671875 0.539579653125 0.49130045625 0.5145286796875 0.49132513749999995 0.5115276265625 0.4863064375 0.49708915468750003 0.4801220828125 0.4891467578125 0.47382666562500003 0.49470909687500003 0.468140921875 0.503418940625 0.4551218453125 0.527975128125 0.4518211046875 0.53648390625 0.4471405921875 0.5582045140624999 0.42544109375000005 0.58852410625 0.4174419421875 0.6144897968749999 0.4115161734375 0.645945415625 0.41476077031249997 0.650703490625 0.41946351562500006 0.65203976875 0.4205002078125 0.6547847328125 0.421676978125 0.6598170999999999 0.4195625703125 0.66897560625 0.413073709375 0.68839950625 0.4102795875 0.6932668078125 0.406491353125 0.6966517875 0.3880037625 0.7550242234375
9 0.5364148640625 0.3741055203125 0.5372756812499999 0.3660356921875 0.53345165 0.36089328125 0.532726578125 0.352457321875 0.54016296875 0.343399959375 0.5493858046875 0.34252246875000003 0.5511487921875 0.3406744234375 0.5545346906249999 0.33469093125 0.5562069625 0.32455337968750003 0.5759250171875 0.284004396875 0.5797805125 0.2788810078125 0.5817452796875 0.271817734375 0.587937640625 0.2594664140625 0.5884868375 0.25708758125000003 0.586053696875 0.2502617828125 0.579442325 0.24272192656249997 0.5777904015625001 0.2310652359375 0.5721743671875 0.21197873281250001 0.574443971875 0.20648921250000002 0.5809164890625 0.19871269687499998 0.5924212703125 0.190845159375 0.5966488625 0.1855571125 0.6062764828125 0.161220196875 0.6003611703125 0.1463241625 0.603241675 0.1309531765625 0.603267578125 0.11492315625 0.605629125 0.10469417343750001 0.6032509046875 0.0976304921875 0.5995243734375 0.0935128421875 0.5962550953125 0.0917558203125 0.5854630453125 0.10955984375000001 0.5784660125000001 0.11671413906250001 0.5732801046875 0.1290472546875 0.5679578937499999 0.1521002890625 0.5344981343749999 0.25940649531250004 0.5237597796875 0.29000160468749997 0.503475290625 0.38654582187500003 0.5060114890625 0.4001606015625 0.5207361875000001 0.400052190625 0.527569684375 0.380582575 0.530985821875 0.37736225156250003 0.5340601015625001 0.37706975468750004 0.5364148640625 0.3741055203125
9 0.49040099843749996 0.024972409374999997 0.48518051875 0.015749165625 0.4817464828125 0.0147057921875 0.46821211875 0.0053170765625 0.4607454890625 0.01161126875 0.44621334218750003 0.0398271375 0.44163710937499995 0.055307757812500004 0.43354601718749997 0.086012909375 0.43503996562499997 0.091118503125 0.443274246875 0.09452291093750001 0.4495326421875 0.0934621515625 0.4916357984375 0.0615890515625 0.49641814531249995 0.059686392187500006 0.498717990625 0.056960040625 0.4997133265625 0.045413393749999996 0.4944447078125 0.0291632859375 0.49040099843749996 0.024972409374999997
9 0.1155991203125 0.47339357031249996 0.11924171875 0.4619569671875 0.13760901406249998 0.45041195156249997 0.15026277500000002 0.418755675 0.1516974703125 0.40530596093750004 0.1505632796875 0.40153623749999995 0.162338325 0.3736860921875 0.16955503593750001 0.36558026250000003 0.1772302296875 0.34680609375000004 0.18502081875 0.333320378125 0.1860642921875 0.3288005953125 0.1851800203125 0.3268425078125 0.1715358171875 0.3179295578125 0.168186940625 0.3194114703125 0.1618119234375 0.3282127453125 0.1568031140625 0.338331684375 0.153739953125 0.350152625 0.148658325 0.3562457515625 0.11391940468749999 0.43291577343750004 0.104268328125 0.4472247734375 0.1033100125 0.45426984218750005 0.106304690625 0.45721628125 0.1071079734375 0.4609722484375 0.10326498437500001 0.4790651375 0.10122739843749999 0.4821025984375 0.10261150781249999 0.48768395781249996 0.10757651093750001 0.4893313453125 0.109864015625 0.48810551875 0.11694065000000001 0.4777122875 0.1155991203125 0.47339357031249996
9 0.3115439390625 0 0.30755174531249996 0.008065146875 0.30509269843750003 0.017269370312499997 0.2968325125 0.0298949828125 0.290438371875 0.04746153125 0.28808360624999996 0.050425765624999994 0.2855887640625 0.0511025984375 0.280471340625 0.0486683359375 0.277232303125 0.0496744828125 0.277537140625 0.0512482359375 0.2803794 0.0534077984375 0.285458578125 0.0733726078125 0.27116400937499996 0.1049006375 0.26908940000000003 0.11243967656250001 0.269686734375 0.1170877078125 0.2728159328125 0.116557328125 0.274859078125 0.1192840875 0.2753712546875 0.1214068328125 0.27316890781250003 0.1251579453125 0.27474245625 0.1270246015625 0.2796223015625 0.126146703125 0.28278852187500003 0.12111474375 0.28689393281250003 0.11780299062499999 0.29045014999999996 0.1168700703125 0.29096910781249996 0.11172806718749999 0.28818176875 0.109330621875 0.287462253125 0.106658884375 0.28836565 0.0998516984375 0.3217525859375 0.0652146125 0.3255038 0.0663312109375 0.3305854265625 0.060238084375 0.3354103515625 0.05959806875 0.3400100421875 0.054145365625 0.34453013125 0.051931596875 0.346402959375 0.049607785937499996 0.345628525 0.04717393125 0.3365951296875 0.04433671875 0.33441190625 0.0393225578125 0.3356392625 0.02532385 0.3406727515625 0.012203859374999999 0.3425647015625 0.0011147734374999999 0.3429255453125 0 0.3115439390625 0
9 0.4830047390625 0.0613503515625 0.4883239421875 0.058569385937499996 0.489928953125 0.050170243749999996 0.49233863749999995 0.046968125 0.4898203375 0.0376170421875 0.48578896875 0.0319256390625 0.4705218578125 0.0271481359375 0.4681794328125 0.028611845312500002 0.464690478125 0.027806356250000004 0.46301943124999995 0.0249149390625 0.4546382890625 0.026487875 0.448885284375 0.036936128125 0.44468114999999997 0.0522520921875 0.450810584375 0.060432371875 0.44807138125 0.0650617890625 0.450761221875 0.066434475 0.4558539640625 0.071869790625 0.4605264734375 0.0704428984375 0.46411292812499993 0.072273146875 0.470433025 0.06370975625 0.4749105359375 0.0602333453125 0.4830047390625 0.0613503515625
9 0.092551675 0.17817180625 0.097895559375 0.1723897875 0.0949255625 0.166442296875 0.0896008015625 0.16345904218750001 0.08741757812499999 0.1584448796875 0.08011693125 0.1509964546875 0.07673781562500001 0.1497151984375 0.0710711953125 0.14965976875 0.0680092578125 0.1484517390625 0.0588925890625 0.1879403703125 0.06355275625 0.1880140046875 0.071390259375 0.19458412187500002 0.071982034375 0.19346793281250002 0.0805155953125 0.19268187187500002 0.082974640625 0.1834776484375 0.092551675 0.17817180625
9 0.2392630125 0.1649370328125 0.2353883953125 0.1788256953125 0.2299278890625 0.1923482265625 0.2259076359375 0.1981852671875 0.222637134375 0.2094572125 0.22350906718750002 0.212915828125 0.22929786718749998 0.2109949640625 0.2310306171875 0.20638375 0.25290043125 0.1811147296875 0.2596611109375 0.157619303125 0.25721563125 0.15229403125000002 0.253836515625 0.15101277500000002 0.2421299515625 0.1640955421875 0.2392630125 0.1649370328125
9 0.3763552203125 0 0.3696760046875 0.02115485 0.35601268125 0.021007173437500002 0.35434719062500003 0.023879978125 0.3501430546875 0.039195940624999995 0.35049047187500004 0.0420323359375 0.3517042640625 0.042563125 0.3595059703125 0.040605853125 0.35951831093750003 0.0391053265625 0.38215021875 0.0177706859375 0.3805161921875 0.010377690625 0.3867869296875 0.0078164046875 0.3885914890625 0 0.3763552203125 0
9 0.1150746046875 0.4727713515625 0.14844364375000002 0.433870571875 0.1516277609375 0.4331023078125 0.15281131406249998 0.4308699265625 0.15049046093750001 0.397510425 0.1518511125 0.39306386875 0.15743935625 0.3833292640625 0.160313078125 0.375223028125 0.16940261875 0.3647933875 0.17691305156249998 0.34673286718749996 0.1847585609375 0.33300926875000003 0.1844784046875 0.3284344640625 0.17811695 0.32270624375 0.1768669734375 0.317990975 0.1809055140625 0.312074721875 0.1857193234375 0.2999062625 0.1903190140625 0.294453559375 0.1962558984375 0.2745263828125 0.21521741875 0.23580723906249998 0.2150896796875 0.2320193109375 0.2105270125 0.2329704359375 0.2056953046875 0.24087519999999998 0.20524360625 0.24427879218749998 0.1825018578125 0.2660891984375 0.1778842703125 0.2672782078125 0.179737975 0.27371966875 0.17934714375 0.278306690625 0.175003765625 0.2826491921875 0.1723186484375 0.2957267859375 0.1629899171875 0.32021614375 0.10780664375 0.44202815781250004 0.1049150234375 0.44587070000000006 0.1035846109375 0.4530804265625 0.105999853125 0.455642528125 0.10726178281250001 0.46320018125000006 0.1058215296875 0.4708856734375 0.10272257031250001 0.47417922343749996 0.10128231875 0.481864715625 0.1023492484375 0.48737284843750006 0.10725933437499999 0.48925811875 0.11550717968749999 0.47813303281249997 0.1150746046875 0.4727713515625
2 0.19659266250000001 0.0661361078125 0.1992701640625 0.069009321875 0.1999896765625 0.071681059375 0.2124539984375 0.043739484375 0.21523577968750002 0.040372707812500006 0.21549247968750002 0.034919596875 0.20678304375 0.0248908640625 0.20281215156250001 0.024725798437499998 0.1998174734375 0.0217793609375 0.192162628125 0.0187592875 0.182470196875 0.018776675 0.1764067984375 0.021886954687499998 0.17715655156250001 0.0273218625 0.17120855 0.035720596874999996 0.1698960359375 0.0471940171875 0.1683403859375 0.049591054687500004 0.17142022343750002 0.055062779687499994 0.172267475 0.061522446875000004 0.173786103125 0.0636269875 0.1898646703125 0.0663367671875 0.192524271875 0.064946284375 0.19659266250000001 0.0661361078125