8 0.47125981093749997 0.3479886890625 0.43941025 0.3099802078125 0.42720383125000005 0.2639430859375 0.4220604265625 0.260386959375 0.41076025156249996 0.2562824078125 0.36003458125 0.25885054531249996 0.3234657390625 0.2783761046875 0.29473538125 0.3266265140625 0.301552265625 0.37512223906250003 0.2557220265625 0.34959655 0.2103994328125 0.36590350781250003 0.205807234375 0.3737298875 0.19471864375 0.4170254375 0.21041242968749999 0.4524940734375 0.167842115625 0.4817846453125 0.171926740625 0.48769901875 0.1876953375 0.48920689843750004 0.43229601874999996 0.48026064375 0.4642664296875 0.46497242656250004 0.4728515390625 0.3847510609375 0.47330746562500003 0.366771815625 0.47125981093749997 0.3479886890625
8 1 0.6523229234375 0.9696047218749999 0.6539207499999999 0.9640914796875 0.666059646875 0.9192211921875 0.682256590625 0.8827862468750001 0.68611030625 0.8750068531249999 0.6938369296875 0.8708311171875 0.7111060140625 0.860760025 0.7000568828125 0.8520847249999999 0.7019694546874999 0.8476363656249999 0.715339821875 0.8467916265625 0.73825268125 0.872784934375 0.7390468984375 0.881057103125 0.7593634015624999 0.899154590625 0.752221153125 0.92628384375 0.769260146875 0.9312576359375001 0.777400840625 0.9306144640625 0.7891991890625001 0.94377659375 0.7954614375 0.9499771671874999 0.8211464671875 0.96622325 0.843517175 1 0.8380388968749999 1 0.6523229234375
8 0.669328278125 0.4336099640625 0.66055355 0.42943513749999995 0.629159575 0.43772476875 0.619726971875 0.428807546875 0.61453219375 0.4291708015625 0.617644528125 0.4363534265625 0.602596903125 0.44045282812500003 0.5793112375 0.443387046875 0.5764885828125 0.4496787765625 0.5966269234375 0.453058971875 0.6234016390625 0.45336325468750005 0.6708646171875 0.45091494374999996 0.6803492906249999 0.455910740625 0.6824355765625 0.4670829296875 0.68227088125 0.47405940468749996 0.666417765625 0.4899685171875 0.6664651125 0.4999773390625 0.6431491796875 0.5024783734375 0.6423389890625 0.5282183218750001 0.6479446421875 0.5430621984374999 0.6530656265625 0.5509750390625 0.67210876875 0.5526905546875 0.6881350953125 0.5345927765625 0.6868154953125 0.506389884375 0.7068846875 0.5041158859375 0.7016852140625 0.5184094015625 0.6994730921875 0.5194347453125 0.7031221624999999 0.529626996875 0.7112863593750001 0.5390682328125 0.7445801999999999 0.5532819203125 0.7467185265625 0.560532640625 0.751618928125 0.560625275 0.7562599156250001 0.54767675625 0.7718830828125001 0.5518079890625 0.790645034375 0.5448369953125 0.795675996875 0.5188018999999999 0.80356841875 0.49169607031250007 0.8408453421875001 0.48821879062500007 0.8366813343749999 0.470662253125 0.8347899859375 0.45294679374999997 0.83478835625 0.426336696875 0.8208298718749999 0.4212747171875 0.7973104125 0.4255312046875 0.79520624375 0.4374317234375 0.7639466484375 0.438311678125 0.7469082828125 0.4186082203125 0.7201809171875 0.428312778125 0.7118217328124999 0.4254148125 0.694886653125 0.43051682031249994 0.682072903125 0.42923629375 0.669328278125 0.4336099640625
8 0.47843136875000003 0.6901330078125001 0.49074254375 0.707555178125 0.5054957890625 0.7039116421875 0.5203267 0.7107101640625 0.66583266875 0.6966175953125 0.6716844984375 0.733645071875 0.68474060625 0.7383911484375 0.7105063 0.7522605984374999 0.7003313203125 0.6580744984375 0.68926208125 0.6584131984375 0.6809028953125 0.6555152343749999 0.664993890625 0.6566277 0.6660758796875 0.6674347968750001 0.6543658203125 0.6726067453125 0.651561071875 0.6558257828125 0.636136734375 0.663869315625 0.6363666859375 0.6438289703125 0.643349528125 0.6363757078125001 0.6368351 0.6085360734374999 0.62796095625 0.59827385625 0.6269613296875 0.5839785203125001 0.627633271875 0.5469301609375 0.6212788671875 0.52604431875 0.6163349625000001 0.5346609078125 0.587053721875 0.5358378375 0.568720525 0.5349432671875001 0.5544434046875 0.5407300265625 0.538716125 0.5444416484375 0.5192574390625 0.5414492296875 0.5091358125000001 0.5600047328125 0.5135033453125 0.5758057937500001 0.50317354375 0.6100470171875 0.5119568125 0.6190096609375 0.5102673375 0.6648354125 0.5075137796875 0.6767813078125 0.49289023906249996 0.6869453953125 0.48115461093749995 0.6777539296875 0.47843136875000003 0.6901330078125001
8 0.4685563046875 0.5508198 0.45947698593749997 0.550475740625 0.4564987796875 0.5568839953125 0.4589985921875 0.5885371140625 0.46099317500000003 0.63105804375 0.46023165937500005 0.66626505 0.46246898593749997 0.6667612328125 0.4641738078125 0.6666420203125 0.47773579843749997 0.6470936765624999 0.48191303437500005 0.6298331578125 0.4820408203125 0.6141610671875 0.4793760640625 0.5970526734375 0.4685563046875 0.5508198
8 0.45247399218749995 0.6212063078125001 0.45237073437499997 0.596400840625 0.44202935156249995 0.574487859375 0.4373286078125 0.5539216703125 0.43311640156250003 0.5590046234375 0.42766220781250003 0.5463267078125 0.411679384375 0.5557152390625 0.3985807046875 0.540593675 0.39822096875 0.540549875 0.373034634375 0.5536291265625 0.3712589796875 0.5842250124999999 0.380241053125 0.6053624375 0.379959059375 0.6293242218749999 0.39133118906250003 0.6333174125000001 0.40457286562499994 0.659380703125 0.43975029218749995 0.6538736843749999 0.45247399218749995 0.6212063078125001
8 0.4641738078125 0.6765432109375 0.43858841875000004 0.669410071875 0.42899638125 0.6820502296875001 0.42621256093750004 0.6935629875 0.4484200828125 0.698539740625 0.4565663953125 0.731053653125 0.439826253125 0.7296123828125001 0.4466956171875 0.7578625015625 0.4683796625 0.7506871578125 0.4698920875 0.6883320671875001 0.4641738078125 0.6765432109375
6 0.38822092656249996 0.21838039999999997 0.40891537031249997 0.227380740625 0.41300023281250003 0.208812121875 0.387753740625 0.2047007796875 0.3921182703125 0.1691354640625 0.3164043828125 0.17116506874999998 0.2618789875 0.16126556718750001 0.197424578125 0.1703434203125 0.16058069218749998 0.16834903437499998 0.1497258359375 0.1900029765625 0.164227234375 0.27648631562500003 0.1966496203125 0.25724200625 0.2242531 0.2670651796875 0.254681996875 0.2473073125 0.284415278125 0.259593403125 0.2929158703125 0.2341862796875 0.31772079531249997 0.2389814046875 0.3170578109375 0.26449345 0.3318044484375 0.26542113125 0.3664673296875 0.23622569375000002 0.38822092656249996 0.21838039999999997
6 0.398172946875 0.10183238593749999 0.4140753453125 0.10529114375 0.4288418046875 0.0925051765625 0.4576535234375 0.08461379062499999 0.461289575 0.051412253124999995 0.091182896875 0.09130390625 0.090913159375 0.1729434453125 0.1191143734375 0.1703184671875 0.120095428125 0.14935501874999998 0.1382837921875 0.14351235 0.13023881406249999 0.12644483906249998 0.3605822078125 0.1031551015625 0.38765324375 0.11236247656250001 0.398172946875 0.10183238593749999
8 0.7617305078125 0.8644774625 0.78486000625 0.8733075265625001 0.794223915625 0.860246409375 0.78784159375 0.8319622671875001 0.7840632249999999 0.7989252 0.8003745656250001 0.8082320875000001 0.7982530828125001 0.7359012359375 0.8160254671875 0.74510590625 0.8168445859375 0.70782959375 0.7940855953125 0.683302440625 0.7880936375 0.625607546875 0.772029303125 0.6058359624999999 0.7526979500000001 0.61632925625 0.7450350890624999 0.639718884375 0.726622121875 0.6259372203125 0.7181259468750001 0.6468242984375 0.7341448390624999 0.665946053125 0.7454555578125001 0.701721184375 0.721052528125 0.7236695531249999 0.727467515625 0.7454217828124999 0.7551618703125 0.7565445125 0.77109569375 0.8024438249999999 0.7548483328125 0.8290456125000001 0.7617305078125 0.8644774625
8 0.2632999015625 0.826422359375 0.26518138750000003 0.8173358343749999 0.2587007421875 0.816151421875 0.2526655703125 0.8223153875 0.2512887296875 0.8306203765625 0.2573219265625 0.83691470625 0.2632999015625 0.826422359375
8 0.16278571875 0.9327017328125 0.15746488281249998 0.9285963374999999 0.1517578984375 0.9349653859375 0.15230314843749998 0.9427628374999999 0.161208484375 0.9421401156250001 0.16278571875 0.9327017328125