7 0.4825396125 0 0.040621240625 0.03090194375 0.042915109374999996 0.10220468281249999 0.0459805796875 0.146042946875 0.048383090625 0.1524012625 0.050711246875000004 0.15419635625 0.054977529687500006 0.16270855312500002 0.0574503875 0.184072471875 0.06313876406249999 0.1954220671875 0.06524608125 0.19755891875 0.0692728265625 0.19564576250000001 0.16793251250000002 0.26608363125 0.1735879421875 0.2839618453125 0.177530090625 0.284338815625 0.18383334375 0.2799822609375 0.18936277031249998 0.2890587609375 0.191752815625 0.2882390015625 0.192720765625 0.28458184375 0.20075778125000002 0.28401984062499996 0.2024336625 0.27998686250000004 0.2021157609375 0.275440671875 0.6047136265625 0.2440251296875 0.608940728125 0.2554769078125 0.6137270499999999 0.257426425 0.6259270531250001 0.25689963437499996 0.6294956453125 0.2589343046875 0.6334996828125 0.2566964203125 0.6375553671875 0.258697028125 0.6437286109375 0.25598114375000003 0.645637796875 0.25878448125000003 0.6483724578125 0.2523932578125 0.7140577234375 0.2572632515625 0.71481329375 0.271568309375 0.7160372578125 0.2750721953125 0.72156045 0.2805596578125 0.7256161359375 0.2825602671875 0.72716200625 0.280167959375 0.7333579578125 0.2777768015625 0.7398695828124999 0.2659004140625 0.7422863421875 0.25496299843750003 0.7482325140625 0.248999834375 0.7481167531249999 0.233344775 0.74180860625 0.1711332640625 0.73780011875 0.14530830781249998 0.7255368984375 0.0329342796875 0.7206238828125 0 0.4825396125 0
7 0.8279147609375 0 0.8320902374999999 0.02026229375 0.8345092234375 0.0233562984375 0.8657151515624999 0.11613204218749999 0.868444021875 0.1446570046875 0.8782664453125 0.1521280484375 0.8859383624999999 0.1708442015625 0.8861427281250001 0.173766753125 0.8916926359374999 0.1691365609375 0.9063053906249999 0.1681147375 0.9083405796875 0.1797197890625 0.91018164375 0.18154894375 0.9148998453124999 0.182524278125 0.9161692218749999 0.1866776203125 0.9177213265624999 0.1878743484375 0.930080278125 0.189620653125 0.93778291875 0.1877767671875 0.9397580015625 0.17752286875 0.9384659171875 0.1730448 0.9390376046875 0.1707206140625 0.9421128734374999 0.1692003078125 0.944616453125 0.1700041875 0.9454935750000001 0.1650481171875 0.9397103625 0.16284199375 0.9359311703125 0.15429573593749998 0.936267328125 0.1311038125 0.935241496875 0.1269334421875 0.9291239093750001 0.12344543593749999 0.9269711765625 0.12065912812499999 0.9206594656249999 0.1073952265625 0.9209132515625 0.10052485 0.9184261453125 0.09645666093750001 0.9485902218750001 0.0483368671875 0.95266238125 0.047073165625 0.9588151421875001 0.058063971874999995 0.9603445390625 0.0589359734375 0.9637479484375 0.0551085125 0.96990471875 0.0556569359375 0.96601280625 0 0.8279147609375 0
7 0.7428817999999999 0 0.7445931421875 0.014959635937499998 0.750704940625 0.053363828125 0.787976809375 0.145389084375 0.7890707609375001 0.15053364062500002 0.7906455734375 0.15205509687500002 0.795295653125 0.1520562484375 0.8005174187499999 0.1497332125 0.805642125 0.14252222812499998 0.8103830328124999 0.1438222890625 0.8191195203125 0.12526400937499999 0.8197303890625 0.12000024218750001 0.8118701375 0.05659200156250001 0.80583269375 0.02275103125 0.8059048234375 0.013282831249999998 0.802862503125 0.00827451875 0.8003816296874999 0.007795368749999999 0.7971351078125 0 0.7428817999999999 0
7 0.8935742109374999 0.2835418078125 0.8906534421875 0.25927236875 0.888182809375 0.25193986874999996 0.887274521875 0.2389507546875 0.8828038749999999 0.22751600624999999 0.8784365218750001 0.2245582453125 0.8712601546875 0.22342848593750003 0.8595080625 0.2268607984375 0.854744446875 0.22523600937500002 0.8462430484375 0.2261568 0.8406290249999999 0.219370425 0.838645484375 0.212003865625 0.836515459375 0.20954228593750002 0.8259748640625 0.209300409375 0.8240100234375 0.21270096249999998 0.8266111078125 0.2568980140625 0.8376761953124999 0.278640053125 0.8479073484375 0.291956196875 0.8726314875 0.299037840625 0.8752650781250001 0.2982010515625 0.8797437406249999 0.28875103125 0.88294901875 0.2855900546875 0.8858034484375 0.28441150625 0.8919602171875001 0.28495993125 0.8935742109374999 0.2835418078125
7 0.8009831328124999 0.2648900953125 0.8023473453125 0.25989996406250004 0.8027084359375 0.2510641890625 0.806183975 0.237768528125 0.8031762953125 0.22975568906250002 0.8000267624999999 0.19871487968749998 0.7986273749999999 0.196202209375 0.793110415625 0.1943037828125 0.791126875 0.18693722343750002 0.7895663125 0.16812003749999999 0.7877479546874999 0.166615609375 0.7840101703125 0.16916119062499999 0.7817501359375 0.16834028125 0.7737233609375 0.1620489375 0.7736200656250001 0.153571953125 0.77153545625 0.151759828125 0.7671062156249999 0.15141691875000002 0.7648524140624999 0.154185046875 0.7668194796875001 0.1648159140625 0.769199284375 0.17084950000000002 0.7668631125 0.1899391734375 0.7701739109375 0.20928660312499997 0.7770510765624999 0.21663728125 0.7807581375 0.23465173906249998 0.7866219390625 0.245010121875 0.792122425 0.2501728578125 0.79912559375 0.26632525 0.8009831328124999 0.2648900953125
7 0.1386301015625 0.2996851015625 0.1033012171875 0.35435137031249997 0.1108047109375 0.39166885625000003 0.1327942734375 0.35620382500000003 0.15532889218749998 0.32852997031250003 0.1386301015625 0.2996851015625
5 0.42715926875 0.8757881812500001 0.43408585781250003 0.8733459328125001 0.4504942625 0.8735038078124999 0.780265665625 0.8435913140625001 0.7891281546875 0.8338347484374999 0.7921433171875 0.810455490625 0.788704734375 0.8067801515624999 0.7872514749999999 0.7859975671874999 0.7828756640625001 0.765419346875 0.7815443984375 0.7638808609375001 0.7699160828125 0.762083465625 0.7668902375 0.75381084375 0.7631017015625 0.65063368125 0.7672232828125 0.639577053125 0.767126221875 0.6346891046875001 0.773588425 0.6326056437500001 0.7842176234375 0.6201150125 0.78806894375 0.6191930703125 0.7881246 0.6129891796875 0.7949933078125 0.6027194015624999 0.7931086109375001 0.5757669875 0.7498269 0.5167935515625001 0.7487369546875 0.5012066140625 0.7507739250000001 0.4883378625 0.750505446875 0.47399874375 0.7525713578125 0.46504375624999994 0.7517703734375 0.45008924375000003 0.7526537281250001 0.4487222109375 0.751056209375 0.4468760265625 0.58253268125 0.451807709375 0.5805780796875 0.44835491562499996 0.575639040625 0.4477213390625 0.5719960921875 0.4411234484375 0.5688918843749999 0.4387299890625 0.5552243734375 0.4357699265625 0.5468859312500001 0.4285214296875 0.5341677296875 0.4239720703125 0.5316600828125 0.42077559999999997 0.5265848 0.41819365781249995 0.5229872671875 0.41224522343750003 0.51993470625 0.4140902578125 0.50007124375 0.4135213515625 0.4840982828125 0.40909092343750003 0.4794544375 0.412678809375 0.4721645328125 0.4099254125 0.464150225 0.41081214218750006 0.46165287812500005 0.4135973 0.45806781093750004 0.4148269390625 0.45169020312499997 0.41462027343749996 0.44330233906250005 0.4171647046875 0.3741557828125 0.40829464218749995 0.3458755171875 0.4063564015625 0.343920915625 0.402903609375 0.3366310125 0.40015021093750003 0.33383223906250004 0.39512486875 0.32337000625 0.38900382968749997 0.312965653125 0.3907103203125 0.30263966249999996 0.38653764687500003 0.297382721875 0.38135788125 0.2898719796875 0.3789462421875 0.281857671875 0.3798329734375 0.274450225 0.38589831874999997 0.2610801328125 0.40119113906250004 0.259982171875 0.4064889671875 0.253454071875 0.4216296640625 0.2535079453125 0.439899578125 0.252585409375 0.444206190625 0.2434629 0.45724409687499995 0.2403836234375 0.4692067875 0.2410523734375 0.47177055 0.2361712140625 0.4789645046875 0.2341774328125 0.47845129062499997 0.23392364531249998 0.48532166718749997 0.2351930234375 0.4894750078125 0.23355231562499998 0.5010107875 0.23428918593749998 0.5045487343749999 0.22770543124999998 0.525893321875 0.222960515625 0.5350356421875 0.219767703125 0.5453746921875 0.219530390625 0.5489807609375 0.22119602968750002 0.5518011296875 0.2228514296875 0.56147484375 0.22323745156250002 0.56699521875 0.22182837968750002 0.5748437484375 0.10328195625 0.6784990921875 0.0956576796875 0.6744638125 0.09120573125 0.673796175 0.0867702578125 0.6698642296874999 0.079593890625 0.668734471875 0.075278184375 0.670015203125 0.0743414 0.691617546875 0.0755119328125 0.7153567437499999 0.0789073265625 0.732414046875 0.081080984375 0.7599988875 0.07769627343749999 0.774593459375 0.0780640390625 0.8078519468750001 0.081722121875 0.87416455625 0.087404265625 0.8819251156249999 0.09686960781250001 0.8877895484374999 0.1062441203125 0.8923550703125 0.125048803125 0.8952822234375001 0.144379759375 0.895235734375 0.3750858578125 0.8800821390625 0.399372328125 0.8774049156249999 0.407766425 0.8784495234374999 0.42715926875 0.8757881812500001
7 0.840974775 0.4476119265625 0.832398515625 0.506932478125 0.8346934796875001 0.5537480828125 0.8385235796874999 0.566529296875 0.859910725 0.5924367765625 0.8718965234375 0.6098671078125 0.90727470625 0.5839050171875 0.90010953125 0.5374296453125 0.9023217765625 0.48507911718749996 0.8892219125 0.437713803125 0.8622874749999999 0.4304630109375 0.840974775 0.4476119265625
11 1 0.8407911875 0.028224834375 0.9000949203124999 0.03173929375 0.971353425 1 0.9036460406250001 1 0.8407911875
7 1 0.66023581875 0.982217065625 0.6478242171875 0.9479693109375 0.6619634828125001 0.9104611468750001 0.6854646437499999 0.9042623609374999 0.7367893249999999 0.9563893625000001 0.7683762328125 0.894646215625 0.809230978125 0.8915427812500001 0.80683811875 0.8635682593749999 0.8127090984375 0.871071753125 0.850026584375 1 0.8432513015625 1 0.66023581875
3 0.26623064531249996 0.6868813 0.33104695624999997 0.6495930046875 0.3507218515625 0.636790603125 0.3611781890625 0.6147301234375 0.348668940625 0.6156048546874999 0.33962428125 0.616998940625 0.31303460156249996 0.6371407640625 0.30276098125 0.645476678125 0.2802431734375 0.658477875 0.26666422500000003 0.6685684890625 0.2543284140625 0.68009574375 0.23168992500000002 0.68320235 0.2111141140625 0.6831175828125 0.192562159375 0.6874619984375 0.176944475 0.6847453359375 0.150470559375 0.6820258671875 0.121948625 0.690876209375 0.098149078125 0.7100609796875 0.08201475 0.7177879593750001 0.081755834375 0.7371076375000001 0.082536553125 0.74010018125 0.10037544843749999 0.7418995734375 0.1156604359375 0.7316896625 0.133667896875 0.7113863453125 0.1482781828125 0.69970004375 0.188610725 0.70449723125 0.2583519390625 0.7049527765625 0.26623064531249996 0.6868813
3 0.54643559375 0.640625509375 0.56937748125 0.63368893125 0.58192533125 0.625193984375 0.6006895703125 0.6238818609375001 0.63134135625 0.6209765328125 0.6635013390625 0.6232983921875 0.6619110859374999 0.600556725 0.654042146875 0.59425108125 0.6459755859375 0.59329158125 0.6284547265625 0.5960403265625 0.603633584375 0.5924433390625 0.58702365 0.583702115625 0.5864498328125001 0.5509863421875 0.559460234375 0.5490645562500001 0.5456981062499999 0.57288009375 0.5549452593749999 0.5988950953125001 0.5514953296875 0.606754178125 0.5363547015625 0.610859725 0.5214649796875 0.6103776734374999 0.5097747874999999 0.6066244265625 0.495241440625 0.6030699937499999 0.47544610625 0.6059777859375 0.4442933 0.61805923125 0.43482434062499997 0.613389040625 0.394467859375 0.6245905031250001 0.3482948609375 0.6506721015625 0.348453903125 0.6529464953125 0.34589044687500003 0.66531396875 0.35002973593750003 0.667309709375 0.3780359890625 0.65925705 0.4081047 0.6480133578125 0.45307781562500005 0.6456304796875 0.48172993125 0.6222972999999999 0.525965803125 0.642056896875 0.54643559375 0.640625509375