4 0.5587191296875 0.8769806265625 0.6608638515624999 0.8608024921874999 0.5360671375 0.07286704375 0.433922415625 0.0890451796875 0.5587191296875 0.8769806265625
4 0.85422801875 0 0.8545902046875 0.0041325921875 0.8614703359375 0.026766704687499997 0.8616139046875 0.0443171734375 0.8733658921874999 0.06442234999999999 0.8776742859375 0.08746380312499999 0.8812166703125 0.0640575890625 0.86827868125 0.0406256015625 0.8704712671875001 0.025341098437499997 0.8629840234374999 0.007196443750000001 0.8622607062500001 0 0.85422801875 0
3 0.9070290999999999 0.2255451515625 0.911786996875 0.23269951406249997 0.914094925 0.24727120625 0.9186530859375001 0.26148648125 0.921839553125 0.2732830359375 0.9236543968750001 0.282660859375 0.9313233609375 0.291550821875 0.9318523593749999 0.3011322875 0.933177953125 0.31366291562500004 0.9337069515625 0.3232443796875 0.9328822078125001 0.33260096875 0.9334112078125001 0.3421824328125 0.9354296671875 0.35284599375000003 0.93929108125 0.3605816859375 0.9380949453125 0.371754390625 0.9385560406250001 0.3809072875 0.9392707359375001 0.3895806921875 0.9425391484375 0.39565298125 0.9433217218750001 0.4047549609375 0.9458613984375001 0.40830669375 0.94462939375 0.41509177656249996 0.9485586609375 0.42325604375000003 0.9530130515625 0.4326551453125 0.9562213734375 0.440428525 0.957950384375 0.4471839203125 0.9618796515625 0.4553481875 0.9652838499999999 0.4622776328125 0.9659805734375 0.46875723437500005 0.9655772 0.474532428125 0.970388909375 0.4882682046875 0.9683961578125 0.49649178125000004 0.963899621875 0.50555124375 0.9600101046875 0.510121259375 0.9602855015625 0.520182215625 0.9598680625 0.5321102640625 0.9546286984375 0.544802 0.953993553125 0.5615971578125001 0.9576614812500001 0.5535475828124999 0.9607184921874999 0.541640821875 0.9653687625 0.5356323421875 0.9664252296875 0.5152557984375 0.9716645937499999 0.5025640640625 0.9721436359375 0.5139107703125 0.974397725 0.5219010374999999 0.9730658546875001 0.5322165921875001 0.9759129171875 0.5418702343749999 0.97746251875 0.5266875703125 0.9788622984375 0.516800615625 0.9763366625 0.5070960296875 0.9767041734375 0.49693324843750003 0.9765645328125 0.4877294375 0.9716849171874999 0.4735650609375 0.9720024890625 0.46516748281250003 0.9710342437499999 0.4569735578125 0.9670550171875 0.4505745296875 0.961821959375 0.44042010937500004 0.959210496875 0.42809314374999996 0.95106635 0.41620314374999995 0.9527376468750001 0.40803049687500004 0.9505693609374999 0.40266263125 0.948840365625 0.395907184375 0.9477542828125 0.3890499265625 0.9443001531249999 0.38388571875 0.9463709703125 0.361591225 0.9449634296875 0.3547848640625 0.9402733921875001 0.34805909375 0.9382689953125001 0.33124267500000004 0.9400401640625 0.3195395796875 0.9381754062500001 0.311926971875 0.9365923359374999 0.29152920312499997 0.9343561671874999 0.2857327375 0.9289553359375 0.27868020625 0.9288156953125 0.2694763890625 0.9234148640625 0.2624238484375 0.92320734375 0.2527914625 0.9183136859375001 0.24477993750000002 0.9186133125 0.23418855 0.916427103125 0.22662686718749997 0.9125157578125 0.2206564109375 0.9109328953125001 0.21274311406250002 0.9058535203125 0.20563966875 0.907321178125 0.1961812875 0.9039669375000001 0.18748660156250002 0.9023378140625 0.177200725 0.9014873546875 0.16767014062500002 0.896829328125 0.156985321875 0.8994150812499999 0.15042515781250002 0.8990397890624999 0.143894646875 0.8957034953124999 0.1373937796875 0.8945136375 0.125720315625 0.89806375625 0.1190074109375 0.8972991265625 0.1120992328125 0.895130840625 0.10673137031249999 0.895584175 0.09919094843750001 0.891583121875 0.082251446875 0.887952240625 0.0845871015625 0.8888153671874999 0.100145509375 0.8910913078125 0.11867623125 0.8895877593750001 0.12374701875 0.8913065890625 0.14500194375 0.8899746937499999 0.15531748437499998 0.8958725140625001 0.17591054687500002 0.8999593921875 0.1954724296875 0.9000990359375001 0.2046762578125 0.904910746875 0.2184120484375 0.9070290999999999 0.2255451515625
3 0.9325255390624999 0.664268178125 0.9364048734375 0.674197675 0.9419594109375 0.6843011765625 0.9419312812499999 0.6966068828124999 0.9407851031250001 0.706014346875 0.941635534375 0.7155449171875 0.94365401875 0.726208475 0.9485656234375 0.736413809375 0.9528522374999999 0.7489147796875 0.9497772812499999 0.7586277328125 0.9539102140625 0.7680777296875 0.9583646046875 0.77747683125 0.95779343125 0.7863539015625001 0.9604548265625 0.79691563125 0.96208395 0.8072015171875 0.9613271140625 0.8169866890625 0.9637848390625001 0.8262626578125 0.966370565625 0.8197024890625 0.9665843921875 0.8064887171875 0.9639050499999999 0.793733178125 0.9647298 0.7843766234375 0.9636437140625 0.77751935 0.95818906875 0.7638853890624999 0.9582031125 0.7577325515625 0.958656446875 0.750192134375 0.95702731875 0.7399062328125 0.954248134375 0.73068114375 0.9491867031250001 0.7257715078125 0.948152484375 0.7182074125 0.9487876343750001 0.7014122859375 0.9481369374999999 0.6848207875 0.9431574515625 0.6741868671875 0.9383457171874999 0.6604510765625 0.9365090703125001 0.64053279375 0.9315795203125001 0.6281336515625 0.9246712796875001 0.6178052140625 0.9262426859374999 0.6131630265625 0.9273030656250001 0.601133178125 0.9251488437500001 0.5896124546875 0.9215730171875001 0.577438228125 0.91952254375 0.5707337156250001 0.9172325625 0.55835583125 0.9132354140625001 0.5497629921875 0.9119636109375 0.5438137968750001 0.9072994718749999 0.544761621875 0.91139085625 0.5599565125 0.9151882703125 0.5756102875 0.9185105234375 0.588264 0.919868128125 0.5968355796875 0.9197541906250001 0.6065188671875 0.9179471343750001 0.6138343703125 0.9194405 0.6232631109375 0.9234197249999999 0.6296621390625 0.9273989265625 0.636061171875 0.929385103125 0.6423597359375 0.931675084375 0.6547376109374999 0.9325255390624999 0.664268178125
3 0.878687928125 0.6468332218749999 0.88155685 0.6670273843750001 0.8854041921875 0.680915884375 0.8880835078124999 0.6936714281249999 0.8913916953125 0.712477996875 0.8958359218749999 0.7363765828125 0.901793840625 0.7407049234375 0.9013327140625 0.731551996875 0.8971280484375 0.7133267734375 0.893394634375 0.6897549296875 0.8909009843750001 0.6760912984375 0.887460921875 0.6647742515624999 0.88501723125 0.649345396875 0.882523609375 0.6356817968749999 0.8789298359375 0.6213137609375 0.8758791328125 0.6103743671874999 0.8751106234374999 0.5951195312500001 0.8727527359374999 0.5823130796875 0.8719522375000001 0.5710172703125 0.8677514234375 0.5611387 0.865597203125 0.5496179765625 0.8636786109375001 0.53542396875 0.8590705406250001 0.5229739109375 0.8538885531249999 0.5145892171875001 0.8566384906250001 0.532585028125 0.8581498046875 0.5442075765625 0.8604756765625 0.5609730609375 0.8663196578125 0.574984696875 0.8670702218749999 0.588045725 0.8682600796875001 0.5997191890625 0.8686712421875 0.610637321875 0.873822378125 0.6265160046875 0.87692304375 0.6356901749999999 0.878687928125 0.6468332218749999
3 1 0.7009753859375001 0.9954395359375001 0.6914996437500001 0.9924551171875 0.6867003734375 0.9850666312499999 0.6806216421875 0.9837534984375 0.66764971875 0.9804018624999999 0.6716724515625 0.9794839937500001 0.682823840625 0.9874055703125 0.68914763125 0.9913034640625 0.6934727296875 0.9945933453125001 0.7002006140625 0.998721778125 0.7091021578125 1 0.7106112171875 1 0.7009753859375001
3 0.9604208875 0.88818661875 0.9639220328125001 0.8853256187499999 0.9594237671875 0.8725286750000001 0.9591902937500001 0.8616922234375 0.962040153125 0.850037925 0.967121309375 0.8337467578125001 0.9724733875 0.8269681171875 0.9702602609375001 0.8161157296875 0.96769539375 0.80798819375 0.9667591156249999 0.8189767296875001 0.9672442140624999 0.8251603843750001 0.9633252546875 0.8300645265625001 0.9608932078124999 0.8396756562500001 0.957965540625 0.847717809375 0.9563960765624999 0.8565333453124999 0.9548505984375 0.8623795640624999 0.955209878125 0.8708895921875 0.9586793921875 0.8818724921875001 0.9604208875 0.88818661875
8 0.6965473203125 0.542365965625 0.6995113234375 0.5563979671875 0.714999346875 0.590198540625 0.7325872 0.609165078125 0.746300425 0.6208354140625 0.7498395671875 0.6166495046875 0.7616057656249999 0.5910562703125 0.7740294875 0.533719359375 0.725493990625 0.533167165625 0.7108356875 0.535818390625 0.6965473203125 0.542365965625
7 0.8296745968750001 0.724301028125 0.838936575 0.717231240625 0.841058890625 0.6697653734375 0.8358617859375 0.6307095171875 0.8232104421875001 0.6366682359375 0.8164721109374999 0.6924455109375 0.8226172843749999 0.7234413265625 0.8296745968750001 0.724301028125
7 0.7426908296875 0.7166553015625 0.723097496875 0.7240431 0.7156927015625001 0.7397173593749999 0.7193666296875 0.7519890265625 0.7225792625 0.755105559375 0.7531075265625 0.7621351828125 0.7595297999999999 0.7621067312500001 0.7623724953125001 0.7613269125000001 0.7641862500000001 0.7587325921875 0.7658891859375 0.73671069375 0.7643749843750001 0.7287110578125 0.752414103125 0.71874065 0.7426908296875 0.7166553015625
8 0.8417658593749999 0.60868138125 0.8429445765624999 0.6051989046874999 0.8376591046874999 0.5671457796875 0.823893478125 0.5254921015625 0.8220527656250001 0.52479490625 0.8168256796875 0.5292481578125 0.8146210125 0.5371776484375 0.8390115296875 0.608458465625 0.8417658593749999 0.60868138125
9 0.8683761359375 0.491091725 0.8730220984375 0.4923333484375 0.8758513156250001 0.4899077734375 0.8777130015625 0.48137345 0.8767934015625001 0.4693246953125 0.8669518125 0.4586890453125 0.8612619171875 0.477387475 0.86233129375 0.48413925 0.8683761359375 0.491091725