3 0.1065364515625 0.44455233125 0.1144943375 0.4486162921875 0.1246382328125 0.4499988109375 0.14019055625000001 0.4477189609375 0.151030409375 0.450379728125 0.1494501453125 0.47040745156249997 0.1536556078125 0.460274325 0.155289196875 0.45109938437499997 0.166968571875 0.4498231546875 0.180637596875 0.44891164375 0.1872338296875 0.45128640625000005 0.1955545140625 0.44708816406249996 0.2092309390625 0.4470447671875 0.2148889015625 0.441202775 0.219147690625 0.44192241250000003 0.23634148906250002 0.44001943906249996 0.24793789843749997 0.445693090625 0.2537321671875 0.44375400000000004 0.270268178125 0.450991890625 0.2753816078125 0.44820821874999994 0.2812515703125 0.44843741406250004 0.280979634375 0.4593015546875 0.28699378593749997 0.472985484375 0.2887485484375 0.4672797953125 0.284746553125 0.4552623484375 0.2855709328125 0.45089170312500004 0.2894135703125 0.4490207640625 0.2925299640625 0.44500427656249997 0.2994133 0.43694855625000006 0.3227424109375 0.45219875312499996 0.3282265359375 0.450704690625 0.33900583906250004 0.451630821875 0.343483884375 0.44930351562500004 0.3467971453125 0.450924565625 0.3511540171875 0.44512800781250006 0.362402771875 0.4594975 0.363862534375 0.4546704859375 0.380337971875 0.46017374218749996 0.385579796875 0.4517411734375 0.3975008453125 0.43873348749999996 0.3901935125 0.4346468078125 0.384800225 0.438742825 0.3702013234375 0.4496730765625 0.3562523265625 0.44191066718750005 0.3642628921875 0.43815745 0.3727652984375 0.43916309375000007 0.3812143796875 0.42931595468749995 0.3726059671875 0.4252747078125 0.3573332109375 0.43147955781249997 0.3333015171875 0.4427392375 0.32201159218750003 0.4411796328125 0.3056155203125 0.43328557968750003 0.317937540625 0.4224348359375 0.3223849734375 0.409905225 0.31548618125 0.40819230468749995 0.2971167125 0.42772087187499996 0.285815915625 0.439838515625 0.274151709375 0.4415484 0.261817846875 0.438071421875 0.2435836984375 0.4334979484375 0.22451005156249998 0.43286145156250005 0.21472928125 0.43255173593749996 0.20510751562500001 0.436795396875 0.18812178125 0.4399936765625 0.1574520734375 0.4430185171875 0.14270139375 0.440277228125 0.128064309375 0.44078836718750003 0.1170424640625 0.4381610484375 0.09294227499999999 0.43813428749999994 0.0688724 0.438974825 0.05298495156250001 0.4357003203125 0.055053178125000005 0.44374505 0.0613695515625 0.44743214687500005 0.0701669609375 0.4475591296875 0.0808705203125 0.44631697968750006 0.087421321875 0.447390775 0.090628575 0.4459762203125 0.0955530359375 0.44710680937499997 0.1004320625 0.44693642968749997 0.1065364515625 0.44455233125
3 0.1289124953125 0.57532923125 0.1368170546875 0.5685404093749999 0.14432852812500002 0.5691464796875 0.15233909375000002 0.5653932937499999 0.1605768109375 0.568144896875 0.1687085234375 0.56786093125 0.17831514375 0.5631836031249999 0.18579632968749998 0.5629223546875 0.2068861078125 0.5700012562500001 0.2136409984375 0.5675944421875 0.228134565625 0.572298515625 0.23289244375 0.5686588828125 0.23849771875 0.570634071875 0.245638471875 0.569950515625 0.2549501421875 0.5661518937500001 0.27767350625 0.5640557890625 0.279837096875 0.570058828125 0.2899053 0.569273090625 0.300329025 0.5693432328125 0.31278010156249997 0.57151355625 0.32599493125 0.5675786015625001 0.3309799640625 0.5704438078125 0.3364114359375 0.576766940625 0.336388421875 0.5667814578125 0.32902046406249996 0.560960159375 0.3066678171875 0.5643458734375 0.3016524953125 0.5606133 0.284148590625 0.5629613328125 0.281024275 0.5574259921875 0.27385323437500003 0.5572422140625 0.25306635625 0.5588364828125 0.23779383906249998 0.55980400625 0.22660630781250002 0.5658390953125 0.2216667046875 0.564274840625 0.21603114375 0.5614323359375 0.206008425 0.56351911875 0.1977252765625 0.5594665156249999 0.18261146875 0.55565244375 0.165228684375 0.5614696625 0.1504704515625 0.5585115484375 0.146658103125 0.5612498203125 0.141408353125 0.560130559375 0.128178353125 0.5636318640625 0.12509225 0.568515703125 0.120076928125 0.5647831296875 0.09876789531249999 0.5607512546875 0.0936847515625 0.5644022109375 0.080424465625 0.5670361984375 0.056944540625 0.566119403125 0.0467249296875 0.5625686359375 0.041074225 0.559292446875 0.0273826453125 0.5589022234375001 0.013780684375 0.5629055671875001 0.023071203125000002 0.5659997156250001 0.0344556015625 0.5656021640625 0.04800361875 0.571207696875 0.0620810109375 0.5733211781249999 0.0897288359375 0.5723556953125 0.09870007187499999 0.5681347515625 0.11372299374999999 0.569346871875 0.121355615625 0.57342219375 0.1289124953125 0.57532923125
6 0 0.47257319062500003 0.004632662500000001 0.4804923328125 0.0367448421875 0.5256230859375 0.0452336953125 0.530863875 0.0889996484375 0.545947215625 0.1395227546875 0.5376685265625001 0.1460932359375 0.5299475359375 0.14436695625 0.494504421875 0.1394357359375 0.486207921875 0.10928142968750001 0.4481746234375 0.09406304843749999 0.44610030624999997 0.061867478125 0.4475503203125 0.00348576875 0.46164066718749996 0 0.462656678125 0 0.47257319062500003
6 0 0.3974825875 0.0106141421875 0.400914521875 0.14621301874999998 0.3934669859375 0.154520103125 0.393502615625 0.16591413906250002 0.3979905171875 0.178613078125 0.397872778125 0.1853539671875 0.3950316265625 0.18909336875 0.3971810796875 0.20563937656250003 0.395300403125 0.2309182296875 0.398651996875 0.237006665625 0.3981136640625 0.2408196515625 0.39537475781250003 0.24381571875 0.3972244484375 0.252054640625 0.3953081421875 0.25452864062499997 0.39619890625 0.2581262953125 0.40128478125000006 0.2636418046875 0.4053265265625 0.2682208484375 0.40353802656250004 0.2719148078125 0.4043861875 0.27548380156249996 0.40165580156249997 0.27638024687499996 0.3993444625 0.28145863437499996 0.3978642453125 0.306930615625 0.40674632187500004 0.3257520734375 0.40706621875 0.32823743437499997 0.40828230468750004 0.3311658546875 0.42218597031250005 0.33525149375 0.42725480468750004 0.340982334375 0.4234717671875 0.3444209421875 0.424003128125 0.3467191140625 0.426854346875 0.3515421484375 0.42505732656250006 0.3626694703125 0.42890310156250006 0.3659776921875 0.43269620625 0.371203765625 0.43544518125 0.3739276984375 0.4434930421875 0.3741381265625 0.4565144640625 0.372294375 0.4666761453125 0.37235169687499997 0.4823086671875 0.3764319140625 0.494217796875 0.37741382031250004 0.5013493296875 0.381102359375 0.5090377859374999 0.38115374218750003 0.5175046921875001 0.38298665 0.521023596875 0.38421255 0.5281466125 0.384138965625 0.5330349703125 0.3789188296875 0.5374516109374999 0.3813819875 0.5520229624999999 0.3805650671875 0.5566115593750001 0.377540859375 0.5609515171874999 0.3764685875 0.5652233125 0.3641613265625 0.569561721875 0.382966003125 0.576396590625 0.41358995624999995 0.5789100921875 0.5010185796875 0.5781370515625001 0.5094787734375 0.5755615796875 0.5238742953125 0.575058878125 0.5338833843749999 0.5678692484375001 0.535211009375 0.56391425625 0.545554975 0.559318684375 0.5509114359375 0.5588059140625 0.5544068453125 0.5609638859375 0.5588100609375 0.56113584375 0.5625321624999999 0.5557943546875 0.5610509109375 0.548354540625 0.6536333015625 0.436331259375 0.6560900015625 0.4297310859375 0.6597839624999999 0.4305792484375 0.6638636609375 0.428482465625 0.666814284375 0.429030865625 0.6753031375 0.43427165624999997 0.6770219234375 0.4205314265625 0.685096378125 0.4209009 0.686673934375 0.4241030015625 0.69142880625 0.4203540453125 0.6948787750000001 0.421210728125 0.698237859375 0.41946483125 0.702487965625 0.42224788750000003 0.711532446875 0.4154176609375 0.7183815203125 0.4226700296875 0.7233008609375 0.4166352953125 0.7280043515625 0.40441943281250003 0.727856665625 0.400190240625 0.725269059375 0.3960462515625 0.7091542343749999 0.3962832734375 0.6721410484375 0.3926900140625 0.4826837890625 0.3888829921875 0.42759248281250006 0.3852695953125 0.3755654046875 0.3854578234375 0.1894331484375 0.3789289359375 0 0.37294462500000003 0 0.3974825875
1 1 0.7098365015625 0.8223266953125 0.712024334375 0.5038324703125 0.712204934375 0.0081654296875 0.7257658515625 0.007837793749999999 0.7331725953125 0.1571076515625 0.7284809906249999 0.154241303125 1 0.1635580546875 1 0.1653225859375 0.72871514375 0.43551646718750003 0.72188488125 0.48910183281249997 0.721576703125 0.5000391078125 0.7256231515625 0.5134828203125 0.9986907296875 0.5276897265625 0.9984554609374999 0.5101792406250001 0.7208406640625 0.81470030625 0.7175008843749999 0.8413435046875 0.988059075 0.847588684375 0.9878409890625001 0.8205733125 0.7178168078125 1 0.71706843125 1 0.7098365015625
6 0.37424093125 0.7812529671874999 0.4810980234375 0.7771957171875 0.48616505 0.7753901765625 0.4894786921875 0.7723429875 0.49127158125000003 0.767720309375 0.4982110203125 0.7635693484375 0.49929465312500004 0.7596228765624999 0.49672976875 0.75612953125 0.5001169953125 0.7481939843750001 0.4979037671875 0.7407797296874999 0.499174590625 0.7351981249999999 0.5027322234375 0.732142415625 0.5003886109375 0.72798990625 0.50220421875 0.724017871875 0.4994689265625 0.715644690625 0.49947434843750005 0.7088043984375 0.49715345468749994 0.7053025328125 0.48665044375 0.7053435875 0.4804484015625 0.70262869375 0.47980137031250003 0.69809121875 0.482178546875 0.6892137859374999 0.49244298906250006 0.6823409578125 0.5117805718749999 0.6764541671875001 0.5159738765624999 0.6776106109375 0.5190548875000001 0.6748972656250001 0.5236398703125 0.6802743812500001 0.5284629062499999 0.6784773625 0.5314135296875 0.6790257609375 0.535226515625 0.67628685625 0.5389999999999999 0.679412275 0.5481888125000001 0.6781142375 0.5546609234375001 0.6801682609374999 0.56585046875 0.6788003546875 0.5702028203125 0.6845113140625 0.57502585625 0.6827142953124999 0.5819257921875 0.684427659375 0.5872822531249999 0.6839148875000001 0.5911066 0.681501303125 0.5931889234375001 0.6781713953125 0.5885016953125 0.6698663765624999 0.57887240625 0.6669454453125 0.439841453125 0.6694782671875 0.439084271875 0.64779541875 0.43500658281250004 0.6336096718750001 0.42661742656249996 0.6265214828125 0.40924914062499995 0.614102421875 0.3871532859375 0.60619031875 0.3622663015625 0.6022833296875 0.365010534375 0.6708307546875 0.3474999203125 0.6730708359375 0.3434429421875 0.6758182609375 0.3309879953125 0.6759274796875 0.3291496640625 0.6792488671875 0.3285258734375 0.6893679484375 0.3207127109375 0.69648089375 0.3160828046875 0.703808396875 0.3159864984375 0.708046109375 0.32065100625 0.715700484375 0.32458895781249997 0.7165401250000001 0.33337860468749997 0.723399009375 0.33213050312500003 0.7296312578124999 0.3330902078125 0.7501180578125 0.336114934375 0.759784009375 0.33668838125 0.76920984375 0.3394236734375 0.777583025 0.37424093125 0.7812529671874999
3 0.8704717125 0.42201020156249996 0.8480963015625 0.42474542499999995 0.8217950109375 0.426966425 0.7928951234375 0.4247192359375 0.7817188125000001 0.426412084375 0.7763864109374999 0.4415777 0.7520821359375 0.4450315984375 0.742369509375 0.4466732828125 0.7179743703125 0.4475251796875 0.7091012796875 0.4452299109375 0.6921382609375 0.4490786671875 0.6842182078125 0.446098846875 0.6760483234375 0.43596369687500003 0.6636581609375 0.4448630390625 0.64653613125 0.44415834062500004 0.6335217796875 0.4491718171875 0.6196333328125 0.44314402656249996 0.6056431515625 0.44819147968750006 0.5952154765625 0.44334539843750004 0.586455928125 0.44430260625000007 0.5660094546875001 0.44631912500000004 0.5551847453125001 0.4440920078125 0.5332972671875 0.4468101671875 0.5098097703125 0.44567653749999997 0.48155684687500006 0.4479657640625 0.4662274078125 0.4426395125 0.47204865781249994 0.45546180156249993 0.48686746562499994 0.4601545671875 0.5126808796875 0.45795058125 0.55355114375 0.453266965625 0.565907721875 0.457394421875 0.574667234375 0.45643723906250006 0.590699896875 0.4539235828125 0.6055187015625 0.45861627499999996 0.6170239375000001 0.452353009375 0.6141310515625 0.4674334359375 0.623140471875 0.4736316078125 0.624365196875 0.45274796562499997 0.6357913765625 0.45821042343749996 0.6493390921875 0.454480934375 0.6820512812499999 0.4539899171875 0.69396539375 0.459435334375 0.6990725484375 0.49377475468750004 0.7080029156250001 0.511698721875 0.705142678125 0.48574748124999995 0.6997521015625 0.457279403125 0.7431754203125001 0.4557630265625 0.751515221875 0.45677435781250003 0.7602293062500001 0.4545162734375 0.7644505578125 0.463486725 0.7618184484375 0.472045259375 0.765086590625 0.4817003125 0.7702609203125 0.4899862890625 0.770997746875 0.4691195859375 0.770032790625 0.45547644062500003 0.77282394375 0.451471284375 0.7859745921875 0.4503608359375 0.7938491734374999 0.4520396296875 0.8086452656249999 0.45608194375 0.8215124906250001 0.46084278437500004 0.8354344875 0.45384383125000005 0.8207519734375 0.45305399375000005 0.7989662265625 0.44469688281249997 0.7870975812500001 0.44055243906249997 0.788822009375 0.43397943437500003 0.7966739140625 0.43500775156250004 0.810312453125 0.43388019062499994 0.8231342484375 0.43734012968749997 0.8348438859374999 0.43693122031250003 0.8524084171874999 0.436317853125 0.8654681984374999 0.432605403125 0.874874615625 0.43618458593750004 0.8831463078124999 0.43524446250000004 0.894878659375 0.435486028125 0.9134416968749999 0.4354890875 0.928816509375 0.442116290625 0.9404807890625 0.4404063546875 0.9519070078125 0.4458688609375 0.966589521875 0.44665869843749995 0.9903268109375001 0.454947659375 0.99808785625 0.453374075 0.996431328125 0.4450436625 0.98512976875 0.4460112578125 0.970685315625 0.4380490265625 0.9501706999999999 0.43811419375 0.9518496953125 0.43024016249999997 0.927454553125 0.43109206093749997 0.9184678515625 0.425544390625 0.902344403125 0.425456140625 0.8755097484375 0.4263932265625 0.8704717125 0.42201020156249996
3 0.7162961640625001 0.5679156015625 0.724006478125 0.5586731703125001 0.7250147890624999 0.550243709375 0.730213825 0.54369409375 0.7275761140625 0.536549775 0.7211309015625 0.526064928125 0.7207323359375 0.5208686140625 0.7149982265625 0.5120956859375 0.7151492296875 0.5039856078125 0.7145439171875 0.49908597656250003 0.71116736875 0.499791696875 0.7116700218750001 0.516264309375 0.7175151843750001 0.5282173890624999 0.724000796875 0.539858653125 0.7207836640624999 0.5472074265625 0.7205114953125 0.5518482515625001 0.7128213703124999 0.5616688828124999 0.7127660609375 0.566302125 0.7170428156249999 0.5768626953125 0.7181924671875 0.5724806906250001 0.7162961640625001 0.5679156015625
3 0.8197487156250001 0.539699096875 0.8146502218749999 0.53669310625 0.80987960625 0.5368596984375 0.8048618781249999 0.536166553125 0.8021491 0.545523915625 0.796889490625 0.550338896875 0.7899807062499999 0.5514485265625 0.785621771875 0.5565449765625 0.7817963234375 0.559549678125 0.7866375921875 0.5614068203125 0.790616321875 0.5572154734375 0.7981251546875 0.5546376046875 0.8053161875000001 0.5491762609374999 0.8072221546874999 0.5415838203125001 0.8132736328125001 0.54079358125 0.8170508812499999 0.543266784375 0.8197487156250001 0.539699096875
3 1 0.692749490625 0.9972341046875 0.695913996875 0.9900378062499999 0.695007465625 0.98488881875 0.6905559609374999 0.9799114718749999 0.6910192265624999 0.974828321875 0.6946702234375 0.9811572328124999 0.6956070453125001 0.9823626109375001 0.699038440625 0.9879804046875 0.6982633468749999 0.9931947828125001 0.698370709375 0.9979957015625001 0.699071428125 1 0.6980413859375 1 0.692749490625
3 0.957652296875 0.70019081875 0.9749749265625001 0.7050855687500001 0.9765635109374999 0.7070562859375 0.9838555 0.7044859875 0.9871836890625 0.700317371875 0.9792209796875 0.702332196875 0.9750100453125 0.6998741046875 0.9632297046874999 0.698259290625 0.9592053281249999 0.6949263375 0.9518325875 0.6951837984375 0.946769628125 0.6994129953125 0.9434765593750001 0.69837016875 0.9402844484375 0.7002183796875 0.937364490625 0.6974257749999999 0.9288873140625 0.6971428875 0.919280278125 0.6893735734375 0.9114738375 0.6896461796875 0.9049058609375 0.7000388796875 0.9085946937499999 0.700456640625 0.914010571875 0.693899453125 0.9187811703125 0.6937328593750001 0.9262096718749999 0.7012888203125 0.9353575671875 0.7021271796875 0.9404459812500001 0.7048440593749999 0.944712225 0.702668878125 0.94778845 0.703719275 0.9535019374999999 0.6994673609375 0.957652296875 0.70019081875
3 0.8503759046875 0.7033580546875 0.8460389921875 0.703509503125 0.8426752531249999 0.7004429437499999 0.8295736343750001 0.6982953421875 0.8228716125 0.6991082984375 0.8158013125 0.6955922578125 0.8134563953124999 0.696831965625 0.8112729953125 0.7026973546875 0.8048887734375001 0.7063937859375 0.799623915625 0.7048409 0.79355223125 0.705052928125 0.7888119203125 0.7060868546875 0.7853726625 0.7070753046875 0.7837485265625 0.6978693875 0.7834860375 0.690352671875 0.7803492359375 0.6875676390625001 0.7812828953125 0.7080864921875001 0.772493165625 0.71128800625 0.7810006296875 0.71243820625 0.791308271875 0.7091836828125 0.8008797734374999 0.70971781875 0.8078592109375 0.7106319140624999 0.814182859375 0.7052008828125 0.8157762890625 0.7010928125 0.823920721875 0.704281890625 0.8290745421875 0.702654628125 0.8415356984375 0.7051140484375 0.84819250625 0.70922344375 0.86044165 0.7056116703125 0.865903175 0.7065787718750001 0.8735581953124999 0.70196959375 0.8845620125 0.7062166546875 0.8958076953124999 0.7049555765625 0.9029895 0.7073440078125001 0.908717478125 0.7016101859375 0.9023784875 0.7003842625 0.8965438515624999 0.7011669171875 0.8872295765624999 0.70178164375 0.879281778125 0.6980067812499999 0.8699372140625 0.697754184375 0.8648944640625 0.702561603125 0.86135425 0.7006590265625 0.8535377296875 0.7006425328125 0.8503759046875 0.7033580546875
3 0.675501871875 0.705991303125 0.6727333515625 0.707535265625 0.66195645625 0.703569746875 0.6545279734375 0.69601381875 0.6404027171875 0.6956387046875 0.635773459375 0.699852765625 0.6266457375 0.699592596875 0.6149764515625 0.70115793125 0.6095452140625001 0.7010581296875 0.5956016796875 0.7058869062500001 0.5872706921875 0.7035727234375 0.581592325 0.7026131828125 0.574320525 0.7057616906249999 0.5637152750000001 0.7067109515625 0.5603616328125 0.7039334921875 0.552358540625 0.7047918828124999 0.5446175046875 0.7007203468750001 0.532484228125 0.701433503125 0.51632176875 0.70489248125 0.5127714671875 0.7027008046875001 0.5079604765625 0.701710975 0.49954388281249995 0.703162721875 0.494465571875 0.7007349421875 0.48374443593749994 0.7045828203125 0.4798666640625 0.7116652125 0.491641740625 0.7069121593750001 0.4997155109375 0.708077503125 0.5103409437499999 0.7077064546875 0.518248353125 0.71032489375 0.528359325 0.7076561546875 0.5323231296875 0.709254475 0.54154654375 0.7060378140625 0.5503718078125 0.7100714875 0.5598928125 0.709160090625 0.5632565515625 0.7122266609375 0.5772808515625 0.7097107203124999 0.5845829359375 0.707429521875 0.5933779125 0.7105958828125 0.6033326203125 0.709669340625 0.6127627796875 0.7061560078125 0.6259903640625 0.705694090625 0.6394650937499999 0.7060919125 0.6418754156250001 0.7005080515625 0.6462829984375 0.7023803359375 0.6523243984375 0.7013009984374999 0.6593192125 0.708872078125 0.6693748609375 0.710836584375 0.6759811890625 0.71350045625 0.694473646875 0.714591425 0.7192142671874999 0.7143064031249999 0.7389472046875001 0.7136173125 0.7482816703124999 0.7135807765625 0.75098961875 0.7103022109375 0.7636979203125 0.713621346875 0.76551548125 0.7114208843750001 0.7578378125 0.707457925 0.7497337625 0.70542526875 0.7455179968750001 0.7090459984375 0.74028339375 0.708360403125 0.7249075609375 0.70947625625 0.71897196875 0.7073678640625001 0.71323825625 0.7110415796875 0.6971412109374999 0.7101564140625001 0.6821485843749999 0.7098116203125 0.675501871875 0.705991303125
1 0.3979449390625 0.9755075546875001 0.2879649421875 0.98195325625 0.287005084375 0.9316547015625 0.279993403125 0.9327344500000001 0.28250988593750004 0.993606240625 0.403273553125 0.9826158062499999 0.400475009375 0.902475971875 0.2792301640625 0.910878134375 0.2813184578125 0.9259148625 0.2860205 0.9262716796875001 0.286029196875 0.9153299015625 0.39485641718750003 0.9094454921875 0.3979449390625 0.9755075546875001
1 0.72915280625 0.898949853125 0.7349009109375 0.9628349015625 0.656836465625 0.965560971875 0.6574630234375001 0.97231240625 0.73974831875 0.9673548406249999 0.732465815625 0.893102875 0.685357878125 0.8942921296874999 0.6858270453124999 0.9004628218749999 0.72915280625 0.898949853125
1 0.6383553984375 0.9735006734375 0.6340682515625 0.8954969437500001 0.6282637734375001 0.8962859 0.632500565625 0.9737051296875 0.6383553984375 0.9735006734375
1 1 0.88139755 0.9307173093750001 0.8840957203125 0.9384083296875 0.9588543953125 0.9466050890625001 0.9585681578124999 0.9375890453125001 0.890629009375 1 0.8901745343749999 1 0.88139755
1 0.030563184375000003 1 0.032636518749999996 0.9683299796875 0.0368574 0.9660985249999999 0.036693848437499996 0.9614150218749999 0.031619646875000004 0.9615922171875001 0.032653164062500004 0.92404245 0.014584639062499998 0.92357899375 0.014934587499999999 0.9314345093749999 0.02588179375 0.9315732406249999 0.0237141921875 1 0.030563184375000003 1
3 0.785022825 0.6830056953125 0.78151071875 0.6733591609375 0.776943803125 0.675472471875 0.7801605734375 0.6766627015625 0.7803082234375001 0.6808908546875 0.7772050312500001 0.6829530640625 0.771106246875 0.6831660375 0.7687916671874999 0.6868288921875 0.7589541078125001 0.68489295 0.7550963015625001 0.6863302296875 0.7500982406250001 0.69008679375 0.745718484375 0.6905653843749999 0.7416903328125 0.6871240109375 0.7374750015625 0.6853173828125 0.731376215625 0.6855303562499999 0.727673059375 0.6904939375 0.7349391890625 0.6896392437500001 0.7401303109375 0.691411796875 0.745378240625 0.6948105765625 0.752929371875 0.6942212375000001 0.7591244734375 0.689771590625 0.7632716390625001 0.6896267671875 0.7703575734375 0.68970496875 0.7739032671875 0.68632475625 0.78288403125 0.6847085796875 0.785022825 0.6830056953125
3 0.7280043046875 0.6765254125 0.72091325625 0.6805512671875 0.723687221875 0.6857940671875 0.7289178890625 0.681703734375 0.732611234375 0.682551675 0.7416715 0.6832121984375 0.749455221875 0.6822891171875 0.7583224093750001 0.6774205125 0.745183121875 0.6788562625 0.73345073125 0.678614684375 0.7280043046875 0.6765254125
8 0.7181045015625 0.67980186875 0.7268694671875 0.6720060875 0.739594459375 0.6657002140625 0.732928275 0.663653525 0.676093296875 0.6650161546875 0.6905547984375 0.6742511390625 0.7100541171875 0.6800829937499999 0.7181045015625 0.67980186875
3 0 0.150168790625 0.0154448328125 0.149257675 0.0473010328125 0.1530364046875 0.0779590734375 0.15340438437499998 0.1114894921875 0.155686071875 0.1317863734375 0.1621701890625 0.1338724296875 0.18482690468750002 0.1337175109375 0.1989304046875 0.1371566453125 0.2108943734375 0.1454827546875 0.2083019046875 0.14080889531250002 0.14862017031250002 0.118567265625 0.1482460078125 0.055130617187499995 0.14240520625 0.0222267625 0.139526215625 0 0.138853321875 0 0.150168790625
3 0 0.1189513203125 0.004801853125 0.12258402187499999 0.030121365625 0.12457700468749999 0.05181669531250001 0.12784741718749998 0.07072475 0.12546084062500001 0.08631447187499999 0.12693043906249998 0.0897885375 0.13371431250000002 0.0984156984375 0.1397428 0.10256650625 0.1473661875 0.108707028125 0.143986871875 0.1106666203125 0.1321220875 0.12569479687500001 0.1298709890625 0.13328916562499998 0.1310443671875 0.1446883578125 0.13611290781250002 0.1445025015625 0.12461075625 0.1369181671875 0.1237247390625 0.128626971875 0.12113711406250001 0.1298046640625 0.11160136093749999 0.12838050625 0.0955389921875 0.133879184375 0.0861400640625 0.129953959375 0.078796528125 0.1245604390625 0.0850269 0.1258990921875 0.0924607734375 0.12445086875 0.10660943125 0.1241406 0.12244465 0.11535329375 0.124190090625 0.102184775 0.124074509375 0.08502599375 0.12093340156250001 0.0679173890625 0.11922912187500001 0.048292453125 0.119626715625 0.024070760937499998 0.11817082968749999 0.0040195296875000005 0.112541278125 0 0.110598815625 0 0.1189513203125
6 0 0.10955280468749999 0.0002470953125 0.1095733734375 0.0077162328124999995 0.11334056249999999 0.0205640390625 0.11663221406249999 0.038319296875 0.1183139234375 0.0586310234375 0.11904320312500001 0.07825595625000001 0.11864559687500001 0.0921413734375 0.12075015781250001 0.1073301109375 0.123096915625 0.1215362296875 0.1220253921875 0.12402205468750001 0.1066896359375 0.123585321875 0.08800334374999999 0.126166671875 0.0815834453125 0.1301316390625 0.0777046796875 0.13515469375 0.0855853171875 0.1298414375 0.0941146203125 0.129987153125 0.104467315625 0.12965681406250001 0.11972780000000001 0.1392814375 0.1234197296875 0.14103511875000002 0.0994780484375 0.14155529375 0.0649339625 0.1427341375 0.0121712265625 0.11279819375 0.013216612499999999 0.1126766328125 0.059900389062500004 0.11339432812500001 0.08663291875 0.11285889375 0.11456007500000001 0.0451614375 0.11030665625 0.01809746875 0.10779915625 0 0.10548138437500001 0 0.10955280468749999
3 0.395694903125 0.27264403593750003 0.37669184218749996 0.2508133203125 0.364033015625 0.21477799062499997 0.359276509375 0.19609747500000002 0.350632878125 0.183632234375 0.3508547734375 0.20193592031250002 0.3556023078125 0.23452698125000002 0.3590670671875 0.2684514984375 0.3545981046875 0.2971815 0.371768303125 0.3057012375 0.370231421875 0.2747491546875 0.38717937812500003 0.2899641796875 0.4054826921875 0.29175680000000004 0.4142314671875 0.281116059375 0.4139134015625 0.27200783125 0.395694903125 0.27264403593750003
3 0.6791888312500001 0.20844923437500001 0.6952868718749999 0.2169159890625 0.7063505812499999 0.21051035625 0.7014674171874999 0.2080474625 0.6885746187499999 0.202478409375 0.679653846875 0.1975230765625 0.6626646421875 0.1958591171875 0.653108278125 0.1969452453125 0.6393828609375001 0.197188071875 0.6310727109375 0.2123867203125 0.6268650453125 0.2211863546875 0.6295984421874999 0.22673396875 0.6369919171875 0.22835680468750003 0.6423400734375 0.219893571875 0.645610378125 0.2084932390625 0.6573101984374999 0.21222288437499998 0.669206296875 0.205412 0.6791888312500001 0.20844923437500001
3 0.728742965625 0.21182221874999999 0.739466290625 0.21201359687500002 0.7471137359375 0.2092002890625 0.745486996875 0.2051548125 0.7310100937499999 0.20382140468749999 0.7203234296875001 0.2044596125 0.719210046875 0.2122965765625 0.728742965625 0.21182221874999999
3 0.8092836 0.211991875 0.8049124796875 0.2141930546875 0.7964930984375 0.2119394828125 0.7936999359375 0.2150158796875 0.803543234375 0.21898485937499998 0.8138785468749999 0.21851612187499997 0.8249014062500001 0.21920937343750002 0.8336756921875 0.218040425 0.8328658453125 0.2110605453125 0.82357126875 0.21354147656250003 0.8175882734375 0.21127059531249998 0.8092836 0.211991875
3 0.8660316203124999 0.1697639640625 0.8524657171875001 0.1699458578125 0.8239406203125 0.16802353750000001 0.784412228125 0.1644425734375 0.7301331171875 0.1584582328125 0.671613503125 0.15641597499999998 0.6710545 0.1654826515625 0.6864306124999999 0.166988615625 0.71191509375 0.16960080625 0.7445792953125 0.1772154625 0.7824855953125 0.1782264953125 0.81202248125 0.177778734375 0.83370373125 0.1843177046875 0.8629405468750001 0.18154566249999998 0.8660316203124999 0.1697639640625