9 0.3039442125 0.149561065625 0.309505625 0.1453475625 0.31684868437499997 0.1470659125 0.3330085859375 0.15750790312500001 0.41006235156250004 0.17805388125 0.42533358750000005 0.1723652453125 0.46996779375 0.18167899375000002 0.5014060046875 0.19146815781249998 0.519438853125 0.20723291875 0.52480206875 0.2097867140625 0.5272731187499999 0.20914072031250003 0.530779403125 0.20134151249999999 0.5311175671874999 0.198390728125 0.5294678046875 0.1935153578125 0.5244082609375 0.18901680468749998 0.5212881874999999 0.17864024218750002 0.5096920125 0.1712514234375 0.392882075 0.1428363 0.377089325 0.1403396359375 0.3708288515625 0.14091494843750002 0.35395241093749996 0.137768903125 0.3155769203125 0.1269533078125 0.2979551734375 0.132742346875 0.283460121875 0.1185184234375 0.2716546359375 0.11654086875 0.2632820171875 0.11651053281249998 0.25459874375 0.11402064375000001 0.2519067671875 0.1118941765625 0.2332425890625 0.10789686406250001 0.23118567343750002 0.1079843328125 0.23047484843750002 0.114891928125 0.2259538640625 0.12002969999999999 0.222185178125 0.1216581609375 0.2194726703125 0.12934633906249998 0.21965910156250001 0.1331248296875 0.2209292234375 0.1375527 0.22400084062499998 0.14012666875 0.2282596296875 0.14033193906250002 0.2590581359375 0.13707736875 0.27727705 0.145399284375 0.2857486421875 0.1431819 0.29451883125 0.148019990625 0.3039442125 0.149561065625
8 0.1541949375 0.0173650078125 0.160304121875 0.013449382812499999 0.16828460781250001 0.0152449296875 0.1714022375 0.011457120312500001 0.16738678437500001 0.011291346875 0.159998396875 0.0106512125 0.15329710000000002 0.0134114203125 0.1449901734375 0.0127543125 0.1395545890625 0.010456459375000001 0.1296865890625 0.0100909453125 0.140572625 0.015922962500000002 0.1460185734375 0.01625251875 0.1541949375 0.0173650078125
3 0.11566580312500001 0.085696271875 0.1183723296875 0.078833696875 0.1171836375 0.07331824218750001 0.112717015625 0.0695733671875 0.1108205125 0.064594184375 0.10535969687499999 0.0630283203125 0.10413173125 0.068350521875 0.10828011093750001 0.06830110625 0.10904735937500001 0.07271005625 0.113775134375 0.0755441828125 0.11353334687500001 0.0808958546875 0.11177505937500001 0.090248034375 0.1124666625 0.0968529984375 0.111150534375 0.10337503750000002 0.113765221875 0.10584966093749999 0.1164821234375 0.097018753125 0.11566580312500001 0.085696271875
3 0.109014625 0.1420247328125 0.1099564265625 0.148549803125 0.11101254375 0.1574011203125 0.112604709375 0.160568171875 0.11448300468749999 0.154017778125 0.1140936328125 0.1455661140625 0.11142783437499999 0.13687871093749998 0.10792079531250001 0.13003508749999998 0.105679409375 0.12313738125 0.1040620984375 0.1178781203125 0.1074107046875 0.1111493921875 0.115716675 0.11538201875000001 0.11231136718750001 0.10981856406249998 0.1090291140625 0.10491589375000002 0.1055723671875 0.10225669687500001 0.10380075 0.1057101828125 0.1037066390625 0.10985319687499999 0.10048229687500002 0.1145581328125 0.101083878125 0.12390463437499999 0.10450557499999999 0.1332257875 0.109014625 0.1420247328125
7 0.170410365625 0.12950079375 0.16246563593750002 0.1262067625 0.134973228125 0.1193393578125 0.1207542703125 0.11932580781249999 0.1205473046875 0.125361965625 0.1302941453125 0.1613434640625 0.1483173109375 0.2162914765625 0.1520170078125 0.21667506875 0.16063786093750002 0.20255374062499998 0.17596062968749998 0.170374446875 0.1779828453125 0.1597792171875 0.17730610468750002 0.1426532078125 0.17578056250000001 0.1364589 0.170410365625 0.12950079375
4 0.1330999515625 0.5859210359375 0.1050230515625 0.66952596875 0.0536959921875 0.8131013218750001 0.0470471890625 0.8887151062499999 0.07792064062500001 0.898652109375 0.125252671875 0.8086832828125001 0.15225203437499998 0.6706003671875 0.17134849531250002 0.5784982203125 0.17100875 0.5626798796875 0.1330999515625 0.5859210359375
11 0.8211905140625 0.15931907812499999 0.8191128609374999 0.157707403125 0.78388289375 0.1530235984375 0.7798242937500001 0.1538916484375 0.7487985 0.18326136875000001 0.747611328125 0.185630065625 0.7442914765624999 0.1972077609375 0.7434221437499999 0.2179541109375 0.7444920765624999 0.22130866249999998 0.747888103125 0.2236370125 0.779991221875 0.22505373281250002 0.8071590171875 0.22065296406249998 0.8142615140625 0.21625542968749997 0.821681440625 0.2072079671875 0.8228133796874999 0.2041461546875 0.8211905140625 0.15931907812499999
11 0.15060200937499998 0 0.1424567328125 0.0164377515625 0.1453918359375 0.030289784375 0.1539466203125 0.04519969375 0.16096773125 0.06240318593750001 0.175684778125 0.0790915453125 0.21254236093749998 0.09508128593750001 0.3019176140625 0.11637241250000001 0.3363309609375 0.11865089531249999 0.3599078140625 0.11294313593750001 0.3815475296875 0.1050536765625 0.40075293749999996 0.09050299687499999 0.4087280984375 0.07544263749999999 0.40933833750000004 0.05772832812499999 0.38519810468750004 0.053602696875 0.18560152968750002 0.007667440624999999 0.161573821875 0 0.15060200937499998 0
11 0.6214339859375 0.1101671546875 0.6154634265625 0.11150287656249999 0.6144902015625 0.1122397265625 0.6139175578125 0.12663700625000002 0.617382778125 0.13846709375 0.623263815625 0.1489580734375 0.630718440625 0.1504183734375 0.6448821671875 0.14973880781249999 0.6550355453125001 0.14621610000000002 0.6762048578125001 0.1255338109375 0.6622480953125 0.12017721562499999 0.6214339859375 0.1101671546875
11 1 0.196638696875 0.9265429296875001 0.179861840625 0.90457943125 0.17762757812500002 0.9033523499999999 0.21207789687499998 0.9018954625 0.23747436875 0.9323852890625 0.2681077453125 0.9499522546874999 0.2791081015625 1 0.29396223906249996 1 0.196638696875
4 0.8765230453124999 1 0.914288896875 0.8682948234375001 0.89884134375 0.6968985484375 0.8669138828125 0.717558990625 0.8734091109375001 1 0.8765230453124999 1
0 0 0.8762722109375 0.0078937625 0.8787018859375 0.175568575 0.44698797343749996 0.07357306875 0.42162015 0 0.582605721875 0 0.8762722109375