8 0 0.9996744796874999 0.361328125 0.9895833328125001 0.3515625 0.3434244796875 0.262451171875 0.3743489578125 0.257568359375 0.478515625 0 0.4817708328125 0 0.9996744796874999
8 0.999755859375 0.8854166671874999 0.9912109375 0.5061848953125 0.709228515625 0.5403645828125 0.565185546875 0.5436197921875 0.50537109375 0.478515625 0.501708984375 0.0927734375 0.390625 0.06510416718749999 0.408935546875 0.76171875 0.443115234375 0.9996744796874999 0.999755859375 0.8854166671874999
10 0.48828125 0.810546875 0.504150390625 0.6949869796875 0.5029296875 0.5859375 0.472412109375 0.556640625 0.44677734375 0.5305989578125 0.487060546875 0.4964192703125 0.489501953125 0.3776041671875 0.40283203125 0.3401692703125 0.3955078125 0.33203125 0.435791015625 0.8561197921874999 0.48828125 0.810546875
9 0.54931640625 0.5859375 0.56884765625 0.5777994796875 0.54443359375 0.0927734375 0.474853515625 0.1871744796875 0.479736328125 0.33203125 0.5078125 0.4947916671875 0.54931640625 0.5859375
2 0.54931640625 0.08951822968749999 0.555419921875 0.1611328125 0.999755859375 0.1627604171875 0.999755859375 0.1155598953125 0.54931640625 0.08951822968749999
1 0.706787109375 0.1529947921875 0.714111328125 0.537109375 0.73974609375 0.52734375 0.726318359375 0.1546223953125 0.706787109375 0.1529947921875
1 0.55419921875 0.08951822968749999 0.557861328125 0.1416015625 0.999755859375 0.1513671875 0.968017578125 0.1090494796875 0.55419921875 0.08951822968749999
1 0.245361328125 0.4801432296875 0.260009765625 0.4850260421875 0.267333984375 0.1253255203125 0.23193359375 0.05859375 0 0.068359375 0.010986328125 0.1155598953125 0.244140625 0.1204427078125 0.225830078125 0.4736328125 0.00244140625 0.4817708328125 0.245361328125 0.4801432296875
2 0.291748046875 0.3873697921875 0.352783203125 0.3824869796875 0.36376953125 0.3255208328125 0.335693359375 0.29296875 0.28564453125 0.3548177078125 0.264892578125 0.439453125 0.262451171875 0.4947916671875 0.2490234375 0.498046875 0.2001953125 0.5322265625 0.21484375 0.5745442703125 0.267333984375 0.5517578125 0.31494140625 0.4915364578125 0.316162109375 0.4638671875 0.281982421875 0.4020182296875 0.291748046875 0.3873697921875
3 0.90087890625 0.0830078125 0.938720703125 0.0732421875 0.938720703125 0.0472005203125 0.90576171875 0.0341796875 0.84228515625 0.0455729171875 0.83251953125 0.07486979218749999 0.845947265625 0.0830078125 0.90087890625 0.0830078125
11 0.15869140625 0.008138020312499999 0.99853515625 0.09602864531250001 0.99365234375 0.0439453125 0.498046875 0 0.15869140625 0.008138020312499999