11 0.616129428125 0.23462812031250002 0.6425153625 0.2597301234375 0.72484640625 0.2582930296875 0.8207637562500001 0.2596261421875 0.854440965625 0.2500162359375 0.8470704828125 0.2155602 0.8837900828125 0.186349278125 0.8340609421874999 0.1812025671875 0.6985649375 0.174545565625 0.4433359265625 0.1594527453125 0.2022652296875 0.1442743734375 0.18842193437500002 0.16239860625 0.14910551562500002 0.1721069703125 0.171190084375 0.2093135265625 0.1976024078125 0.23591877343749998 0.2676584515625 0.24221438125 0.3057683703125 0.22801601875 0.3927418859375 0.2340162796875 0.5450764968749999 0.235868353125 0.616129428125 0.23462812031250002
9 0.6264990671875 0.24905615 0.609582075 0.24511902187499998 0.54454261875 0.240068453125 0.3195017859375 0.2312993078125 0.2985088890625 0.231665740625 0.28996636875 0.2485631578125 0.2917715453125 0.26806110625 0.30058050468749997 0.2692092875 0.3060423796875 0.25757987656250003 0.4740368609375 0.271577184375 0.6333968249999999 0.28051608125 0.63509986875 0.2801607828125 0.6395389953125 0.2686883328125 0.6344808109375 0.258683940625 0.6264990671875 0.24905615
3 0 0.38974575312500004 0.006305284375 0.3915224625 0.013740767187499999 0.3979024859375 0.0177479859375 0.4036913796875 0.0314609625 0.4060559515625 0.036818979687499996 0.4053114328125 0.0466610125 0.40969651249999994 0.0570366015625 0.4166761859375 0.06782083125 0.41909188124999996 0.077674221875 0.424127734375 0.09822093125 0.426373025 0.0917503625 0.41932516093750005 0.0789909046875 0.4156420015625 0.07255441562500001 0.4105465078125 0.06522116875 0.41002351406250004 0.0504297203125 0.40181895 0.0420520421875 0.3974083109375 0.0249449203125 0.396404975 0.016521840625 0.3893911921875 0.01007395625 0.38364492656250004 0 0.3814936578125 0 0.38974575312500004
8 0.1701676609375 0.26516070625 0.1685043859375 0.2677943 0.1721038140625 0.292149253125 0.18421314687499998 0.3424013 0.199024659375 0.39358289062499996 0.21143342812500002 0.33508918906249996 0.21222236562500002 0.3243315953125 0.2094631875 0.3061478125 0.2009928671875 0.26852949531250003 0.1975015640625 0.26435801875 0.1816064359375 0.26300761875 0.1701676609375 0.26516070625
3 0.15180116562499998 0.24993066874999997 0.1505903921875 0.2551596546875 0.14586059375 0.2639219625 0.14502821875 0.2721822578125 0.145822928125 0.2804141359375 0.1523163546875 0.2980942859375 0.15473060156250001 0.3058639140625 0.154912353125 0.3162764453125 0.15763585468750002 0.3212690375 0.1597860390625 0.3157573765625 0.1580150671875 0.30754254062499997 0.1582117390625 0.3001613171875 0.14998520625 0.27643560625 0.14921321406250002 0.26950527343749997 0.154563546875 0.2589961953125 0.16611218125 0.26790834218750004 0.16897278437500002 0.263952534375 0.15605431875 0.2511584046875 0.15180116562499998 0.24993066874999997
3 0.1641513625 0.230168621875 0.1611544453125 0.22631505624999998 0.162342525 0.21978450781249997 0.1593077421875 0.21376165 0.1543961921875 0.21211144218750003 0.14746398593750001 0.20659059375000002 0.1396766875 0.2080284984375 0.1387211875 0.2168740421875 0.14594292343749998 0.2126929734375 0.1508923375 0.21651247499999998 0.157135853125 0.219875390625 0.15729488593750002 0.22898634218749997 0.1607005171875 0.23760664375 0.158899478125 0.2463178296875 0.1619266875 0.25190682343750004 0.16241847812500002 0.24278450937499998 0.16528665468749998 0.23926255 0.1641513625 0.230168621875
3 0.180108859375 0.1559849671875 0.1670921703125 0.156212175 0.158601034375 0.1546244328125 0.15358424531249998 0.159097165625 0.1612952328125 0.15978525625 0.1694533828125 0.1609448140625 0.1798818953125 0.1616307625 0.185065846875 0.16023831718749998 0.1885924203125 0.1571388453125 0.1976965390625 0.1565459515625 0.200821971875 0.1491136078125 0.1950250359375 0.152686690625 0.1868668859375 0.15152713125 0.180108859375 0.1559849671875
3 0.0602916 0.2348160046875 0.054267474999999996 0.2253734296875 0.056522890625 0.24269355625000003 0.0536698625 0.24708323124999998 0.045557150000000005 0.248526796875 0.041425190625000004 0.2542407703125 0.037626189062499996 0.2603828953125 0.040276215625 0.2658001171875 0.0451032234375 0.25981840312500004 0.0488870515625 0.252808546875 0.059315564062500006 0.2534944953125 0.0608820671875 0.24999525625 0.061109029687500004 0.2443494625 0.06388633125 0.23562123750000002 0.0709089609375 0.20902542343750002 0.0677077984375 0.2121192078125 0.0645369296875 0.2169484265625 0.0602916 0.2348160046875
3 0.10751748125 0.3812023203125 0.1098936390625 0.3681412234375 0.11202029218750001 0.378085825 0.11409378125 0.366331953125 0.10511815312499999 0.3556389390625 0.0995404328125 0.3344709421875 0.0948861125 0.328910334375 0.0913684296875 0.32513882656250004 0.0923661171875 0.3337281765625 0.097080971875 0.34275960625 0.0998963625 0.3548621234375 0.1022500015625 0.3591609140625 0.10629888437499999 0.3673360078125 0.106427625 0.3747115328125 0.099374478125 0.3809104765625 0.100744284375 0.384792459375 0.10751748125 0.3812023203125
3 0 0.2281111125 0.0018335375 0.2424351375 0.006063946875 0.2423612953125 0.0041339406250000005 0.2250354890625 0.006313428124999999 0.2193555953125 0.0038680843749999997 0.208375565625 0.0010082828125 0.2138063640625 0.000804040625 0.2207537390625 0 0.2272971671875 0 0.2281111125
8 0.2159834046875 0.12013329218749999 0.22229600781249997 0.11806968281250001 0.228190484375 0.10806365 0.2179662171875 0.100430346875 0.2074847203125 0.09670743281250001 0.1998110140625 0.1046531390625 0.1861289296875 0.11642198906250001 0.1901141203125 0.12091041250000001 0.2159834046875 0.12013329218749999
3 0.1807327859375 0.13059139687500002 0.1841609109375 0.1218518109375 0.18330181875 0.1129985859375 0.1783564265625 0.12499104375 0.17737281875 0.1432356875 0.182246503125 0.14271663437499998 0.1807327859375 0.13059139687500002
11 0.8486841437500001 0.23410850156250002 0.854741465625 0.2453977359375 0.860696528125 0.25082848593749996 0.9076891874999999 0.24317124687499997 0.9190768328125 0.23808891875 0.9228234171875 0.22890755000000002 0.8911291828125 0.18974118281250002 0.8591459515625001 0.1899738828125 0.8455162953125 0.2204898390625 0.8486841437500001 0.23410850156250002
8 0.8279866140625 0.0247423390625 0.8136758234375 0.025426115625000002 0.78908426875 0.0324269734375 0.78640158125 0.0480355390625 0.7921154390625 0.05835150625 0.8869708796875001 0.0658095265625 0.89447040625 0.047885146875 0.8729171453125 0.0439214875 0.859143584375 0.038086075000000004 0.84611175 0.037445584375 0.8361674812500001 0.027203459375 0.8279866140625 0.0247423390625
9 0.8214550390625 0.00310321875 0.8188494374999999 0.007706685937500001 0.8185032578125 0.0158519890625 0.8685332859375 0.028327098437499997 0.88420135625 0.030658173437500002 0.8966335875 0.0294644578125 0.9061932046875001 0.017577057812499998 0.9087533578125001 0.010369821875 0.9072432890625001 0.0077916171875 0.8998747359375001 0.0053156734375 0.8250995484375 0.0020628921875 0.8214550390625 0.00310321875
3 0.9485169718750001 0.0560746765625 0.947101728125 0.0495895703125 0.9404419234375 0.04102606875 0.9295971234374999 0.035139534374999996 0.9184420578125 0.030126396875 0.9068631296874999 0.019478821875 0.9041061015625 0.0239078515625 0.9100796640625 0.035914193750000004 0.9316859359375 0.04291484375 0.9412214890625 0.0483902328125 0.9432800078125 0.05443013125 0.9566526265625 0.0745941234375 0.9647276984375001 0.0896427296875 0.9679894453125 0.0900197765625 0.9639026968750001 0.0796754234375 0.9551919203124999 0.0655058734375 0.9485169718750001 0.0560746765625
3 0.9160867390625 0 0.9163000109375 0.0006526453124999999 0.9249047390625 0.0087482171875 0.928302796875 0.016934654687500002 0.9300661968749999 0.02471564375 0.9353410500000001 0.0285294640625 0.9381185500000001 0.0384626890625 0.9460497359375 0.0452680578125 0.9481688390624999 0.054778778125000004 0.9690639296875 0.0769814 0.9723181015625 0.0769245984375 0.9632894875 0.06319459375 0.9517029875 0.052113171874999996 0.9506207281249999 0.04605623125 0.9429846625 0.0375097734375 0.955184146875 0.046410574999999996 0.9501362828125 0.036950959374999995 0.9418721124999999 0.0297174234375 0.9365366765625 0.0224327640625 0.9337743218749999 0.013367253125 0.924783571875 0.0018065234375 0.922565334375 0 0.9160867390625 0
3 0.9620833015624999 0.058401084375 0.9663582421875001 0.0651182609375 0.9693939984375 0.0716185953125 0.9751380796875001 0.0790046375 0.97676149375 0.08809000781250001 0.9889704796875 0.1021984890625 0.9918254093750001 0.09791726875 0.981358925 0.08573132343749999 0.9792814796875 0.078606803125 0.976250478125 0.0728008703125 0.9697685328125001 0.0651022484375 0.9620833015624999 0.058401084375
3 0.963942278125 0.052915575000000006 0.961399415625 0.0471011328125 0.9574737546875 0.0457391140625 0.9577214328125001 0.0461888625 0.9620522453125 0.05652896875 0.9736992765625001 0.0664158953125 0.975532671875 0.0735446625 0.9851533640625 0.079235584375 0.9806636687499999 0.0737805859375 0.9783478359375 0.0669857140625 0.97238240625 0.0609055140625 0.963942278125 0.052915575000000006
0 0.25966727968750003 1 0.289629125 0.632101634375 0.1542575796875 0.6362513890625 0.09833019062500001 1 0.25966727968750003 1
4 0.3525005953125 0.9699428937500001 0.3356827265625 0.7896976734375001 0.33033971875 0.78197918125 0.2945560625 0.816567734375 0.28405695625 0.96506171875 0.3098938890625 0.990649978125 0.3525005953125 0.9699428937500001