3 0.44117694687500003 0 0.4401118109375 0.0051156890625 0.4367564953125 0.035390478125 0.426576384375 0.0856274296875 0.40598845156249996 0.11991882031250001 0.3995031140625 0.1417046265625 0.393168953125 0.1776274390625 0.3879660484375 0.2146316234375 0.389248834375 0.24484235000000001 0.371564853125 0.29640185625000004 0.3685867296875 0.3320345265625 0.36575905625 0.351819575 0.3693425453125 0.4027196203125 0.37251065781250003 0.42973517812499995 0.372322784375 0.4570408671875 0.3664406953125 0.4754054859375 0.34385399687499996 0.502289265625 0.34121496875 0.5247532625 0.34449611406249997 0.5473792609375 0.340839175 0.579364634375 0.3455913421875 0.61988796875 0.35313201250000004 0.5771227046875 0.3576938765625 0.5400055203125 0.3529798046875 0.5180087421875 0.3601817421875 0.5034044515625 0.3794879640625 0.4838793296875 0.387104240625 0.44818260624999995 0.3846897890625 0.40189818125 0.3779395671875 0.38395193125 0.38118189999999996 0.35806670937499996 0.378390990625 0.3364089703125 0.3837824921875 0.3020837265625 0.3959994078125 0.2777809640625 0.402371040625 0.2304000796875 0.39924065937500003 0.2069187796875 0.40263380312499997 0.180178265625 0.4095712234375 0.14083420156249998 0.415113890625 0.1206460140625 0.43687091562499997 0.0909702234375 0.44233761875 0.0487211625 0.45199003906249996 0.008973934375000001 0.44955084375 0 0.44117694687500003 0
3 0.30821454843749996 0.8206167375 0.308969284375 0.8463248671875 0.32228075 0.864546225 0.3223570359375 0.90159935625 0.33521467031249996 0.862417334375 0.3205833078125 0.8404356406250001 0.3195647171875 0.8199724265624999 0.3277093625 0.803770590625 0.34132070937500003 0.7453196796875 0.345731721875 0.709057746875 0.33818966562499997 0.6918536921875 0.34290265781249996 0.6688735078125 0.35255543437500003 0.64411861875 0.357230653125 0.617604134375 0.367826403125 0.6062439859375 0.3949011109375 0.6101361015625 0.4003512296875 0.5721164359375 0.387057371875 0.5946426875 0.3547413546875 0.5942358765625 0.3414686953125 0.6245257718749999 0.337245921875 0.6484743140625 0.3267257234375 0.666903028125 0.3256329296875 0.699340496875 0.33223232812500003 0.7181421046875001 0.3270668921875 0.7436882312499999 0.317678675 0.7931829328125 0.30821454843749996 0.8206167375
3 0.25627806875000003 0.9225870859375 0.26842739843749996 0.9099134640625 0.2754631984375 0.8857554140625 0.2804853796875 0.8617714375000001 0.292476215625 0.84324935 0.2965256953125 0.827030940625 0.2981089265625 0.8045571484374999 0.306909584375 0.7838851140624999 0.31362793437500003 0.7300393234375 0.3200088421875 0.7030801062500001 0.308582253125 0.715921165625 0.2965248609375 0.79104936875 0.2911629671875 0.8012158265625 0.2870234015625 0.835938203125 0.271774809375 0.863939503125 0.26697894375 0.8911382078125 0.25397009531250003 0.9131847875 0.24501112812499998 0.9370037515625 0.24740958750000003 0.945892875 0.25627806875000003 0.9225870859375
3 0.328722853125 0.9030836062500001 0.328181471875 0.892930396875 0.31781768593750004 0.9064521171875001 0.30155062187500004 0.91998710625 0.30017084843749997 0.93455969375 0.286573925 0.9644396390625 0.2868229078125 0.9697749281249999 0.29926636875 0.9576823187500001 0.305397321875 0.938656084375 0.3082929390625 0.9222342203125 0.3229085453125 0.91581600625 0.328722853125 0.9030836062500001
3 0.5424856499999999 0.97728633125 0.5244306609375 0.9672239312500001 0.5114440484375 0.9734002921875 0.49707680468750004 0.9581676218749999 0.474610359375 0.966376346875 0.45243806875 0.975166109375 0.4387049171875 0.9833273578125 0.431154453125 0.9950451109375 0.446895225 0.9863589625 0.47377350937499996 0.9778698625000001 0.49698656406249997 0.9676761828125 0.510086728125 0.9810980390624999 0.5234579921875 0.974989503125 0.536580609375 0.9815365 0.550902271875 0.9835326640625001 0.56529178125 0.9828951 0.556875159375 0.976648765625 0.5424856499999999 0.97728633125
7 0.51944980625 0.8245365140625 0.5144131953125 0.8175484546874999 0.4991324296875 0.8183083203124999 0.495580509375 0.8272065312500001 0.4797657015625 0.829180190625 0.47637224843750003 0.8439268625 0.4765083203125 0.8566501703125 0.46922331875 0.866477553125 0.46003739687499995 0.8600955718750001 0.46137182968749996 0.841281884375 0.45354493749999997 0.8309453421875 0.4393347328125 0.8538914734375 0.4384725140625 0.8573754078125001 0.44096592343749996 0.888224975 0.4531880828125 0.9088904531249999 0.50544456875 0.9035608093749999 0.51064731875 0.8909259515624999 0.5156208328125 0.8570959515625001 0.5147442421874999 0.84222665 0.5084770640625 0.839534165625 0.5109428796875 0.8277987703124999 0.51944980625 0.8245365140625
7 0.5517324640625 0.89552603125 0.5519593515625 0.899863090625 0.5566851500000001 0.9152402468749999 0.5672099609375 0.9342842656249999 0.5745924875 0.9345943765625 0.584392090625 0.9254144078125 0.5846596109375 0.9168674734375 0.5753234140625 0.9023300921875 0.5629475671875 0.8951897593749999 0.55519723125 0.894153709375 0.5517324640625 0.89552603125
3 0.689492446875 1 0.6856512890625 0.9928576515625 0.6647004734374999 0.9902216984375001 0.6386818921875 0.9983332359375 0.61988054375 0.9992511765625001 0.6066220390625 0.9889762640624999 0.5994805171875 0.9936545421874999 0.602717921875 1 0.666203553125 1 0.6670989328125 0.9991108234375 0.672141703125 1 0.689492446875 1
7 0.7850826296875 0.8656053203124999 0.7751819531249999 0.859893053125 0.7645050203125 0.8656129015625 0.748059296875 0.8815540000000001 0.73943554375 0.9051546296874999 0.733513065625 0.9289010265625001 0.7340798921875 0.93693399375 0.7685507015625 0.9734220390624999 0.777447453125 0.9806099984375001 0.7864134921875 0.9775633593749999 0.7915891515625 0.9735178296875 0.7942187890625 0.9670401125 0.804957965625 0.9005114187500001 0.7980961546875001 0.8817827421875 0.7850826296875 0.8656053203124999
3 0.8092060765625 0.978133078125 0.8162650031249999 0.9740863921875 0.8297722750000001 0.9807011921875001 0.8380982250000001 0.9784653078125001 0.8601351125000001 0.9839384578124999 0.8936654703125001 0.987205071875 0.9092541593749999 0.99101201875 0.9196310875 0.9981331390625 0.920829425 0.98486960625 0.908937171875 0.9793150703125001 0.8648409296875 0.9752436890625 0.8389804671875 0.9712129218750001 0.8187988515625 0.9687126796875001 0.7966263828125 0.9685070093749999 0.7843185265625 0.9753321640625 0.788300621875 0.97973826875 0.79404738125 0.978635034375 0.7980292265625 0.97404575625 0.8092060765625 0.978133078125
7 0.2659791171875 0 0.2432987109375 0.11262513125 0.1495307609375 0.606448959375 0.11681569375 0.7877674734375 0.091845484375 0.9307865156249999 0.0953818875 0.9360376734375 0.129042309375 0.9419729140624999 0.13097930625 0.93801740625 0.1344982515625 0.9194664250000001 0.2921391296875 0.052153628125 0.3001419484375 0 0.2659791171875 0
11 0.23900765000000002 0.4355671375 0.25856508749999996 0.3729497609375 0.263416003125 0.3190943 0.2741867859375 0.2755731859375 0.274582146875 0.26015870625000004 0.2927720859375 0.20968755468750003 0.293306565625 0.24178246093750003 0.28761285625 0.2696823296875 0.27141682500000003 0.3659253546875 0.25989761875 0.42686324999999997 0.25438532812500003 0.4888603296875 0.2585423421875 0.52675538125 0.2828164640625 0.397871521875 0.279512021875 0.456128784375 0.2577068796875 0.55344733125 0.2438057375 0.636675375 0.233258671875 0.700881525 0.2167071359375 0.7815776734375001 0.19754016875 0.7936822109375 0.197060209375 0.8359210375 0.2012196671875 0.8913652703125001 0.1903888375 0.9527899625 0.2069703390625 0.9553483125 0.2619184125 0.6656761140625 0.284864890625 0.517977125 0.30983780156249996 0.3324411109375 0.33106372031250003 0.198890653125 0.3423616515625 0.13481690156249998 0.2858255578125 0.12175122499999999 0.25735212343749997 0.22615220625000002 0.2472476046875 0.296630065625 0.20473879843749998 0.4718480703125 0.1951638703125 0.539322471875 0.1974237953125 0.592367209375 0.20771462187499998 0.5910849203125 0.21610347187499998 0.569853953125 0.223162234375 0.512258678125 0.23900765000000002 0.4355671375
3 0.3636659140625 0.0844004203125 0.361162609375 0.0698333734375 0.3501478046875 0.099213834375 0.3362544203125 0.1911270984375 0.33265396875 0.22091772187499997 0.307581678125 0.3818526328125 0.311239696875 0.3948442234375 0.317838221875 0.3761650203125 0.3431743609375 0.20998522656250002 0.3423256625 0.19792995468750002 0.3636659140625 0.0844004203125
3 0.0997123578125 0.1438297546875 0.05978560625 0.129848196875 0.057621721875 0.129466646875 0.056378146875 0.13651930625 0.12764775 0.1695796953125 0.1682241625 0.1770649546875 0.173541528125 0.1750276671875 0.1728624328125 0.1732552125 0.168096 0.1707620484375 0.0997123578125 0.1438297546875
8 0.06622446875 0.5643247828125 0.062434089062499996 0.56332589375 0.053694154687499995 0.5650902328125 0.0404719828125 0.5739972515625 0.0391711 0.5757511265625 0.0372531265625 0.6147474953125001 0.038851750000000004 0.6183348015625 0.051637604687500005 0.624555803125 0.084377715625 0.6230568328125 0.0876020515625 0.6216421140625 0.09312728125 0.588901025 0.09319735312500001 0.584285784375 0.09165525468749999 0.5803779046875001 0.06622446875 0.5643247828125
8 0.038197634375 0.4912911359375 0.0358657375 0.503110034375 0.0361069515625 0.5087717890625 0.0409020390625 0.5139143453125 0.04831321875 0.5168738484375 0.0621827015625 0.4846124484375 0.0624924203125 0.4744202421875 0.0587299125 0.4704513859375 0.0506969453125 0.47101821250000003 0.0406433671875 0.48445045000000003 0.038197634375 0.4912911359375
8 0 0.46687899843749997 0.0212369140625 0.46516252812500003 0.023782153125 0.46197535468749995 0.0213491828125 0.4589020171875 0.010415928125 0.4520160515625 0.005423390625 0.45080518906249994 0.0009825703125 0.4506832375 0 0.4562556703125 0 0.46687899843749997
8 0.0232127390625 0.536908103125 0.02304394375 0.543489190625 0.0279242109375 0.5509605625 0.032294178125 0.55007839375 0.0362390265625 0.5431714984375 0.0361960453125 0.5391974109375 0.0298309890625 0.533116940625 0.027964062499999998 0.532457209375 0.025941884375 0.5340839 0.0232127390625 0.536908103125
8 0.0217045359375 0.6748089375 0.0242370125 0.681535790625 0.030007371875 0.6825532609375 0.0325104125 0.681011359375 0.03710491875 0.667608165625 0.0407783328125 0.6411514015625001 0.0361392796875 0.6393417828125 0.033508859375 0.6402001390625001 0.0257178890625 0.6520480828124999 0.0217045359375 0.6748089375
9 0.56933904375 0.1770562328125 0.4858384328125 0.16134119375 0.47583981406250003 0.1632141359375 0.4746519828125 0.164326859375 0.470105153125 0.2154203046875 0.471590725 0.21964876093750002 0.6639789703125001 0.257538509375 0.675151875 0.2588475109375 0.687666296875 0.24551864218750002 0.6887395093750001 0.233808346875 0.68776345625 0.2323140734375 0.6464490765625001 0.2065188515625 0.56933904375 0.1770562328125
3 0.8379893546874999 0.2323695609375 0.819926384375 0.20360955625 0.77780604375 0.1988283578125 0.763552596875 0.2121891765625 0.75646333125 0.20741157656250003 0.74654604375 0.2074266609375 0.7379860671875 0.1997440484375 0.7167639609374999 0.188286990625 0.7344417953125 0.21234756250000003 0.771320721875 0.22061408125 0.7849709265625 0.2106744328125 0.796698328125 0.21538804531250003 0.8106504890625 0.21873000468749998 0.818116621875 0.2138732265625 0.8331629656249999 0.2447470046875 0.8506972109375001 0.23901978750000002 0.8528085953125 0.2270455328125 0.8379893546874999 0.2323695609375
3 1 0.25704630625 0.9781517171875 0.250910709375 0.9408955625000001 0.23728623437500002 0.9224186062499999 0.2446110296875 0.9086924734374999 0.23248987968749998 0.8845214 0.230873621875 0.85588519375 0.21942866875 0.87471750625 0.24149144531250002 0.9025840171875 0.2446412609375 0.9191759625 0.255503928125 0.9378414609375 0.2508581 0.9678575468749999 0.26056023437500003 0.992104175 0.26924505781249997 1 0.27116042500000004 1 0.25704630625
11 0.303011109375 0 0.2923994734375 0.07129641406250001 0.3370535265625 0.07710556874999999 0.352513359375 0.08602523125 0.3722448828125 0.0048575187499999995 0.372666234375 0 0.303011109375 0