8 0.2785807859375 0.3294804359375 0.2771252671875 0.327110453125 0.27365466562499996 0.32844829531249997 0.27241186562499997 0.3310111671875 0.2742845828125 0.3329684421875 0.27847415 0.3314908453125 0.2785807859375 0.3294804359375
9 0.22193430625000002 0.18264336718750002 0.2212950421875 0.18575215 0.2182059078125 0.190331978125 0.22081517812499998 0.194798990625 0.2198741453125 0.19763481562500002 0.2228379484375 0.21032325156249998 0.22544611093750003 0.23269760781249998 0.2281526703125 0.24278313749999997 0.2310895375 0.2604510125 0.2314973875 0.26766723125 0.2375486625 0.3026368546875 0.23673185624999998 0.3061117625 0.23785867187499998 0.31318822812499997 0.241443596875 0.3290720640625 0.2430854515625 0.3324006671875 0.2414963609375 0.3370205328125 0.24308489843749997 0.34135434062500003 0.24178878125 0.34492241562500003 0.24359910937499998 0.3510369875 0.24280016718750003 0.352684546875 0.244628359375 0.3569717703125 0.24350978437499998 0.3601737203125 0.2444859921875 0.3626368734375 0.24587060468750002 0.363362571875 0.245302246875 0.368115640625 0.247485525 0.371670615625 0.2469083734375 0.3750989375 0.248798678125 0.3797057015625 0.24809730000000002 0.38249494375 0.250279471875 0.4039572640625 0.25365112500000003 0.42386191875 0.2529140171875 0.43030585468749993 0.255185790625 0.4381546046875 0.2558063609375 0.4503036765625 0.2579275265625 0.4535391125 0.259169771875 0.45992991562499996 0.2588674515625 0.46861063124999996 0.2602784453125 0.47331056406250005 0.26135963125 0.500624325 0.265733875 0.526966365625 0.2672603 0.530980634375 0.26905220937499996 0.547876225 0.27229084375 0.5658170546875 0.271979728125 0.5731730265625 0.2737897796875 0.5837644328125 0.2732038328125 0.5858680109375001 0.2739491796875 0.5897024921875 0.275032025 0.5901552359375 0.2415164796875 0.8732356640625 0.23834764531250002 0.8748464625000001 0.2386845890625 0.8804183968749999 0.23648317031250002 0.8831676046875 0.23906605781249998 0.8836603828125 0.242749378125 0.8872553921874999 0.24621118593750002 0.8845928046875 0.25521144218749997 0.8848330125 0.2600303734375 0.8968292343750001 0.2587254609375 0.8990725640624999 0.2617519296875 0.90312686875 0.2625593890625 0.9072808890624999 0.2653555484375 0.9037528484375 0.2707923125 0.9003747546875 0.274746621875 0.899606115625 0.2759712796875 0.9033474281249999 0.27789731406249996 0.9042994984374999 0.2806934734375 0.9007714578125 0.283090025 0.900305615625 0.2854420515625 0.9021697218750001 0.2857883421875 0.9001127296875 0.288708728125 0.8972237703125 0.29366122968749997 0.90223014375 0.3009129953125 0.90115215625 0.30352281875 0.896665496875 0.30881281875 0.8982901328124999 0.3113072109375 0.8944891374999999 0.3181863015625 0.8914939093750001 0.31962423281249996 0.8912144046874999 0.32390229375 0.8940305828125 0.329645221875 0.8915878156250001 0.3308792265625 0.8877002015625 0.3355035796875 0.888459384375 0.33972832343750003 0.8922807671875 0.3439964828125 0.9116795453125001 0.3410760984375 0.91456850625 0.3406852828125 0.9189554484375 0.34545144843750003 0.9230032015624999 0.3531825234375 0.9218320453125 0.354789203125 0.9198616718749999 0.36072726093749996 0.9197022718750001 0.362218509375 0.9184175609375 0.3887493171875 0.9116024265625 0.39109254843749996 0.9121417890625001 0.39467858125 0.9101182812499999 0.39877030625 0.9119758375 0.4028356484375 0.9098591624999999 0.40687405468750004 0.9127219249999999 0.4093239234375 0.9112508781249999 0.4424139109375 0.9074717421875 0.44294653906250003 0.9063733703124999 0.44083416875000003 0.9044626796875 0.44046149375 0.9025454390625001 0.4422545109375 0.9015336843749999 0.443603946875 0.8969604046875 0.44624894531250003 0.8977727234374999 0.450304940625 0.903284975 0.454263646875 0.90317870625 0.4562342046875 0.901800828125 0.46147968125 0.9057554140624999 0.46889139999999996 0.9016618140625001 0.46822575312500003 0.9007963625000001 0.4648793765625 0.9027732859375 0.46119605625000004 0.899178275 0.4606458390625 0.897627159375 0.46180014375 0.8907705140625 0.4587291515625 0.8890461609375 0.45486939531250004 0.8679099296875 0.4573192640625 0.8664388828125 0.462059046875 0.866512403125 0.46510365625 0.864262521875 0.4681658546875 0.8646621328125 0.4696213734375 0.8670321171875001 0.470979603125 0.8637835812500001 0.47785869375 0.8607883546874999 0.48386765781249996 0.8622732375 0.485323178125 0.864643221875 0.48625541562499996 0.8604826515624999 0.48984144687500003 0.8584591421875001 0.4926376078125 0.854931103125 0.4945724359375 0.85720791875 0.5001999328125 0.855450815625 0.502543165625 0.855990178125 0.506759115625 0.8584868171875 0.5084630828125001 0.8621349609375001 0.5094129093750001 0.8606238796874999 0.5095640703125001 0.8562835218749999 0.511472515625 0.854586103125 0.515759371875 0.858727025 0.5165228609375 0.8562573234374999 0.5195053578125 0.8536879031250001 0.5239164390625 0.8584679062499999 0.5255764359375 0.8554923265625 0.5284522968750001 0.8549333156250001 0.5314611765625 0.8563381296875001 0.532153759375 0.85222414375 0.5391482796875 0.8485432515625 0.5395742718750001 0.8494552890625 0.543346640625 0.8483904015625001 0.543391165625 0.8460604515625001 0.545841034375 0.8445894046875001 0.54725258125 0.8403356656250001 0.5510513328125 0.8432450109375 0.554042071875 0.8509540078125 0.5558708171875 0.8462875609375 0.5577880578125 0.8459148875 0.5605127578125 0.8496962343750001 0.5624387937499999 0.8506483062499999 0.5629450390625 0.8455756984375 0.56442749375 0.84296624375 0.56574999375 0.843372403125 0.5665222765625 0.8422274453125 0.5750608109375 0.8452103125000001 0.576871415625 0.846848046875 0.578185121875 0.8459294609375 0.5784071875000001 0.8432333875 0.5807949453125001 0.8414428015625001 0.5850818 0.8455837234375 0.588108821875 0.8406843546875 0.5916767125 0.8449650296875 0.595999296875 0.8454512578125 0.6122337296875 0.8419639906249999 0.6121628234375 0.8403197062500001 0.61562463125 0.8376571171875 0.613317128125 0.8334630609375001 0.6159445406249999 0.831625890625 0.61722306875 0.8254083265625001 0.6146935 0.82391034375 0.6115340125000001 0.8178922156249999 0.6123508203125 0.814417309375 0.6110816390625 0.8130059453125 0.6127515375 0.7934477671875 0.6175446390625 0.7925160828125 0.619506403125 0.789813459375 0.6222580390625 0.78861536875 0.6267587203125 0.7797818000000001 0.62975880625 0.7798618703125 0.6317738890625 0.7761540421875 0.6356880703125001 0.7783777234375 0.637162284375 0.765489853125 0.6288452640625 0.7687645843750001 0.6260760390625 0.7673131859375 0.6262805171875 0.761967625 0.6275854296875 0.75972429375 0.6269731000000001 0.7578536375 0.6284555546874999 0.755244184375 0.6316331828124999 0.754958128125 0.631082965625 0.7534070125000001 0.6294586984375 0.752727896875 0.6289618 0.7501715765625 0.6334712765625 0.7426627531250001 0.6313676984375001 0.7420768062499999 0.6277910140625 0.7364713875 0.6254565765625 0.73725676875 0.6245688625 0.7390873921875001 0.6176100703125 0.7391135890625 0.6154976984375 0.7372028984375001 0.61149446875 0.739639115625 0.6075626984375 0.73476594375 0.6084328250000001 0.7302858328124999 0.6109893296875 0.7268043765625001 0.6031785546874999 0.7250065015625 0.602007215625 0.7202599843749999 0.600560490625 0.719214746875 0.596867821875 0.7232486625 0.59343295 0.7209318125 0.5885689421875 0.7202192140625 0.5857018765625 0.72210296875 0.582639678125 0.721703359375 0.5792229484375 0.7130823265624999 0.5774387265625001 0.715418825 0.574376528125 0.715019215625 0.57098618125 0.7103724140625001 0.5697527296875 0.7053063578125001 0.5672764781249999 0.7028031703125001 0.5649953578125 0.7025833484375 0.56312319375 0.6916724015625 0.5642593578125 0.6911199406249999 0.56411754375 0.6878313703125001 0.565307025 0.6862737046875 0.57065034375 0.6868931375 0.5714050390625001 0.683098690625 0.5680234859375 0.6797766359375 0.5680592156250001 0.6761219406250001 0.5721954640625 0.6756495499999999 0.5759854203125 0.6772341515625 0.58004196875 0.6737927296875 0.58115175 0.669266034375 0.5794923062499999 0.6632879421875 0.5801936828125001 0.6604987 0.5883952734375 0.65790963125 0.59154651875 0.6536493421875 0.5979908234375 0.648417334375 0.6026860828125 0.6508208046874999 0.60430155625 0.6501751734375001 0.60759516875 0.6402497828125 0.5981689203125 0.6390975375 0.592452928125 0.636560865625 0.590269096875 0.6419595609375001 0.5846949171875 0.642711459375 0.582733153125 0.64541408125 0.5777449203125 0.6440624015624999 0.5603655296875 0.6467773859375 0.55735665 0.6453725718750001 0.5526795328125 0.6366649203125 0.5542241 0.63437500625 0.55163241875 0.6325574828125 0.549475521875 0.632976740625 0.5485614265625001 0.630833128125 0.545552546875 0.6294283140625 0.5451177609375 0.627191534375 0.5460587921875 0.6243557078124999 0.543520428125 0.62153298125 0.54112443125 0.6130451515625001 0.5369084828124999 0.6105485125000001 0.5368199875 0.6062547390625 0.5330833484374999 0.6036649328125 0.5315657171875 0.6009754093749999 0.529284596875 0.6007555875 0.526905634375 0.60387091875 0.5226363671875001 0.602379484375 0.5226275734375 0.601054740625 0.5215447281250001 0.600601996875 0.519219084375 0.602712125 0.5172133484375 0.5987910249999999 0.51795925 0.593671834375 0.5170539484375001 0.592852965625 0.5117727421875 0.5925530734375 0.5073523140625 0.5954019984375 0.5031720953125001 0.5892506671875 0.4967371375 0.5868537484374999 0.4960451078125 0.5820140625 0.49380851249999996 0.5794642921875 0.49267234843749996 0.5800167515625 0.4661965203125 0.5589656656249999 0.4677680234375 0.5516963125000001 0.46558474531250005 0.5481413374999999 0.46167935781249997 0.5472424 0.4592388359375 0.5410845171875 0.46621576875 0.5347541375 0.46903831093750004 0.53520033125 0.4708846453125 0.5331833734375 0.471444209375 0.5271055625 0.46770757031250004 0.5245157546875 0.46804506718749994 0.5211340171875001 0.47342411562500003 0.5180987546875 0.4829036828125 0.5182457953124999 0.483986528125 0.5186985390625 0.48696847187500003 0.5250827921875 0.49096290781249996 0.5213218296875 0.4921348 0.517114675 0.49470010000000003 0.5149579640625 0.488629021875 0.5131535406250001 0.48403105156250004 0.5163685890624999 0.47689471718750004 0.5167609109375 0.473033853125 0.5135320250000001 0.44798550156249994 0.5177377062499999 0.4431039046875 0.514375615625 0.4447463140625 0.508750546875 0.44352165625 0.505009234375 0.44123174218749994 0.5034646687500001 0.4419430203125 0.4840928265625 0.444099915625 0.48367356875 0.44552025781250004 0.48074457343750004 0.439795471875 0.47688315625 0.44043473593750004 0.47377437499999997 0.43874835624999997 0.4727757203125 0.436680509375 0.4685350796875 0.42928693124999995 0.4663244953125 0.4259328671875 0.44906933125000004 0.42808096874999996 0.447325328125 0.42769950156250003 0.44408334375 0.42326148437500005 0.4442827796875 0.422072003125 0.44584044375 0.41602730781249997 0.4480102546875 0.4125742953125 0.4519975890625 0.40517192343749997 0.4484622609375 0.40261552343749996 0.448959175 0.40248239999999996 0.44997989218749995 0.400618478125 0.4493473609375 0.3995713625 0.4452399234375 0.400316709375 0.44907440468750004 0.3927356890625 0.463812546875 0.3902770265625 0.4639588484375 0.38839551562499997 0.4606768296875 0.384383490625 0.4617883015625 0.381916034375 0.46060985781249997 0.380398403125 0.45792033437499996 0.38078921875 0.4535333921875 0.37903193281249997 0.45089045156249996 0.37720429375000003 0.4376495546875 0.373441271875 0.43108551562499997 0.3715603140625 0.41884982343750005 0.3695545796875 0.4149287234375 0.3712057828125 0.41062839999999995 0.369146728125 0.40771250468750003 0.36870314843749996 0.404150978125 0.365161640625 0.40384453750000004 0.3633510359375 0.402206803125 0.36427447968750004 0.39672148749999997 0.3629343921875 0.39366583906249997 0.363023440625 0.389005940625 0.3609555921875 0.38476530000000003 0.3615415390625 0.3826617234375 0.36351209687499997 0.38128384375 0.3618169234375 0.37896044375 0.36219894531249996 0.3732487578125 0.3575124796875 0.37217003437499996 0.351584875 0.3467931625 0.348265434375 0.343790646875 0.34656201875 0.33118883125 0.344236928125 0.3243452859375 0.345533046875 0.3207772109375 0.3447876984375 0.3169427296875 0.341441875 0.30996598125 0.34207234531249997 0.3055324546875 0.3400044984375 0.3012918140625 0.33859295 0.305545553125 0.33528230312499996 0.303867784375 0.3328593703125 0.30035939218749996 0.331199925 0.2943812984375 0.3288391046875 0.29119244843750003 0.3289726765625 0.2842026 0.326825128125 0.2769929296875 0.327934909375 0.27246623593749997 0.3250683953125 0.26539631875 0.32647994375 0.2611425796875 0.324083946875 0.2526547484375 0.3229928609375 0.2419235890625 0.3202681609375 0.2381422421875 0.3186889703125 0.2261795046875 0.315600390625 0.2218056609375 0.31575155 0.217465303125 0.31699435 0.21490243437499998 0.3140212 0.209842925 0.3132230875 0.19805997656250002 0.31129760625 0.188154234375 0.30985088125 0.18710899375 0.3057767453125 0.187900925 0.2905559109375 0.1633356359375 0.2912572875 0.16054639375 0.2965742234375 0.1571915921875 0.30023995625 0.1581371125 0.30652430625 0.1559207171875 0.32780028906249997 0.1527799265625 0.3300989984375 0.15564923749999998 0.3304183546875 0.1585716828125 0.329406415625 0.159763225 0.3310394765625 0.161767084375 0.3327170625 0.16144099375 0.3342528359375 0.1578263359375 0.3408917171875 0.1638313640625 0.352874471875 0.161502153125 0.3563626609375 0.1628137984375 0.36120908125 0.16087690937500002 0.364395503125 0.1619156 0.368283303125 0.16016504843749998 0.372135371875 0.1620691875 0.3748161015625 0.15922681249999998 0.3782199171875 0.1613838921875 0.37841037499999997 0.167481721875 0.3798570984375 0.1685269609375 0.386558646875 0.1658978578125 0.3896384328125 0.1689469578125 0.3974937328125 0.1684148828125 0.4185300609375 0.165320675 0.4196574296875 0.16344346875 0.41656885 0.159069625 0.4173944515625 0.15691946406249999 0.41664030937499996 0.1517602375 0.41411073906249996 0.15026225625 0.40897134687500003 0.1532509328125 0.40131173125 0.1471127 0.39104229375 0.145461128125 0.390128196875 0.14331751718750002 0.3878382828125 0.14177295 0.3887705203125 0.137612378125 0.38761676875 0.1355153515625 0.3822558625 0.1322464296875 0.37481776093749997 0.132365796875 0.37009556718750003 0.134941765625 0.366367721875 0.13367670468749998 0.362205090625 0.1301748609375 0.358361815625 0.129595465625 0.35441190312500004 0.13102647812499998 0.3420213 0.12613946874999998 0.338914578125 0.128069809375 0.33020729531250004 0.1267778125 0.3253344921875 0.12474046718750001 0.320541390625 0.1256721515625 0.3144169953125 0.1248729328125 0.3090027703125 0.122609215625 0.3073339796875 0.1242600515625 0.22864028125 0.1083848859375 0.218805628125 0.10897009531249999 0.2174386046875 0.1108938859375 0.21718960156249997 0.11856939687500001 0.213381503125 0.12328897812499999 0.21453525468749998 0.12538600625000001 0.21807676250000002 0.1256924484375 0.2191150828125 0.128475140625 0.216975775 0.1315438859375 0.21512064843749998 0.1322361015625 0.214658371875 0.14393243125 0.21754192031250003 0.162605509375 0.2192546828125 0.1675783984375 0.21913869843749997 0.1772177359375 0.22193430625000002 0.18264336718750002
9 0 0.14997646250000002 0.0039416625 0.1487457375 0.00940920625 0.1500042484375 0.0108465828125 0.158678415625 0.005503265625 0.1580589859375 0.0022811125000000002 0.1606749890625 0.00246745 0.161633609375 0.0042247359375 0.16427655000000002 0.005786890625 0.1646361234375 0.012133353125 0.1627392703125 0.014778353125 0.1635515875 0.018666153125 0.1618010359375 0.0220922296875 0.162793140625 0.0238583109375 0.166760825 0.0224824921875 0.1673598703125 0.0208934015625 0.171979734375 0.0170056015625 0.1737302875 0.021035214062499998 0.175268303125 0.0230942671875 0.1781841984375 0.026271895312499998 0.17789814531249998 0.02913016875 0.17468964375 0.037491160937500004 0.178038634375 0.039630467187500004 0.1749698875 0.0492078765625 0.1717817734375 0.0537789109375 0.1735461640625 0.059779082812499995 0.1737063015625 0.062351515625 0.199735353125 0.056333203124999995 0.20587939687499998 0.06108178125 0.2072776609375 0.06242186875 0.21033330781249998 0.0660430765625 0.2136087796875 0.06440066875 0.2192338484375 0.060752525 0.220937815625 0.06345963593750001 0.2220696734375 0.0647376125 0.22480578125 0.07545063125 0.2300188796875 0.0964155 0.234234059375 0.09986795937500001 0.23920039843750002 0.11169955312499999 0.24121154531250003 0.1180899859375 0.2459384140625 0.1267527453125 0.24956035937499998 0.1295577 0.247357065625 0.129353775 0.24374895625 0.1273480390625 0.23982785624999997 0.12983363750000002 0.2347021140625 0.130171134375 0.231320378125 0.149451284375 0.2076758859375 0.154670378125 0.2076562375 0.15925899999999998 0.212070115625 0.1649661984375 0.2132820421875 0.179478521875 0.21245081250000003 0.1816442109375 0.21335630156250002 0.18436891093750002 0.2171376484375 0.188620590625 0.21597959218749999 0.1898282140625 0.2081177421875 0.1883639 0.2044230140625 0.18796484375 0.1985315390625 0.1890125125 0.1936853046875 0.19158660624999999 0.1928533375 0.190530696875 0.18742115625 0.19093030625000001 0.1843589578125 0.1889069828125 0.17778836874999998 0.18346170312500001 0.1753648828125 0.1803068890625 0.165532290625 0.1814166703125 0.1610055953125 0.18458550468749998 0.159394796875 0.18541110624999999 0.157244634375 0.18550894843750002 0.15390948124999998 0.184160065625 0.1495290875 0.1792427390625 0.14982169218750002 0.1770149375 0.148596665625 0.1734915703125 0.141986040625 0.161482434375 0.14034101875 0.1571422609375 0.1372053 0.14688161718749998 0.13687847343749998 0.1439793734375 0.13346325 0.142462296875 0.12182005468749998 0.1313853984375 0.11601446093750001 0.1276135828125 0.10812567656250001 0.11864026093749999 0.1029060296875 0.11567590624999999 0.0991712671875 0.11128241406249999 0.097040753125 0.1071731015625 0.0925337078125 0.1038624546875 0.0908559359375 0.0996728875 0.0923335328125 0.0876016390625 0.09036897031249999 0.08585259375 0.098004446875 0.08013660156249999 0.095467775 0.076115784375 0.09525450156250001 0.073098109375 0.09252494375 0.0732404765625 0.08685984062499999 0.071429871875 0.0852221046875 0.0674354359375 0.0889830671875 0.063947246875 0.0876714203125 0.0617370328125 0.0890958828125 0.05675759375 0.089068946875 0.0363335953125 0.09403381093749999 0.021084718750000002 0.0923553046875 0.01170299375 0.08887310937500001 0.0071407531250000005 0.088433465625 0.006528425 0.08656280937500001 0 0.08783180625 0 0.14997646250000002
3 0.9378645828125001 0.6068919671875 0.8509236625 0.613843165625 0.74480756875 0.6692894625 0.75931601875 0.731133940625 0.9548547578125 0.726286409375 0.9842372562499999 0.6791233437499999 0.9378645828125001 0.6068919671875
8 0.2073261765625 0.5847455625 0.1827395453125 0.5862085859375 0.1137287859375 0.5830422421875 0.0972634921875 0.5879008390625 0.057582959375 0.665252790625 0.0683591375 0.7974615843749999 0.096359178125 0.858341628125 0.12200940468749999 0.8815428781250001 0.2608306984375 0.87279749375 0.40511018749999994 0.8729395500000001 0.468530840625 0.8473472843750001 0.47847434218749996 0.8089369765625 0.43454495625 0.698095121875 0.3951832859375 0.6427396890625 0.325820759375 0.5865835625 0.2374177390625 0.5540253421875 0.212963021875 0.575359534375 0.2073261765625 0.5847455625
8 0 0.5362944109375001 0.0109464609375 0.5532790765625 0.025059175 0.5555100453125 0.044366259375 0.526886115625 0.062076565625 0.483649959375 0.061056940625 0.4656094125 0.051118971874999995 0.4144829953125 0.00305604375 0.403928671875 0 0.4049164078125 0 0.5362944109375001
8 0.23463098593749998 0.4053409546875 0.223318859375 0.3279525671875 0.20113154687499998 0.28418138593750003 0.1535083265625 0.33986429218750003 0.082939225 0.4182461703125 0.1279349734375 0.508983934375 0.22104315312499997 0.5273630234375 0.22965646875 0.46931446875000005 0.23463098593749998 0.4053409546875
10 0.3813399296875 0.5907143375 0.4089854375 0.6433729578125 0.45052380625 0.6651439328125 0.580957171875 0.6580289984375 0.6134452859375 0.6268429359375001 0.59512215625 0.53257860625 0.530511528125 0.4240987109375 0.38383548749999996 0.42442249531250004 0.3813399296875 0.5907143375
10 0.3216380109375 0.046866589062500005 0.248144709375 0.0462296328125 0.2905240546875 0.1043146234375 0.3376113265625 0.10345212343750002 0.40276343593749997 0.0675748890625 0.3216380109375 0.046866589062500005
8 0.614624490625 0.2170710390625 0.671166053125 0.19447399999999998 0.664069875 0.11958225156249999 0.5784179375 0.0947796125 0.45295355624999994 0.1274577546875 0.425886215625 0.1876358953125 0.614624490625 0.2170710390625
8 1 0.4583975171875 0.9754701921875 0.352530115625 0.9428529343750001 0.31907664687500004 0.847034875 0.34433406093749996 0.9155069203125 0.4470891703125 1 0.5721762859374999 1 0.4583975171875
6 1 0.6705557125 0.14593370781249998 0.8254923703125 0.10523355000000001 0.8848037734374999 0.10971055625 0.9718111109375001 1 0.759247996875 1 0.6705557125