8 0.2490234375 0.7014973953125 0.29296875 0.693359375 0.32958984375 0.6624348953125 0.396728515625 0.6559244796875 0.43701171875 0.6559244796875 0.44677734375 0.6868489578125 0.49072265625 0.6966145828125 0.498046875 0.6754557296875 0.5322265625 0.6575520828125 0.5615234375 0.6852213546875 0.5615234375 0.4703776046875 0.52734375 0.4817708328125 0.509033203125 0.5240885421875 0.47119140625 0.5029296875 0.458984375 0.5192057296875 0.42236328125 0.478515625 0.41748046875 0.6315104171875 0.234375 0.6282552078125 0.2490234375 0.7014973953125
8 0.21240234375 0.9977213546874999 0.272216796875 0.8951822921874999 0.284423828125 0.9375 0.264892578125 0.947265625 0.257568359375 0.9798177078125001 0.308837890625 0.9814453125 0.341796875 0.9814453125 0.357666015625 0.966796875 0.333251953125 0.9309895828125001 0.341796875 0.9212239578125001 0.367431640625 0.9033203125 0.38330078125 0.869140625 0.4150390625 0.9049479171874999 0.462646484375 0.9163411453125001 0.462646484375 0.8675130203125001 0.465087890625 0.8072916671874999 0.419921875 0.8170572921874999 0.41748046875 0.7893880203125 0.413818359375 0.7600911453125 0.36376953125 0.7275390625 0.3662109375 0.7666015625 0.338134765625 0.7958984375 0.328369140625 0.7535807296875 0.3076171875 0.7373046875 0.2978515625 0.7649739578125 0.28564453125 0.8317057296874999 0.2783203125 0.7975260421875 0.234375 0.7845052078125 0.220947265625 0.7454427078125 0.17333984375 0.7470703125 0.155029296875 0.8186848953125001 0.1416015625 0.99609375 0.21240234375 0.9977213546874999
8 0.670166015625 0.4215494796875 0.699462890625 0.9895833328125001 0.71533203125 0.9996744796874999 0.6982421875 0.4296875 0.670166015625 0.4215494796875
8 0.760498046875 0.7438151046875 0.76904296875 0.7405598953125 0.802001953125 0.7259114578125 0.80810546875 0.76171875 0.836181640625 0.7649739578125 0.853271484375 0.7486979171875 0.86669921875 0.7405598953125 0.875244140625 0.7373046875 0.877685546875 0.6998697921875 0.859375 0.673828125 0.8837890625 0.6656901046875 0.869140625 0.6461588546875 0.855712890625 0.64453125 0.828857421875 0.6380208328125 0.750732421875 0.6298828125 0.72998046875 0.4931640625 0.721435546875 0.4248046875 0.726318359375 0.6282552078125 0.733642578125 0.6949869796875 0.750732421875 0.7047526046875 0.755615234375 0.7177734375 0.760498046875 0.7438151046875
8 0.076904296875 0.8463541671874999 0.103759765625 0.8219401046874999 0.103759765625 0.76171875 0.003662109375 0.7633463546875 0 0.9993489578125001 0.04150390625 0.9928385421874999 0.045166015625 0.9684244796874999 0.069580078125 0.9309895828125001 0.068359375 0.8821614578125001 0.076904296875 0.8463541671874999
8 0.579833984375 0.9619140625 0.5712890625 0.91796875 0.53955078125 0.8968098953125001 0.50537109375 0.9049479171874999 0.484619140625 0.9261067703125001 0.462646484375 0.9488932296874999 0.45654296875 0.99609375 0.44677734375 0.9977213546874999 0.565185546875 0.99609375 0.579833984375 0.9619140625
8 0.386962890625 0.1139322921875 0.406494140625 0.05208333281250001 0.406494140625 0.0211588546875 0.352783203125 0.0016276046874999998 0.223388671875 0 0.21728515625 0.048828125 0.230712890625 0.087890625 0.247802734375 0.1416015625 0.224609375 0.1595052078125 0.20751953125 0.1741536453125 0.191650390625 0.24576822968749998 0.24435130468750002 0.278559909375 0.2585399390625 0.2648012328125 0.27099609375 0.2490234375 0.311279296875 0.2652994796875 0.3098561828125 0.2659735859375 0.345458984375 0.2766927078125 0.401611328125 0.2620442703125 0.450439453125 0.2766927078125 0.4443359375 0.17578125 0.347900390625 0.1513671875 0.33447265625 0.1123046875 0.386962890625 0.1139322921875
8 0.13671875 0.22135416718749998 0.11474609375 0.185546875 0.015869140625 0.22135416718749998 0.010986328125 0.3336588546875 0.118408203125 0.3271484375 0.1416015625 0.2978515625 0.13671875 0.22135416718749998
11 0.8984375 0.3971354171875 0.00244140625 0.3662109375 0 0.3857421875 0.89599609375 0.4329427078125 0.8984375 0.3971354171875
8 0.8154296875 0.009765625 0.76904296875 0.013020832812499999 0.70068359375 0.0423177078125 0.7080078125 0.08626302031250001 0.758056640625 0.1171875 0.843505859375 0.1350911453125 0.880126953125 0.087890625 0.850830078125 0.009765625 0.8154296875 0.009765625
8 0.430908203125 0 0.418701171875 0.0374348953125 0.433349609375 0.1106770828125 0.433349609375 0.166015625 0.45654296875 0.2620442703125 0.56884765625 0.24739583281250002 0.577392578125 0.1904296875 0.496826171875 0.1969401046875 0.491943359375 0.1692708328125 0.513916015625 0.1236979171875 0.555419921875 0.1350911453125 0.57861328125 0.09602864531250001 0.56640625 0.0423177078125 0.54443359375 0.0211588546875 0.48583984375 0 0.430908203125 0