8 0.262316134375 0.30198648281249996 0.26909873125 0.296963478125 0.2704317203125 0.29018801875 0.26236873906249997 0.288543078125 0.25900299531250004 0.2905669671875 0.2563697078125 0.29727428125 0.258102940625 0.30152120312499997 0.262316134375 0.30198648281249996
9 0.31236606562499997 0 0.30835928749999997 0.0080949890625 0.3034234265625 0.027638840625 0.298348509375 0.037396378125000004 0.28732268125 0.0798462578125 0.280845246875 0.091486096875 0.275080353125 0.1144091609375 0.273868003125 0.12510255312500002 0.26764461875 0.14433445312499998 0.26407294531250003 0.1627274203125 0.258002890625 0.1790336484375 0.2555342140625 0.195039665625 0.2457207359375 0.22679615156250002 0.24326633125 0.23009017968749998 0.23665249375 0.2629922546875 0.22838922187500002 0.283828578125 0.2261505359375 0.2954460859375 0.22231203125 0.3064908 0.1992441671875 0.3610223171875 0.18747310625 0.39903257812500004 0.1822561453125 0.4239401625 0.166998703125 0.4600563796875 0.160328115625 0.487821490625 0.15753286875 0.5162786515625 0.1522719328125 0.5358054671875 0.147222571875 0.5450753921875 0.142164578125 0.5731694921875 0.1403730984375 0.5762537890625 0.130705815625 0.6114405953125 0.12244254375000001 0.6322769187499999 0.11826054687500001 0.6374362140625001 0.11701699843749999 0.6425050328124999 0.1099405234375 0.6531355750000001 0.098227709375 0.6838146187499999 0.0956128390625 0.6963903140625 0.09187091093750001 0.699372390625 0.0917686921875 0.7013228390624999 0.087950103125 0.7057677531250001 0.0853168125 0.7124750671875 0.08325136875 0.714567103125 0.0803426203125 0.7327503375 0.0767141953125 0.7460063406249999 0.0719004671875 0.7569999453125 0.0704964546875 0.771350428125 0.0693679015625 0.7742249921875 0.0650141578125 0.776441578125 0.06312610156250001 0.7875885109375 0.055290123437500005 0.8064914218749999 0.0455022015625 0.8377602968750001 0.0432691578125 0.855489990625 0.040361903125 0.8612050453125001 0.0378790625 0.8712614921874999 0.019295596875 0.91486355625 0.01972853125 0.91904233125 0.0179242765625 0.9223704343750001 0.0183444328125 0.9267930156249999 0.0153860703125 0.9334832937499999 0.0152511609375 0.942277346875 0.0132169125 0.9499939578125 0.01076250625 0.9532879875000001 0.011297660937499999 0.955516315625 0.0085820671875 0.957574278125 0.0067650328125 0.9611461859375 0.0064455984375 0.9672413375 0.0093130265625 0.9747258828125 0.1617730703125 0.982715975 0.1816416328125 0.8710539578125 0.1842493671875 0.86483425625 0.187623740625 0.8439861921875 0.19106050624999998 0.8343872781250001 0.2432970015625 0.559156040625 0.24684876406249998 0.547362871875 0.2647341875 0.44244224218749995 0.26392506875 0.43922165468749996 0.2661055078125 0.4349353640625 0.2711706375 0.40048527187499994 0.273013225 0.3964257515625 0.2729436984375 0.39153259375 0.2797165046875 0.361817034375 0.2819239953125 0.3445749515625 0.2963042828125 0.28787680781249997 0.347792296875 0 0.31236606562499997 0
9 0.37599918125 0.4465620640625 0.3831636046875 0.446693059375 0.38552856874999997 0.44510567187500005 0.38486 0.43920321875 0.3804367265625 0.436526646875 0.3759112359375 0.435800525 0.3745598265625 0.436707603125 0.37412539843750003 0.44499700937500003 0.37599918125 0.4465620640625
9 0.6149558140625 0.50211296875 0.6299348046875 0.5024090328125 0.6473866203124999 0.5052794484375001 0.6541237484375 0.50734385625 0.669676225 0.5091368296875001 0.6731881609375 0.5105432609375 0.6862039265625001 0.5109809125 0.6997676234375 0.5134030859375 0.70859575 0.5128878453125 0.7432254171875 0.5176364171875 0.7557883359375 0.5204950937499999 0.779454903125 0.522957784375 0.8195469531249999 0.5292150046875 0.8335507218749999 0.5294599609375 0.840638478125 0.5310537921875 0.8452534109375 0.530073271875 0.85547691875 0.5340317234375 0.859907328125 0.5303523 0.864018303125 0.532768028125 0.867606903125 0.5327116234375 0.871106059375 0.5343618609375 0.875708215625 0.533625146875 0.8837456421875001 0.5357577 0.9058251687500001 0.537403790625 0.9103506609375 0.5381299125 0.917361753125 0.5411865812500001 0.9196854046875 0.5391696234375 0.913352996875 0.5368204046875 0.9136468750000001 0.5312128656249999 0.91107896875 0.52423296875 0.9005559406250001 0.51976986875 0.893015334375 0.5205970609375 0.8855769468749999 0.5194738046875 0.844332284375 0.5041105765625 0.8371111140625 0.49884261875 0.8349889171875 0.495797690625 0.8247654109375 0.49183924062499995 0.8192846078124999 0.484462209375 0.8141472984375 0.4829705953125 0.8117000296875 0.47990863125 0.7915241578125001 0.469927896875 0.780972753125 0.462896315625 0.7670144546875 0.45556395 0.7587030625 0.45243913593749996 0.7464141093750001 0.45057272031249995 0.7354893421875001 0.4475554203125 0.73086163125 0.448779746875 0.7276875484375 0.447146546875 0.7243473609375 0.44868282343750004 0.719509571875 0.447695859375 0.712478565625 0.451238990625 0.6986976546875 0.45296152031250003 0.6849760234375 0.45199792499999997 0.6771916140625 0.45281233906249996 0.6684657046875 0.45137713125 0.661078428125 0.44927865 0.6574402140625 0.43784209843750005 0.659805178125 0.4362547125 0.6600351703125 0.43186620312499996 0.6583019359375 0.42761928125 0.6541015203125 0.4269101953125 0.642953896875 0.4219254109375 0.6002612484375 0.41553189843749994 0.5842814781250001 0.41567233750000004 0.54897610625 0.4113773046875 0.540664715625 0.40825249062499996 0.5378540390625 0.4059049078125 0.524978821875 0.4027853890625 0.51652688125 0.40234244218750004 0.5073097921875 0.40405967656249997 0.51243548125 0.449311825 0.5148883921875 0.45848597656249995 0.51506578125 0.4675408734375 0.5168373468749999 0.47105637656250005 0.5172447265625 0.47572276406249997 0.521202375 0.48106416406249997 0.5214124531250001 0.4832754546875 0.52579739375 0.48668344374999994 0.54483625 0.4903704609375 0.55201345 0.49025765000000004 0.592417796875 0.49677571406250004 0.6149558140625 0.50211296875
9 0.35466339375 0.46182377187499996 0.3588127015625 0.4635080828125 0.439882584375 0.477780278125 0.4424192953125 0.47913560000000005 0.44865960156250007 0.47824026093749994 0.45217153750000005 0.4796466921875 0.46528952187500006 0.4781338953125 0.468125753125 0.479993865625 0.4736009140625 0.48125870937500004 0.492091840625 0.4829612046875 0.49896952031249997 0.482343746875 0.49953172187500006 0.47161628125000005 0.49777442812499995 0.455388790625 0.4960284171875 0.45138567500000004 0.4963549875 0.43893453125 0.494259840625 0.4229338109375 0.4895753796875 0.41902117343749995 0.4884810125 0.40258395 0.4798573234375 0.39919829375 0.47243171406249995 0.39783123125 0.45613964687499997 0.3977108265625 0.43666071874999995 0.396201028125 0.41921454375 0.3994428 0.40229788125 0.39880071093749997 0.38973496406249997 0.39594203437500003 0.3862485828125 0.39404799218750003 0.3538816609375 0.38966248124999997 0.334256540625 0.3847223609375 0.33173260781249997 0.3831232328125 0.3197431734375 0.3817614671875 0.3060261484375 0.382264965625 0.3013856625 0.3837330984375 0.2886055296875 0.385019125 0.28459527812499996 0.3931211296875 0.2798781265625 0.3960520984375 0.277926184375 0.4084180609375 0.2744638640625 0.4185045859375 0.273377790625 0.4392280984375 0.27616291249999997 0.44206329375 0.2796748484375 0.44346972500000004 0.2798082625 0.44714385156249997 0.2867682453125 0.45117574375 0.293001415625 0.4566364 0.3170569453125 0.457897096875 0.3361724671875 0.4601212765625 0.3393721046875 0.461266865625 0.35466339375 0.46182377187499996
9 0.59525108125 0.0446442109375 0.5904771796875 0.042438215625 0.5846457484375 0.035531759375 0.5830203734375 0.035446578125 0.5728934437500001 0.023425490625 0.5714924203125 0.0128396125 0.5641434750000001 0.0100097140625 0.562594765625 0.0084616953125 0.5544040109374999 0.0092548140625 0.5470422890625 0.006668721875 0.5401390562499999 0.007773793750000001 0.535326821875 0.006299215625 0.5277606609375 0.0076140203125 0.5114941468749999 0.0070060046875 0.5017986578125 0.011631873437499999 0.500516778125 0.017432109374999998 0.502778028125 0.030263351562500002 0.5058044234375 0.0409344125 0.50987706875 0.0440815578125 0.572768321875 0.0569121 0.588021278125 0.058200425 0.5966833 0.060854664062499994 0.60092205 0.06083233125 0.5995849140625 0.0490274234375 0.59525108125 0.0446442109375
9 0.7779400843750001 0.079155053125 0.783166834375 0.078940025 0.789527778125 0.0819626203125 0.8049908140625 0.08546223593749999 0.8156799484375 0.08675585625 0.85104206875 0.096187853125 0.8579069703125001 0.0958142 0.8656392359374999 0.0913299171875 0.8670545296875 0.08920380781250001 0.8702158359375 0.091080815625 0.8683860250000001 0.0948965296875 0.8712222562499999 0.0967565 0.8754482265625001 0.0969779734375 0.8774753390625 0.09561735625 0.8818986125 0.0982939265625 0.8867491781249999 0.0990370859375 0.8908289578125 0.0958282375 0.8944175578125 0.0957718328125 0.8977378328125001 0.1008353546875 0.8982218765625 0.10403890625000001 0.9024861796874999 0.10352896250000002 0.9049717812500001 0.1058595078125 0.9100835359375001 0.1078387328125 0.9405000093749999 0.11212202499999999 0.951278584375 0.11170900312500001 0.9610323203125001 0.09975191562499999 0.97311119375 0.099407040625 0.982908903125 0.092830721875 0.983438415625 0.0889468625 0.9812523343749999 0.0871209640625 0.9767268421875 0.0863948421875 0.9734193453125 0.0810875140625 0.96088198125 0.0777412265625 0.9545465921874999 0.07423102031249999 0.946732021875 0.0740659515625 0.9426338234375 0.0714064171875 0.9277953812499999 0.0684284859375 0.91858543125 0.06378972656250001 0.9180119453125 0.0622928171875 0.91578753125 0.0611983375 0.9118738578125001 0.06123770625 0.9071694828125001 0.06392486875 0.9039570687499999 0.0630230859375 0.9000050625 0.06379387343750001 0.8916482015625 0.0677564703125 0.8874477859375001 0.06704738437499999 0.8831834828125 0.0675573296875 0.880155590625 0.06935445 0.8769303984375 0.0686964734375 0.8744192421875001 0.0668535390625 0.8712522953124999 0.0588643453125 0.8660837890625 0.051748156249999996 0.8528707234375 0.0488554078125 0.8461847046875001 0.0458157765625 0.784217565625 0.0340115671875 0.776415771875 0.03360269375 0.7723998796875 0.035592509375 0.7657266375 0.032309071875 0.755674875 0.031293329687499996 0.7496262296875 0.028531578125000002 0.744750109375 0.02827603125 0.7420984015625 0.0291149640625 0.737662353125 0.0266821984375 0.7302495203125 0.025071331250000002 0.726960440625 0.025632384375 0.7153855250000001 0.0225810125 0.7093808515625 0.025200028125000003 0.7057467843749999 0.0323438453125 0.7028011984375 0.0387903171875 0.7032596875 0.042481479687500004 0.7107676015625 0.04849789375 0.7200527250000001 0.0641419984375 0.7237236296875 0.06873494375 0.7275223078125 0.07088982968749999 0.737261771875 0.071644728125 0.7455859390625 0.0745257359375 0.774415371875 0.077992428125 0.7779400843750001 0.079155053125
9 0.698030096875 0.27910433281249997 0.7000316546875001 0.278231328125 0.7004078375 0.277273140625 0.6976610484375 0.273706528125 0.69216033125 0.2729292953125 0.6916308203125 0.27681315624999997 0.6928672312499999 0.2781003328125 0.698030096875 0.27910433281249997
9 0.6249281109375 0.262071534375 0.6260431375 0.2656748671875 0.6248443109374999 0.2698903640625 0.6273171359374999 0.272464715625 0.6312052546875 0.27291295937500004 0.6348009890624999 0.2665005609375 0.6353560578125 0.2621290890625 0.6319207859375 0.259259821875 0.6276437046875001 0.26001357187499996 0.6249281109375 0.262071534375
8 0.9595081125 0.7445988546875 0.8017829875 0.737555209375 0.7016768984375 0.750644546875 0.6987099046874999 0.7761589984375 0.7163898828125 0.8430939984375 0.6951529859375001 0.9373265312499999 0.7551640359375 0.9429163328125 0.9535517078125 0.982650471875 0.9711752703125001 0.9884635968750001 0.9706998562500001 0.9664358703125 0.9790314984374999 0.9069759749999999 0.98228971875 0.844805434375 0.9720000078125001 0.7550325531250001 0.9595081125 0.7445988546875
8 1 0.264594675 0.9349956296874999 0.2482509765625 0.8210634984375 0.2141653453125 0.8364941796875 0.1685236546875 0.7750925703125 0.06507070781249999 0.7126612999999999 0.0434631484375 0.571764890625 0.0263000546875 0.5445168609375 0.017537775 0.43931478281249997 0.0034677203125 0.401483984375 0.010041740625 0.3628865453125 0.031244121875000003 0.385542209375 0.065435671875 0.48612371093749995 0.074374059375 0.5972523015625 0.099756115625 0.654679678125 0.12354618906249999 0.6655105203125 0.1656746734375 0.6508821578124999 0.1649080328125 0.6058827906250001 0.1527706890625 0.5798768140624999 0.1514077734375 0.52442245 0.15216866874999999 0.49124043281249996 0.19443529375 0.5166714296875 0.20676948125 0.5926167828125 0.21930625625000003 0.6230516734375 0.22945792968749998 0.650008478125 0.274876296875 0.7193884500000001 0.288291375 0.7541883703125001 0.3084508359375 0.8094435984375 0.3736879359375 0.799351190625 0.2863701515625 0.8064201921875 0.3380805140625 0.8483247921875 0.3781703703125 0.8969582265625 0.383163896875 0.9017347796875 0.41641844062500005 0.9057164875 0.433740409375 0.9223817515625001 0.4578389875 0.9543781296875 0.46929487343750004 0.998263215625 0.47159479375 0.993103340625 0.44565443125000004 0.9468619203124999 0.42611772343750004 0.9293379249999999 0.3873056015625 0.8918979171875 0.3242245359375 0.960802475 0.3156118875 0.9990165953125001 0.3017236859375 1 0.2915936703125 1 0.264594675