3 0.0722589640625 0.43259011875000003 0.082999353125 0.4317222734375 0.08950868906250001 0.433024034375 0.09276335625 0.4317222734375 0.09764535937499999 0.433024034375 0.10252736093749999 0.433024034375 0.10871123437500001 0.43085442812499997 0.1165224421875 0.435193640625 0.126611909375 0.4369293328125 0.142234325 0.435193640625 0.15297471406250002 0.4382310921875 0.15069645625 0.458191465625 0.155252996875 0.44821127968749996 0.1572057921875 0.4390989390625 0.1689225921875 0.4382310921875 0.1826151015625 0.437797178125 0.18912443750000002 0.4404007 0.1975865703125 0.4364954015625 0.21125617812500003 0.4369293328125 0.2171145765625 0.431288359375 0.22134565624999997 0.43215618750000007 0.23859539375 0.43085442812499997 0.24998673125 0.4369293328125 0.25584514375 0.435193640625 0.2721184828125 0.4430042203125 0.277325946875 0.4404007 0.283184334375 0.4408346140625 0.2825334109375 0.451682646875 0.28806633593750003 0.46556813124999996 0.29001915624999997 0.45992715781250004 0.2864390015625 0.4477773640625 0.2874154125 0.4434381515625 0.29132100312500003 0.44170245937499997 0.294575671875 0.437797178125 0.30173595625 0.429986590625 0.32451863125 0.44604167187500005 0.3300515578125 0.44473991249999995 0.340791971875 0.44604167187500005 0.34534851093749996 0.44387206562500003 0.3486031796875 0.4456077578125 0.3531596953125 0.439966784375 0.363900109375 0.45472009843750005 0.3655274421875 0.4499469703125 0.38180078281249996 0.456021859375 0.3873337078125 0.4477773640625 0.39970145625 0.435193640625 0.392541196875 0.43085442812499997 0.387008246875 0.43475972656249995 0.37203677812499997 0.4451738265625 0.3583671828125 0.4369293328125 0.366503853125 0.433457965625 0.374965984375 0.43475972656249995 0.383753578125 0.42521345468750005 0.375291446875 0.420874240625 0.3598114484375 0.42654230000000004 0.3354014375 0.4369564265625 0.32417281875000004 0.43500375937499997 0.308062234375 0.42654230000000004 0.3207554328125 0.4161281984375 0.32563743437500003 0.4037614328125 0.318802625 0.4018087921875 0.299762809375 0.420684378125 0.288045996875 0.432400246875 0.27632922187500003 0.43370201562500005 0.2641242171875 0.429796709375 0.2460607890625 0.42458965937500004 0.2270209734375 0.423287890625 0.21725697031250002 0.42263701875 0.20749296562500003 0.42654230000000004 0.190405959375 0.4291458375 0.15964936875 0.431098478125 0.1450033453125 0.42784406875 0.1303573390625 0.42784406875 0.11943390000000001 0.42483369375 0.0953493265625 0.4239658640625 0.0712647796875 0.4239658640625 0.055501287499999996 0.4201388890625 0.057287496874999996 0.4282508984375 0.06347134531250001 0.43215618750000007 0.0722589640625 0.43259011875000003
3 0.045793850000000004 0.5553898734375 0.0597889078125 0.5579933609375 0.087453584375 0.5579933609375 0.0965666640625 0.5540880796875001 0.1115381328125 0.5558237546875 0.119023878125 0.56016296875 0.1265096 0.562332575 0.1346462703125 0.5558237546875 0.142132015625 0.5566916015625 0.1502686859375 0.5532202671875 0.15840535625000002 0.5562576859374999 0.16654202499999998 0.5562576859374999 0.1763060296875 0.5519184734375 0.183791775 0.5519184734375 0.20462165625 0.5597290859374999 0.21145642812499998 0.5575594796875001 0.225776996875 0.56276650625 0.23065899843749998 0.5592951390625001 0.23619192500000002 0.5614647453125 0.243352184375 0.5610308140625 0.25279075156249997 0.5575594796875001 0.2755734265625 0.5562576859374999 0.277526196875 0.562332575 0.2876156875 0.5618986921875 0.298030615625 0.562332575 0.3103983640625 0.5649361125000001 0.323742471875 0.5614647453125 0.3286244734375 0.56450218125 0.3338319625 0.5710110171875 0.33415745 0.5610308140625 0.32699714062499996 0.554955925 0.3045399515625 0.5575594796875001 0.29965795 0.5536541484375 0.28208276250000003 0.5553898734375 0.27915353125000003 0.5497488671874999 0.271993271875 0.5493149359375 0.2511634171875 0.55018278125 0.2358664375 0.5506167125 0.22447509999999998 0.5562576859374999 0.2195930984375 0.55452199375 0.214060171875 0.5514845421875 0.20397073125 0.5532202671875 0.1958340625 0.5488810546875 0.1808625703125 0.5445418421875 0.16328735781249998 0.5497488671874999 0.1486413515625 0.5462775 0.1447357609375 0.5488810546875 0.139528271875 0.5475792609375 0.1261841375 0.5506167125 0.12292947031250001 0.5553898734375 0.11804746875000001 0.5514845421875 0.0968921265625 0.5467114484375 0.0916846625 0.55018278125 0.07834052968750001 0.5523523875 0.0549069046875 0.5506167125 0.0448174390625 0.5467114484375 0.0392845140625 0.5432400484375 0.02561489375 0.5423722343749999 0.011881503125 0.5458984375 0.021058378125 0.5493149359375 0.032449715625 0.5493149359375 0.045793850000000004 0.5553898734375
6 0 0.4527994796875 0.005615234375 0.4632161453125 0.0361328125 0.5094401046875 0.04443359375 0.5149739578125 0.087646484375 0.5315755203125 0.138427734375 0.5250651046875 0.145263671875 0.517578125 0.144775390625 0.4820963546875 0.14013671875 0.4736328125 0.111328125 0.4345703125 0.09619140625 0.4319661453125 0.06396484375 0.4322916671875 0.005126953125 0.4443359375 0 0.4456380203125 0 0.4527994796875
6 0 0.3786885109375 0.014370296874999999 0.3838955625 0.150146484375 0.3811848953125 0.158447265625 0.3815104171875 0.169677734375 0.3863932296875 0.182373046875 0.38671875 0.189208984375 0.3841145828125 0.19287109375 0.3863932296875 0.20947265625 0.3850911453125 0.234619140625 0.3893229171875 0.24072265625 0.3889973953125 0.24462890625 0.3863932296875 0.24755859375 0.3883463546875 0.255859375 0.38671875 0.25830078125 0.3876953125 0.26171875 0.3929036453125 0.26708984375 0.3971354171875 0.271728515625 0.3955078125 0.275390625 0.396484375 0.279052734375 0.3938802078125 0.280029296875 0.3916015625 0.28515625 0.3902994796875 0.310302734375 0.4000651046875 0.3291015625 0.4010416671875 0.33154296875 0.40234375 0.333984375 0.4163411453125 0.337890625 0.4215494796875 0.34375 0.41796875 0.34716796875 0.4186197921875 0.349365234375 0.4215494796875 0.354248046875 0.419921875 0.365234375 0.4241536453125 0.368408203125 0.4280598953125 0.37353515625 0.4309895828125 0.3759765625 0.4391276046875 0.375732421875 0.4521484375 0.37353515625 0.4622395828125 0.373046875 0.4778645828125 0.376708984375 0.4899088546875 0.37744140625 0.4970703125 0.380859375 0.5048828125 0.380615234375 0.5133463546875 0.38232421875 0.5169270828125 0.38330078125 0.5240885421875 0.383056640625 0.5289713546875 0.377685546875 0.533203125 0.379638671875 0.5478515625 0.378662109375 0.5524088546875 0.37548828125 0.556640625 0.374267578125 0.5608723953125 0.36181640625 0.5647786453125 0.38037109375 0.572265625 0.410888671875 0.5758463546875 0.498291015625 0.578125 0.5068359375 0.5758463546875 0.521240234375 0.5758463546875 0.531494140625 0.5690104171875 0.532958984375 0.5651041671875 0.54345703125 0.5608723953125 0.548828125 0.560546875 0.55224609375 0.5628255203125 0.556640625 0.5631510421875 0.560546875 0.5579427078125 0.559326171875 0.5504557296875 0.65576171875 0.4417317703125 0.658447265625 0.4352213546875 0.662109375 0.4361979171875 0.666259765625 0.4342447921875 0.669189453125 0.4348958328125 0.677490234375 0.4404296875 0.6796875 0.4267578125 0.687744140625 0.4274088546875 0.689208984375 0.4306640625 0.694091796875 0.4270833328125 0.697509765625 0.4280598953125 0.700927734375 0.4264322921875 0.705078125 0.4293619796875 0.71435546875 0.4228515625 0.720947265625 0.4303385421875 0.72607421875 0.4244791671875 0.731201171875 0.4124348953125 0.731201171875 0.408203125 0.728759765625 0.4039713546875 0.712646484375 0.4036458328125 0.67578125 0.3987630203125 0.486572265625 0.3883463546875 0.431640625 0.3828125 0.379638671875 0.3811848953125 0.19384765625 0.3681640625 0 0.355256746875 0 0.3786885109375
1 0.1364541640625 0.9996744796874999 0.1458276140625 0.9996744796874999 0.15754441875 0.71689574375 0.427812078125 0.719499271875 0.48137555625 0.721061384375 0.49216495 0.7254870734375001 0.4960705515625 0.998857484375 0.5102770140625 0.9991181734374999 0.5024658109375 0.721061384375 0.806917928125 0.7283512703125 0.8241025515624999 0.9996744796874999 0.8303515375 0.9996744796874999 0.81277633125 0.7288719671874999 0.999073540625 0.734599740625 0.999073540625 0.7273098546875 0.8147308000000001 0.7231442140625 0.496424290625 0.7122094156250001 0.000585928125 0.7084635421875001 0 0.7158543390625 0.14934266093749998 0.7163750359375001 0.1364541640625 0.9996744796874999
6 0.32568359375 0.7174479171875 0.32421875 0.7236328125 0.324462890625 0.744140625 0.3271484375 0.75390625 0.327392578125 0.7633463546875 0.329833984375 0.7718098953125 0.364501953125 0.7766927078125 0.471435546875 0.7763671875 0.4765625 0.7747395828125 0.47998046875 0.7718098953125 0.48193359375 0.7672526046875 0.489013671875 0.7633463546875 0.490234375 0.7594401046875 0.48779296875 0.755859375 0.491455078125 0.748046875 0.489501953125 0.7405598953125 0.490966796875 0.7350260421875 0.49462890625 0.7320963546875 0.492431640625 0.7278645828125 0.494384765625 0.7239583328125 0.491943359375 0.7154947921875 0.4921875 0.7086588546875 0.489990234375 0.705078125 0.4794921875 0.7047526046875 0.473388671875 0.7018229171875 0.472900390625 0.697265625 0.4755859375 0.6884765625 0.486083984375 0.6819661453125 0.505615234375 0.6767578125 0.509765625 0.6780598953125 0.512939453125 0.6754557296875 0.517333984375 0.6809895828125 0.522216796875 0.6793619796875 0.525146484375 0.6800130203125 0.529052734375 0.6774088546875 0.53271484375 0.6806640625 0.541943359375 0.6796875 0.54833984375 0.6819661453125 0.5595703125 0.6809895828125 0.563720703125 0.6868489578125 0.568603515625 0.6852213546875 0.575439453125 0.6871744796875 0.580810546875 0.6868489578125 0.584716796875 0.6845703125 0.5869140625 0.6813151046875 0.58251953125 0.6728515625 0.572998046875 0.6695963546875 0.43396339375000004 0.6672755218749999 0.43396339375000004 0.6455794578125 0.4303832640625 0.6312600421875 0.42224659375 0.62388339375 0.40532230625 0.6108657546875 0.383516040625 0.6021873375 0.35878056875 0.597414184375 0.359130859375 0.666015625 0.341552734375 0.6676432296875 0.33740234375 0.6702473953125 0.324951171875 0.669921875 0.322998046875 0.6731770828125 0.322021484375 0.6832682296875 0.31396484375 0.6901041671875 0.30908203125 0.697265625 0.308837890625 0.7014973953125 0.313232421875 0.7093098953125 0.317138671875 0.7102864578125 0.32568359375 0.7174479171875
3 0.9520562515625001 0.4538626234375 0.9540090234375 0.4460519859375 0.9295990125 0.4460519859375 0.9208113953125 0.4401940640625 0.9047008484375001 0.43954316718750003 0.8778498375 0.43954316718750003 0.8729678359375 0.43498698750000003 0.850510596875 0.43693965312499994 0.8241478171875001 0.4382413984375 0.7953439609374999 0.43498698750000003 0.784115378125 0.43628875625 0.778256953125 0.45125903593750005 0.7538469437499999 0.4538626234375 0.744082940625 0.4551643421875 0.71967293125 0.4551643421875 0.7108853500000001 0.4525608046875 0.6937983437499999 0.45581521562500005 0.6859871109375 0.4525608046875 0.6781759140625 0.44214670468749995 0.6654827171875 0.45060821406249996 0.6483957109375 0.44930639531249994 0.6352143203125 0.4538626234375 0.6215447000000001 0.4473538046875 0.6073868874999999 0.45190993281249997 0.597134690625 0.4467028828125 0.588347071875 0.4473538046875 0.5678426796875 0.44865552343750004 0.5571022890624999 0.4460519859375 0.53513328125 0.4480046265625 0.51169965625 0.4460519859375 0.48338405 0.4473538046875 0.4682498328125 0.44149580781250003 0.4736200453125 0.4545134453125 0.4882660515625 0.459720521875 0.5141406578125001 0.45841875312499997 0.55514948125 0.4551643421875 0.5673544859375 0.459720521875 0.5761420671875 0.459069625 0.5922526890625 0.45711703281249993 0.60689869375 0.462324034375 0.6186155062500001 0.4564661109375 0.6151980828125 0.471436390625 0.6239857015625 0.4779452109375 0.625938509375 0.45711703281249993 0.637167090625 0.46297493125000005 0.6508367109375001 0.459720521875 0.683546109375 0.46037144375 0.695262921875 0.466229340625 0.6991685375000001 0.500726078125 0.7074679265625 0.5189507921875001 0.7055151171875 0.49291553906249996 0.7011213453125 0.46427667499999997 0.7445711328125 0.46427667499999997 0.752870559375 0.46557844375 0.761658140625 0.46362585312500004 0.76556375625 0.47273815937499997 0.7626345625 0.4811996203125 0.76556375625 0.49096284843750004 0.7704457578125 0.499424359375 0.7719103734375 0.4785960828125 0.77142214375 0.464927571875 0.774351375 0.46102226562500004 0.787532765625 0.46037144375 0.7953439609374999 0.462324034375 0.809989965625 0.4668802625 0.8226832015625 0.4720872625 0.8368409765625 0.46557844375 0.822194971875 0.46427667499999997 0.8007141546875 0.4551643421875 0.7889973796875001 0.45060821406249996 0.7909501515625 0.4440993953125 0.798761384375 0.4454011140625 0.8124309671875001 0.44475021718749996 0.8251242015625 0.44865552343750004 0.8368409765625 0.44865552343750004 0.8544162140625 0.44865552343750004 0.867597603125 0.4454011140625 0.8768733781250001 0.44930639531249994 0.885172840625 0.44865552343750004 0.896889615625 0.44930639531249994 0.9154412375 0.4499572921875 0.9305753984375 0.45711703281249993 0.9422922484375 0.45581521562500005 0.9535208671875001 0.4616731625 0.9681668734375 0.46297493125000005 0.9916004218750001 0.4720872625 0.9994116562500001 0.47078549374999995 0.9980468640625 0.46240234375 0.9867184203124999 0.46297493125000005 0.9725606453125 0.4545134453125 0.9520562515625001 0.4538626234375
3 0.7190016531250001 0.5548839078125 0.7185676875 0.5595124078125 0.7105395125 0.569058675 0.7103225390625 0.5736871640625 0.7142281296874999 0.5843905578124999 0.7155300109375 0.5800513453125 0.71379418125 0.57542285625 0.7218223546875 0.5664551421875 0.7231242359375 0.5580660046875 0.7285486828125001 0.5517018234375 0.7261619125000001 0.5444698015625 0.7200865421875 0.5337664078125 0.7198695671875 0.5285593484375 0.7144451218750001 0.519591646875 0.7148790703125 0.5114917796875 0.7144451218750001 0.5065740078125 0.7110460015625 0.507161459375 0.7109734624999999 0.523641578125 0.7163979078125 0.5357913703125 0.7224732953124999 0.5476518875 0.7190016531250001 0.5548839078125
3 0.7884424953125 0.5673229828124999 0.7960367203125001 0.5650087390625 0.8034139703125 0.5598016859375 0.8055837484374999 0.5522803875 0.81165911875 0.5517018234375 0.815347753125 0.5543053437500001 0.8181684546874999 0.5508339828125 0.813177975 0.5476518875 0.8084044515625 0.5476518875 0.8034139703125 0.546784046875 0.8003762765625 0.5560410359375 0.79495183125 0.560669525 0.7880085296875 0.561537365625 0.7834743875 0.5664785875 0.7795464062499999 0.5693479515625001 0.7843199125 0.5713729203125 0.7884424953125 0.5673229828124999
3 0.9779431296875 0.7073622546875 0.9729526484375001 0.70765153125 0.9677451765624999 0.7111229046875 0.9740375374999999 0.7122800328125 0.9751224265625 0.7157514046875 0.9807638484375 0.715172840625 0.9859713046874999 0.7154621171875 0.9907448437499999 0.7163299578125 0.9944334609375 0.7145942765625 0.999755859375 0.716908521875 0.99940320625 0.7107928234374999 0.9933485703124999 0.7096765 0.9900939031249999 0.7131478718750001 0.9829336265625 0.7119907453125001 0.9779431296875 0.7073622546875
3 0.9189251578125001 0.716040703125 0.9280382218750001 0.717197809375 0.9330287187499999 0.7200906171875 0.9373682765625 0.71806565 0.94040596875 0.719222765625 0.946264365625 0.715172840625 0.9503869484375 0.716040703125 0.9675282015625 0.721537021875 0.969047040625 0.7235619796874999 0.976424290625 0.721247734375 0.9798959343750001 0.717197809375 0.971867759375 0.7189335125 0.9677451765624999 0.7163299578125 0.95602836875 0.714305 0.9521227609375 0.710833628125 0.9447455265625001 0.710833628125 0.9395380546875 0.714883553125 0.9362833859374999 0.7137264359375 0.9330287187499999 0.7154621171875 0.930208 0.712569309375 0.9217458593750001 0.7119907453125001 0.912415821875 0.7038908828125 0.904604621875 0.7038908828125 0.8976779468749999 0.7140480328125001 0.901349953125 0.7145942765625 0.9069913749999999 0.7082300953125 0.9117648812500001 0.7082300953125 0.9189251578125001 0.716040703125
3 0.879951609375 0.715172840625 0.8721403921875 0.7111229046875 0.8628103375 0.710544340625 0.8576028828125001 0.715172840625 0.8541312234375 0.7131478718750001 0.846320040625 0.7128585953125001 0.843065371875 0.7154621171875 0.838725815625 0.7154621171875 0.835471146875 0.7122800328125 0.8224524593749999 0.7096765 0.8157261484375 0.7102550640625 0.8087828640625 0.706494415625 0.8063961093750001 0.70765153125 0.804009340625 0.7134371484375001 0.7975000046875 0.716908521875 0.7922925484375 0.715172840625 0.7862171625000001 0.715172840625 0.78144365625 0.716040703125 0.7779719968750001 0.716908521875 0.7766701328125001 0.70765153125 0.7766701328125001 0.700130234375 0.7736324390625 0.697237425 0.77384943125 0.7177763625 0.764953325 0.7206691703125 0.7734154656250001 0.722115575 0.7838304093749999 0.719222765625 0.7933774390624999 0.7200906171875 0.8003207234374999 0.721247734375 0.806830059375 0.716040703125 0.8085658890625 0.7119907453125001 0.8165940624999999 0.7154621171875 0.821801534375 0.7140157125 0.8341692671875001 0.716908521875 0.840678603125 0.721247734375 0.853046334375 0.71806565 0.85847078125 0.719222765625 0.866281996875 0.714883553125 0.877130890625 0.719512053125 0.8884137328125 0.7186442125 0.8955078078125001 0.7212818296875 0.9014324046875 0.7157514046875 0.895140059375 0.714305 0.8892816640625 0.714883553125 0.879951609375 0.715172840625
3 0.7328653468749999 0.7166192453125 0.7174599374999999 0.717197809375 0.7116015421874999 0.714883553125 0.7057431125 0.7183549265625 0.6896867640625 0.716908521875 0.6747153046875 0.716040703125 0.6682059687499999 0.7119907453125001 0.66538525 0.7134371484375001 0.654753315625 0.7090979359375 0.6475930562500001 0.7012873609375 0.6334894953125 0.7004195109375 0.6287159890625 0.704469446875 0.6196029078125 0.7038908828125 0.6078861 0.7050480109375 0.6024616546875 0.7047587234375 0.5883580921875 0.7090979359375 0.58011294375 0.706494415625 0.5744715234375 0.7053372875 0.5670942718750001 0.7082300953125 0.5564623531249999 0.708808659375 0.5532076859374999 0.7059158515624999 0.5451795109375001 0.706494415625 0.5375852859375 0.7021552015625 0.5254345125000001 0.702444478125 0.50916118125 0.7053372875 0.50568953125 0.7030230421875 0.500916015625 0.7018659140625 0.492453884375 0.7030230421875 0.48746339531249994 0.7004195109375 0.47661450156249996 0.7038908828125 0.47249191875 0.710833628125 0.4844257015625 0.706494415625 0.492453884375 0.70794081875 0.5030857937500001 0.70794081875 0.510897003125 0.710833628125 0.5210949546875 0.7085193828125 0.5250005640625 0.7102550640625 0.53433061875 0.7073622546875 0.5430097328125 0.7117014687500001 0.5525567453125 0.7111229046875 0.5558114140625 0.714305 0.569914975 0.7122800328125 0.577292225 0.7102550640625 0.5859713390625 0.7137264359375 0.59595231875 0.7131478718750001 0.6054993468750001 0.7099657875000001 0.61873499375 0.7099657875000001 0.63218763125 0.710833628125 0.6347913593750001 0.7053372875 0.639130915625 0.7073622546875 0.6452063031249999 0.706494415625 0.6519326296875 0.714305 0.6619135921875 0.7166192453125 0.668422928125 0.719512053125 0.6868660453125 0.721247734375 0.7116015421874999 0.7218263203124999 0.7313465078125 0.7218263203124999 0.7406765625 0.722115575 0.74349728125 0.7189335125 0.7560820046875001 0.7226941390625 0.7579752546875 0.7205584484374999 0.7504405671875001 0.7163299578125 0.7424123921875 0.7140157125 0.738072834375 0.7174871078125 0.7328653468749999 0.7166192453125
1 0.386489428125 0.898757421875 0.26502521093750003 0.9029230828125 0.2665874578125 0.91802353125 0.2712741828125 0.9185442296874999 0.2716647375 0.9076094203125 0.38063102656250003 0.9055266109375 0.381412134375 0.97165621875 0.2712741828125 0.974259746875 0.27207030312499997 0.9239583343750001 0.26502521093750003 0.9247927203125 0.265415765625 0.985715253125 0.386489428125 0.9789461046874999 0.386489428125 0.898757421875
1 0.64049308125 0.970750878125 0.6408836359375 0.9775200671875 0.723291821875 0.9754372359374999 0.7186051109375 0.9009763468750001 0.671484365625 0.9005208343750001 0.67173789375 0.906704140625 0.7150900640625 0.906704140625 0.7186051109375 0.970750878125 0.64049308125 0.970750878125
1 0.614355459375 0.9005208343750001 0.6158877796875 0.9780407640625001 0.62174618125 0.9780407640625001 0.6201839359375 0.8999349328124999 0.614355459375 0.9005208343750001
1 0.923689721875 0.9056626859374999 0.9990678125000001 0.907745515625 0.998144521875 0.8985677093750001 0.9170501812499999 0.89889355625 0.9221274749999999 0.973875103125 0.93032923125 0.973875103125 0.923689721875 0.9056626859374999
1 0.0064221859375 0.9850591 0.0001732296875 0.9845384015624999 0.0009543374999999999 0.9933903796875001 0.012280587499999999 0.994431815625 0.01657674375 0.9517339359375001 0.0208729296875 0.9496511468750001 0.0208729296875 0.9449647890625 0.0157956359375 0.9449647890625 0.018138990625 0.9074739656249999 0.00009764687500000001 0.9063802093750001 0.0001732296875 0.914243153125 0.011108925 0.9147638515625 0.0064221859375 0.9850591
3 0.7459970703125001 0.70293003125 0.7523436890624999 0.6986993 0.7564933828125 0.6986993 0.7635722703125001 0.6990247484375 0.767233771875 0.6957703390625001 0.77626546875 0.6944685703125 0.778462390625 0.692841365625 0.7752890828125001 0.6830781375 0.7706511953125 0.685030778125 0.7738244671875 0.686332546875 0.7738244671875 0.6905632765624999 0.7706511953125 0.6925159296875 0.76454869375 0.6925159296875 0.7621076921875 0.6960957750000001 0.7523436890624999 0.6938176859375 0.748438071875 0.6951194546874999 0.7433119546875 0.6986993 0.7389181640625 0.6990247484375 0.7350125671875001 0.6954448906249999 0.7308628546875 0.69349225 0.7247603515625001 0.69349225 0.720886225 0.69832356875 0.72817775625 0.6977229796875 0.7333038546874999 0.6996756203125 0.738429971875 0.7032554796875 0.7459970703125001 0.70293003125
3 0.7260985718749999 0.690558484375 0.7351302671875 0.6915348046875 0.7429414624999999 0.6908839328124999 0.7519731593750001 0.6863277546875 0.73879176875 0.687304075 0.72707495625 0.686653190625 0.7217047625 0.6843751140625 0.7144775328125 0.6881510421875 0.7170668375 0.6934874578125 0.7224370703125 0.6895821640625 0.7260985718749999 0.690558484375
8 0.7207283390625 0.6798189359375 0.7336656515625 0.673961 0.72707495625 0.6716829109375 0.6702270453125 0.6710611984375 0.684357440625 0.6807952562499999 0.7036413515625 0.687304075 0.7116966437500001 0.687304075 0.7207283390625 0.6798189359375
3 0.027980740625 0.13256060625 0.059685659375 0.13744879999999998 0.09031218125 0.1388865046875 0.1237425453125 0.142336996875 0.1438007703125 0.149525515625 0.14509484687500002 0.17224123125 0.1444478171875 0.186330734375 0.1474673203125 0.1984074390625 0.155878834375 0.1961071265625 0.15329068437499999 0.13629863281250001 0.1310756609375 0.1351484765625 0.06788149843749999 0.1270973265625 0.0350981625 0.12307176093750001 0.001402146875 0.12087263125 0 0.13399830937499999 0.0040402796875 0.1331356890625 0.027980740625 0.13256060625
3 0 0.0994934140625 0.009432275 0.098343246875 0.0182751421875 0.10553176718749999 0.0435096765625 0.108407175 0.0650776546875 0.11243275 0.08405748125 0.110707509375 0.0995864171875 0.11272028593750001 0.10282161406250001 0.1196212703125 0.111233128125 0.12594716875 0.1151153546875 0.13371077343749999 0.121370071875 0.1305478171875 0.1237425453125 0.11875865000000001 0.13884012968749998 0.1170333984375 0.14638892187500002 0.1184711015625 0.1576042796875 0.12393438125 0.15781995625 0.11243275 0.15027116406250002 0.1112825828125 0.1420753265625 0.108407175 0.14358509375 0.09891833125 0.142722371875 0.0828160453125 0.14854571875 0.07361474375 0.1448791703125 0.06613869375 0.1392714984375 0.0721770390625 0.1403498984375 0.0796531015625 0.1384087765625 0.0937425984375 0.1375460546875 0.10955734218749999 0.1287031875 0.11099504687499999 0.11554672343750001 0.1104199625 0.09850801875000001 0.106681934375 0.08146931406249999 0.10438161093750001 0.061842457812499994 0.1040940625 0.0376863296875 0.1017937390625 0.01784378125 0.0954678390625 0.0085695515625 0.0905796546875 0 0.0899533984375 0 0.0994934140625
6 0.1300225625 0 0.128271834375 0.0466510953125 0.12805614062499998 0.0733923875 0.1265463890625 0.10128384531250001 0.05903861406250001 0.094670409375 0.0320786421875 0.09121991874999999 0.0074911531249999995 0.0871943421875 0 0.087481890625 0.0044716328125 0.09121991874999999 0.0141772234375 0.0923700859375 0.0215103390625 0.09639565 0.034235440625 0.100133678125 0.0519211921875 0.10243401249999999 0.07219509375 0.10387171718749999 0.0918219484375 0.104159253125 0.10562545781249999 0.10674712500000001 0.1207230421875 0.1096225328125 0.134957903125 0.1090474484375 0.1379774234375 0.09380778906250001 0.1381931 0.0751176375 0.140996928125 0.0687917390625 0.14509484687500002 0.0650537109375 0.1498398109375 0.07310485 0.1442321234375 0.08144352656250001 0.14401644687499998 0.0917950015625 0.143153725 0.1070346609375 0.1526436390625 0.1110602359375 0.1552318046875 0.0871943421875 0.156957234375 0.052689453124999994 0.15997675312499998 0 0.1300225625 0
3 0.378627346875 0.301344378125 0.3781716140625 0.27035751406249997 0.39457825 0.2861547453125 0.412807853125 0.28858505 0.4219226546875 0.27825611875 0.4219226546875 0.26914233906249996 0.4036930515625 0.26914233906249996 0.3854634484375 0.246661725 0.374069946875 0.21020656093749998 0.3699682796875 0.19137142499999998 0.36176494375 0.1786121203125 0.361347915625 0.19691240000000002 0.3649551453125 0.22964929375 0.36723384531250003 0.2636740625 0.36176494375 0.2922305984375 0.378627346875 0.301344378125
3 0.639056340625 0.23142335468750003 0.6463886765625 0.23330323125 0.6520289375 0.2250318015625 0.655695115625 0.2137525453125 0.6672576453125 0.21788823750000003 0.67938419375 0.2114966703125 0.68925465 0.2148804390625 0.7050473984375001 0.22390385 0.7163279203124999 0.21788823750000003 0.7115336859375 0.2152564234375 0.6988430984375 0.2092408109375 0.6901006984375 0.203977165625 0.673179915625 0.20172130625 0.6635914671875 0.202473259375 0.6498659359375 0.202236928125 0.6410304234375 0.21713629843749999 0.63651821875 0.2257837265625 0.639056340625 0.23142335468750003
3 0.7493709953125001 0.2205462828125 0.7571119640624999 0.21800158125000002 0.7556274015625 0.21390179687500002 0.741205853125 0.2120639640625 0.730503425 0.212328825 0.7291172140625 0.22012215781250002 0.73866088125 0.2199807828125 0.7493709953125001 0.2205462828125
3 0.8235109859374999 0.22964179687500003 0.8345029359374999 0.23071931874999999 0.8433126734374999 0.2298573015625 0.8427469140625 0.222853409375 0.8333714156250001 0.225008453125 0.82747131875 0.222530153125 0.81914653125 0.2229611640625 0.8147012531250001 0.225008453125 0.80636565 0.22246242187499998 0.8034668249999999 0.2254394640625 0.8131656109375 0.22974955156250002 0.8235109859374999 0.22964179687500003
3 0.723316765625 0.17719780624999998 0.755695321875 0.1859477890625 0.793543246875 0.188281115625 0.823077765625 0.18886445000000002 0.8445176015625 0.19615610156250002 0.87383335 0.1944060984375 0.877333715625 0.1827394546875 0.8637697281250001 0.18244779375 0.8353290953125001 0.1795311328125 0.7959497578125 0.17457282968750001 0.7419125625 0.1666978203125 0.6834998703124999 0.16261450156249999 0.6826247859375 0.171656146875 0.6979389734375 0.1736978109375 0.723316765625 0.17719780624999998