9 0.044921875 0.271484375 0.0436197921875 0.273681640625 0.0419921875 0.280517578125 0.0445963546875 0.286865234375 0.0491536453125 0.279052734375 0.044921875 0.271484375
9 0 0 0 0.712646484375 0.001953125 0.7119140625 0.0026041671875 0.705078125 0.0045572921875 0.701416015625 0.00390625 0.691650390625 0.0055338546875 0.685791015625 0.0048828125 0.68115234375 0.006510417187500001 0.677734375 0.0048828125 0.674072265625 0.0045572921875 0.66650390625 0.0087890625 0.64013671875 0.008138020312499999 0.633056640625 0.011067707812499999 0.623291015625 0.010416667187500001 0.618896484375 0.01171875 0.615478515625 0.013997395312499999 0.58740234375 0.015625 0.582275390625 0.0166015625 0.5438232421875 0.0201822921875 0.542236328125 0.0289713546875 0.54443359375 0.0328776046875 0.5439453125 0.0445963546875 0.545166015625 0.05045572968749999 0.547119140625 0.12109375 0.55029296875 0.146484375 0.55029296875 0.1497395828125 0.55126953125 0.158203125 0.55126953125 0.1624348953125 0.55029296875 0.1656901046875 0.5517578125 0.1731770828125 0.552001953125 0.1783854171875 0.55078125 0.1813151046875 0.552734375 0.1858723953125 0.5517578125 0.189453125 0.552978515625 0.19140625 0.5517578125 0.1946614578125 0.5517578125 0.197265625 0.553466796875 0.20377604218749998 0.5537109375 0.208984375 0.552734375 0.21223958281250002 0.553955078125 0.21940104218749998 0.55419921875 0.22493489531250002 0.553466796875 0.22819010468749998 0.554443359375 0.24088541718749998 0.553955078125 0.2431640625 0.5546875 0.2565104171875 0.554443359375 0.2802734375 0.555908203125 0.2877604171875 0.55517578125 0.2975260421875 0.556640625 0.3229166671875 0.55712890625 0.3610026046875 0.56103515625 0.3811848953125 0.561279296875 0.3916015625 0.562744140625 0.4049479171875 0.562255859375 0.4189453125 0.5634765625 0.4508463546875 0.562744140625 0.4521484375 0.56103515625 0.4541015625 0.5478515625 0.4576822921875 0.5458984375 0.4664713546875 0.54443359375 0.4768880203125 0.5498046875 0.4775390625 0.553955078125 0.4820963546875 0.55517578125 0.4830729171875 0.560546875 0.486328125 0.563232421875 0.4957682296875 0.562744140625 0.5139973953125 0.563720703125 0.5221354171875 0.562744140625 0.5263671875 0.56396484375 0.5341796875 0.562744140625 0.544921875 0.564453125 0.55078125 0.562744140625 0.5553385421875 0.564208984375 0.556640625 0.568603515625 0.5615234375 0.56787109375 0.564453125 0.5693359375 0.5670572921875 0.56689453125 0.5719401046875 0.569091796875 0.5768229171875 0.567626953125 0.580078125 0.5693359375 0.5817057296875 0.567626953125 0.5852864578125 0.5673828125 0.5875651046875 0.569580078125 0.5921223953125 0.56884765625 0.5950520828125 0.572998046875 0.5947265625 0.575927734375 0.5966796875 0.576171875 0.59765625 0.575927734375 0.59765625 0.572265625 0.6002604171875 0.569091796875 0.6044921875 0.568359375 0.6038411453125 0.567138671875 0.6057942703125 0.56591796875 0.6077473953125 0.56640625 0.611328125 0.5625 0.6155598953125 0.561767578125 0.6233723953125 0.563232421875 0.6259765625 0.5556640625 0.6298828125 0.553955078125 0.6383463546875 0.553955078125 0.6416015625 0.547119140625 0.650390625 0.548095703125 0.6520182296875 0.550537109375 0.654296875 0.551513671875 0.6578776046875 0.546875 0.6617838546875 0.544921875 0.6695963546875 0.548095703125 0.6725260421875 0.544677734375 0.685546875 0.545166015625 0.6868489578125 0.54052734375 0.6907552078125 0.53759765625 0.69140625 0.535888671875 0.6949869796875 0.535400390625 0.697265625 0.5380859375 0.7054036453125 0.537841796875 0.7106119796875 0.53662109375 0.7125651046875 0.537841796875 0.7154947921875 0.537353515625 0.7210286453125 0.538818359375 0.72265625 0.537353515625 0.732421875 0.54150390625 0.734375 0.54052734375 0.7386067703125 0.54150390625 0.7444661453125 0.545166015625 0.7486979171875 0.544921875 0.7516276046875 0.540283203125 0.7591145828125 0.539794921875 0.763671875 0.54345703125 0.765625 0.540283203125 0.7701822921875 0.539306640625 0.77734375 0.541015625 0.779296875 0.544677734375 0.7819010421875 0.54052734375 0.7867838546875 0.5400390625 0.7880859375 0.54052734375 0.7890625 0.544677734375 0.791015625 0.545654296875 0.7945963546875 0.5458984375 0.7965494796875 0.544677734375 0.8108723953125001 0.544921875 0.8131510421874999 0.54052734375 0.8190104171874999 0.538818359375 0.8274739578125001 0.540283203125 0.8271484375 0.544921875 0.8434244796874999 0.54638671875 0.8453776046874999 0.549560546875 0.845703125 0.55322265625 0.8509114578125001 0.548828125 0.8551432296874999 0.54833984375 0.8570963546874999 0.55078125 0.8590494796874999 0.54736328125 0.8626302078125001 0.546142578125 0.8736979171874999 0.547607421875 0.8753255203125001 0.548828125 0.8756510421874999 0.552734375 0.876953125 0.55419921875 0.8821614578125001 0.552490234375 0.8844401046874999 0.553466796875 0.888671875 0.553466796875 0.8916015625 0.554931640625 0.8974609375 0.5537109375 0.9039713546874999 0.55517578125 0.9078776046874999 0.5615234375 0.9117838546874999 0.5625 0.9202473953125001 0.561767578125 0.9235026046874999 0.56884765625 0.9274088546874999 0.56494140625 0.9313151046874999 0.568603515625 0.935546875 0.566650390625 0.939453125 0.572509765625 0.943359375 0.57275390625 0.9462890625 0.5712890625 0.9495442703125001 0.57177734375 0.9586588546874999 0.5791015625 0.9619140625 0.576171875 0.966796875 0.576904296875 0.9697265625 0.572509765625 0.9755859375 0.57080078125 0.982421875 0.570556640625 0.986328125 0.572998046875 0.9889322921874999 0.5732421875 0.9996744796874999 0.571044921875 0.9996744796874999 0.5283203125 0.9889322921874999 0.5244140625 0.978515625 0.524658203125 0.9622395828125001 0.523193359375 0.9567057296874999 0.522216796875 0.9508463546874999 0.519287109375 0.9475911453125001 0.518798828125 0.9443359375 0.520751953125 0.9423828125 0.5205078125 0.9397786453125001 0.518310546875 0.935546875 0.520751953125 0.9313151046874999 0.51953125 0.9270833328125001 0.520751953125 0.923828125 0.518310546875 0.916015625 0.518798828125 0.912109375 0.520263671875 0.9078776046874999 0.519287109375 0.9020182296874999 0.52294921875 0.896484375 0.524169921875 0.8880208328125001 0.52294921875 0.884765625 0.519287109375 0.8802083328125001 0.52099609375 0.8733723953125001 0.515869140625 0.8616536453125001 0.515869140625 0.8531901046874999 0.514892578125 0.8492838546874999 0.51318359375 0.8375651046874999 0.513916015625 0.833984375 0.5126953125 0.8151041671874999 0.510498046875 0.810546875 0.511962890625 0.806640625 0.5107421875 0.8004557296874999 0.510498046875 0.7942708328125 0.511474609375 0.7838541671875 0.509521484375 0.7799479171875 0.510986328125 0.7757161453125 0.510986328125 0.7526041671875 0.507568359375 0.7486979171875 0.50830078125 0.7366536453125 0.506591796875 0.732421875 0.507568359375 0.7236328125 0.507080078125 0.720703125 0.505615234375 0.7161458328125 0.5068359375 0.705078125 0.504150390625 0.7018229171875 0.50537109375 0.6966145828125 0.504150390625 0.6930338546875 0.505615234375 0.689453125 0.503662109375 0.6813151046875 0.503173828125 0.6780598953125 0.504150390625 0.673828125 0.502685546875 0.6692708328125 0.503173828125 0.662109375 0.5009765625 0.6539713546875 0.502685546875 0.6471354171875 0.5009765625 0.6383463546875 0.50244140625 0.6315104171875 0.49853515625 0.6223958328125 0.5 0.5953776046875 0.5 0.5843098953125 0.49755859375 0.5748697921875 0.498291015625 0.5686848953125 0.4970703125 0.5520833328125 0.49853515625 0.5413411453125 0.495361328125 0.5367838546875 0.49609375 0.5348307296875 0.493896484375 0.5325520828125 0.4931640625 0.5211588546875 0.492919921875 0.5104166671875 0.490966796875 0.5048828125 0.491455078125 0.501953125 0.490234375 0.4983723953125 0.491943359375 0.494140625 0.490966796875 0.4908854171875 0.492919921875 0.4501953125 0.493408203125 0.439453125 0.491943359375 0.4348958328125 0.4853515625 0.4195963546875 0.484375 0.4163411453125 0.4833984375 0.4036458328125 0.484375 0.3971354171875 0.483154296875 0.3844401046875 0.48291015625 0.376953125 0.47998046875 0.3720703125 0.481201171875 0.3623046875 0.4794921875 0.3557942703125 0.47998046875 0.345703125 0.47802734375 0.3404947921875 0.4794921875 0.3310546875 0.477783203125 0.3248697921875 0.478515625 0.318359375 0.476806640625 0.3095703125 0.476806640625 0.2991536453125 0.474853515625 0.2955729171875 0.475830078125 0.291015625 0.47509765625 0.2867838546875 0.475830078125 0.283203125 0.474365234375 0.271484375 0.474609375 0.2679036453125 0.47314453125 0.2630208328125 0.474365234375 0.2548828125 0.472412109375 0.24739583281250002 0.473388671875 0.244140625 0.472412109375 0.2333984375 0.47265625 0.22395833281250002 0.4716796875 0.220703125 0.47265625 0.205078125 0.468994140625 0.197265625 0.46826171875 0.1692708328125 0.46826171875 0.1627604171875 0.466796875 0.1223958328125 0.464599609375 0.064453125 0.458740234375 0.0458984375 0.46142578125 0.037109375 0.4619140625 0.0296223953125 0.4609375 0.02734375 0.457763671875 0.029296875 0.443359375 0.0286458328125 0.4361572265625 0.0309244796875 0.427734375 0.03125 0.40771484375 0.0328776046875 0.404541015625 0.033203125 0.39404296875 0.0348307296875 0.388671875 0.0345052078125 0.37841796875 0.0384114578125 0.358154296875 0.0403645828125 0.31396484375 0.0439453125 0.29150390625 0.0439453125 0.258544921875 0.0462239578125 0.2568359375 0.048828125 0.25732421875 0.05143229218749999 0.255859375 0.0475260421875 0.2548828125 0.05045572968749999 0.243408203125 0.052734375 0.24365234375 0.0546875 0.24169921875 0.06087239531250001 0.23974609375 0.06803385468749999 0.240966796875 0.07259114531250001 0.23681640625 0.07747395781250001 0.2373046875 0.07975260468749999 0.241455078125 0.087890625 0.241455078125 0.091796875 0.240478515625 0.09700520781250001 0.24267578125 0.1025390625 0.23974609375 0.1061197921875 0.240234375 0.1149088546875 0.245849609375 0.1181640625 0.2431640625 0.1302083328125 0.242919921875 0.134765625 0.240234375 0.126953125 0.237548828125 0.1194661453125 0.2373046875 0.1145833328125 0.235107421875 0.1002604171875 0.235107421875 0.09440104218749999 0.236328125 0.09114583281250001 0.239013671875 0.08658854218749999 0.238037109375 0.083984375 0.236083984375 0.0732421875 0.23681640625 0.064453125 0.232421875 0.05696614531250001 0.2353515625 0.052734375 0.234375 0.0470377609375 0.235107421875 0.0436197921875 0.234130859375 0.0423177078125 0.231689453125 0.0426432296875 0.20068359375 0.0436197921875 0.19140625 0.046875 0.178955078125 0.0475260421875 0.16162109375 0.0465494796875 0.157470703125 0.0475260421875 0.142333984375 0.048828125 0.138427734375 0.0481770828125 0.134521484375 0.0498046875 0.131103515625 0.0498046875 0.122802734375 0.0517578125 0.115966796875 0.05110677031250001 0.1045969234375 0.05338541718749999 0.0986328125 0.05338541718749999 0.087646484375 0.056640625 0.081298828125 0.056640625 0.067626953125 0.05338541718749999 0.064208984375 0.05631510468749999 0.053466796875 0.05436197968749999 0.02490234375 0.056640625 0.021240234375 0.05598958281250001 0.017822265625 0.05794270781250001 0.007080078125 0.05729166718749999 0 0 0
9 0.1015625 0.28515625 0.119140625 0.287109375 0.162109375 0.289306640625 0.2994791671875 0.29931640625 0.3287760421875 0.300537109375 0.353515625 0.30322265625 0.3857421875 0.30419921875 0.3916015625 0.302734375 0.3977864578125 0.302734375 0.3968098953125 0.293212890625 0.3909505203125 0.29052734375 0.3772786453125 0.28955078125 0.3753255203125 0.287353515625 0.3727213546875 0.27734375 0.3678385421875 0.276611328125 0.3629557296875 0.2734375 0.3610026046875 0.268798828125 0.3492838546875 0.26318359375 0.3388671875 0.26513671875 0.3229166671875 0.261962890625 0.3131510421875 0.2626953125 0.2975260421875 0.260986328125 0.294921875 0.259765625 0.28125 0.2587890625 0.2750651046875 0.254150390625 0.2643229171875 0.251708984375 0.23372395781250002 0.249755859375 0.21419270781250002 0.246337890625 0.171875 0.244873046875 0.15625 0.24267578125 0.150390625 0.240966796875 0.1448567703125 0.24169921875 0.130859375 0.236328125 0.1220703125 0.236083984375 0.1041666671875 0.232177734375 0.09407552031250001 0.23486328125 0.08658854218749999 0.235107421875 0.07552083281250001 0.234130859375 0.06022135468749999 0.231201171875 0.0494791671875 0.23291015625 0.04296875 0.236328125 0.044921875 0.26171875 0.0445963546875 0.2802734375 0.0475260421875 0.282958984375 0.1015625 0.28515625
9 0.4388020828125 0.3095703125 0.443359375 0.31005859375 0.453125 0.308349609375 0.47265625 0.308837890625 0.4931640625 0.312255859375 0.4993489578125 0.3115234375 0.5013020828125 0.312744140625 0.501953125 0.31591796875 0.5032552078125 0.312255859375 0.5081380203125 0.31005859375 0.5110677078125 0.312744140625 0.509765625 0.314453125 0.5139973953125 0.31787109375 0.5130208328125 0.322998046875 0.5146484375 0.326171875 0.5192057296875 0.329833984375 0.515625 0.33349609375 0.5166015625 0.337890625 0.5152994796875 0.34326171875 0.5133463546875 0.344970703125 0.5162760421875 0.357421875 0.517578125 0.35986328125 0.5244140625 0.357666015625 0.5279947921875 0.35791015625 0.5315755203125 0.361083984375 0.5299479171875 0.364501953125 0.5305989578125 0.373046875 0.533203125 0.375244140625 0.5354817703125 0.37548828125 0.5309244796875 0.385009765625 0.533203125 0.387451171875 0.5611979171875 0.389404296875 0.5677083328125 0.390625 0.5709635421875 0.392333984375 0.6695963546875 0.3994140625 0.6770833328125 0.39892578125 0.6809895828125 0.400390625 0.7099609375 0.401611328125 0.7259114578125 0.403076171875 0.7278645828125 0.404052734375 0.763671875 0.405029296875 0.7659505203125 0.40087890625 0.7646484375 0.39794921875 0.7600911453125 0.394775390625 0.7548828125 0.397216796875 0.7516276046875 0.39599609375 0.7503255203125 0.3916015625 0.7477213546875 0.388671875 0.7483723953125 0.384765625 0.7353515625 0.37353515625 0.7327473953125 0.36083984375 0.7249348953125 0.3486328125 0.7825520828125 0.341796875 0.7848307296875 0.34228515625 0.7884114578125 0.34033203125 0.7945963546875 0.343017578125 0.7936197921875 0.345947265625 0.7955729171875 0.349853515625 0.7932942703125 0.353759765625 0.794921875 0.356689453125 0.796875 0.353515625 0.7998046875 0.3525390625 0.8024088546874999 0.353515625 0.8056640625 0.346435546875 0.8102213546874999 0.34716796875 0.8128255203125001 0.345458984375 0.8138020828125001 0.34228515625 0.818359375 0.341064453125 0.8206380203125001 0.34326171875 0.8229166671874999 0.34326171875 0.826171875 0.341552734375 0.828125 0.345458984375 0.8297526046874999 0.34619140625 0.8326822921874999 0.341796875 0.8414713546874999 0.340087890625 0.845703125 0.341552734375 0.849609375 0.341064453125 0.8557942703125001 0.34228515625 0.8658854171874999 0.341796875 0.8889973953125001 0.34326171875 0.8912760421874999 0.341796875 0.9095052078125001 0.345703125 0.916015625 0.345947265625 0.9215494796874999 0.34423828125 0.9309895828125001 0.34521484375 0.9420572921874999 0.3447265625 0.9449869796874999 0.345703125 0.9459635421874999 0.34912109375 0.9485677078125001 0.349853515625 0.9527994796874999 0.349365234375 0.9518229171874999 0.345458984375 0.953125 0.34326171875 0.9580078125 0.341796875 0.9664713546874999 0.34375 0.9671223953125001 0.342529296875 0.9664713546874999 0.33984375 0.9615885421874999 0.341064453125 0.9544270828125001 0.340087890625 0.9524739578125001 0.3369140625 0.9488932296874999 0.33447265625 0.9440104171874999 0.322021484375 0.9397786453125001 0.31884765625 0.935546875 0.308349609375 0.931640625 0.3046875 0.9235026046874999 0.30419921875 0.9195963546874999 0.296875 0.9124348953125001 0.29833984375 0.908203125 0.29541015625 0.8492838546874999 0.282470703125 0.8404947921874999 0.282958984375 0.83203125 0.281494140625 0.8229166671874999 0.281494140625 0.7483723953125 0.270263671875 0.6162109375 0.262939453125 0.6139322921875 0.263427734375 0.609375 0.267333984375 0.6057942703125 0.26806640625 0.6018880203125 0.26611328125 0.5904947921875 0.26513671875 0.583984375 0.2626953125 0.572265625 0.261474609375 0.568359375 0.26220703125 0.5205078125 0.261962890625 0.4921875 0.2607421875 0.4817708328125 0.26318359375 0.4658203125 0.264892578125 0.458984375 0.27001953125 0.439453125 0.27783203125 0.4283854171875 0.279052734375 0.423828125 0.27783203125 0.4235026046875 0.279541015625 0.431640625 0.299072265625 0.4368489578125 0.30810546875 0.4388020828125 0.3095703125
9 0.05533854218749999 0.282958984375 0.1912978515625 0.29150390625 0.2591145828125 0.29638671875 0.2809244796875 0.298828125 0.3274739578125 0.30078125 0.3649088546875 0.30615234375 0.37109375 0.3056640625 0.3763020828125 0.306640625 0.3870442703125 0.306640625 0.3971354171875 0.3056640625 0.4000651046875 0.302734375 0.3981119796875 0.297607421875 0.396484375 0.282470703125 0.392578125 0.27392578125 0.3899739578125 0.27392578125 0.3824869796875 0.271240234375 0.3684895828125 0.2724609375 0.3642578125 0.27099609375 0.361328125 0.267333984375 0.3564453125 0.266845703125 0.3499348953125 0.262939453125 0.3372395828125 0.26416015625 0.3330078125 0.2626953125 0.3157552078125 0.261962890625 0.2859700515625 0.258056640625 0.2809244796875 0.257080078125 0.2786458328125 0.25439453125 0.2718098953125 0.251708984375 0.2431640625 0.25048828125 0.21875 0.246826171875 0.20345052031250002 0.24755859375 0.1940104171875 0.24609375 0.1875 0.246337890625 0.1624348953125 0.24267578125 0.1529947921875 0.242431640625 0.1305338546875 0.236083984375 0.1194661453125 0.235595703125 0.1044921875 0.232177734375 0.099609375 0.232177734375 0.09440104218749999 0.23486328125 0.08756510468749999 0.23583984375 0.08430989531250001 0.23486328125 0.07194010468749999 0.234375 0.06705729218749999 0.232177734375 0.06022135468749999 0.231201171875 0.056640625 0.232421875 0.05078125 0.232421875 0.0472005203125 0.235595703125 0.0442708328125 0.236083984375 0.0458984375 0.2578125 0.0452473953125 0.279052734375 0.0475260421875 0.281005859375 0.05533854218749999 0.282958984375
9 0.3766276046875 0.1357421875 0.390625 0.139892578125 0.4033203125 0.141845703125 0.4085286453125 0.141357421875 0.4163411453125 0.142333984375 0.4195963546875 0.1435546875 0.4241536453125 0.14306640625 0.4309895828125 0.1455078125 0.4352213546875 0.150146484375 0.439453125 0.1650390625 0.4459635421875 0.174072265625 0.4508463546875 0.185302734375 0.4524739578125 0.182861328125 0.456814128125 0.18115234375 0.4752604171875 0.182373046875 0.4817708328125 0.183837890625 0.4912109375 0.18310546875 0.4964192703125 0.184326171875 0.5068359375 0.182861328125 0.5094401046875 0.183837890625 0.5227864578125 0.183349609375 0.53125 0.18408203125 0.5374348953125 0.183349609375 0.5403645828125 0.184326171875 0.5582682296875 0.185302734375 0.5673828125 0.18359375 0.5712890625 0.1845703125 0.5764973953125 0.1884765625 0.5888671875 0.191162109375 0.6188151046875 0.194580078125 0.6259765625 0.193603515625 0.6529947921875 0.19921875 0.662109375 0.1962890625 0.6689453125 0.197509765625 0.673828125 0.20068359375 0.6754557296875 0.2001953125 0.6813151046875 0.202392578125 0.6858723953125 0.20166015625 0.6884765625 0.20263671875 0.7063802078125 0.203857421875 0.7093098953125 0.205078125 0.7109375 0.20947265625 0.7171223953125 0.212890625 0.7180989578125 0.205078125 0.7151692703125 0.193115234375 0.7171223953125 0.185546875 0.7174479171875 0.165771484375 0.7203776046875 0.159912109375 0.728515625 0.16064453125 0.7314453125 0.161865234375 0.7373046875 0.1611328125 0.744140625 0.16259765625 0.7932942703125 0.164794921875 0.7981770828125 0.166259765625 0.8040364578125001 0.166259765625 0.8134765625 0.16796875 0.8258463546874999 0.166748046875 0.8271484375 0.165771484375 0.826171875 0.14208984375 0.8219401046874999 0.139892578125 0.8199869796874999 0.134521484375 0.8138020828125001 0.1318359375 0.8125 0.12646484375 0.810546875 0.1240234375 0.7727864578125 0.123291015625 0.7705078125 0.12255859375 0.7669270828125 0.119140625 0.7552083328125 0.11767578125 0.7467447921875 0.115478515625 0.7447916671875 0.11279296875 0.7438151046875 0.106689453125 0.7395833328125 0.107177734375 0.7428385421875 0.110107421875 0.7428385421875 0.113525390625 0.7408854171875 0.114990234375 0.7369791671875 0.113525390625 0.7317708328125 0.114501953125 0.724609375 0.11328125 0.7213541671875 0.112060546875 0.7184244796875 0.10888671875 0.7135416671875 0.107666015625 0.7057291671875 0.107421875 0.6975911453125 0.10400390625 0.6774088546875 0.104736328125 0.6735026046875 0.10302734375 0.6673177078125 0.102294921875 0.6624348953125 0.102783203125 0.548828125 0.09521484375 0.5335286453125 0.095703125 0.521484375 0.093017578125 0.4794921875 0.092041015625 0.474609375 0.091064453125 0.4505208328125 0.091064453125 0.3922526046875 0.093017578125 0.3889973953125 0.09423828125 0.3844401046875 0.093505859375 0.3795572921875 0.099365234375 0.3798828125 0.103271484375 0.3766276046875 0.104736328125 0.3740234375 0.10888671875 0.3723958328125 0.11474609375 0.3723958328125 0.123046875 0.3740234375 0.131103515625 0.3766276046875 0.1357421875
9 0.06412760468749999 0.1123046875 0.1988932296875 0.123046875 0.20540364531250002 0.122314453125 0.20865885468749998 0.12353515625 0.21647135468749998 0.123291015625 0.2216796875 0.121826171875 0.22819010468749998 0.123779296875 0.2731119796875 0.12548828125 0.2913411453125 0.1279296875 0.2945963546875 0.1298828125 0.30078125 0.12890625 0.3098958328125 0.13134765625 0.3258463546875 0.1328125 0.3291015625 0.126953125 0.3248697921875 0.123291015625 0.3235677078125 0.118896484375 0.3212890625 0.116455078125 0.3212890625 0.10302734375 0.3199869796875 0.09521484375 0.318359375 0.09228515625 0.31640625 0.09130859375 0.3151041671875 0.087646484375 0.296875 0.083984375 0.283203125 0.074462890625 0.2796223953125 0.076171875 0.2513020828125 0.076416015625 0.24609375 0.075439453125 0.23372395781250002 0.075927734375 0.228515625 0.07470703125 0.21354166718749998 0.073974609375 0.20670572968749998 0.07470703125 0.1806640625 0.07275390625 0.1780598953125 0.07373046875 0.1735026046875 0.0732421875 0.1702473953125 0.07568359375 0.1656901046875 0.076171875 0.1516927078125 0.073974609375 0.1370442703125 0.069091796875 0.1121650390625 0.069580078125 0.1022135421875 0.069091796875 0.08854166718749999 0.06689453125 0.06119791718749999 0.066650390625 0.05794270781250001 0.0693359375 0.0556640625 0.083251953125 0.05436197968749999 0.094482421875 0.0546875 0.107421875 0.056640625 0.110107421875 0.06412760468749999 0.1123046875
9 0.6168619796875 0.617919921875 0.6201171875 0.630126953125 0.6256510421875 0.641357421875 0.6263020828125 0.6474609375 0.630859375 0.653076171875 0.6389973953125 0.65283203125 0.646484375 0.654541015625 0.6497395828125 0.653564453125 0.6539713546875 0.65380859375 0.6588541671875 0.651611328125 0.6735026046875 0.651123046875 0.677734375 0.6533203125 0.6842447921875 0.65087890625 0.689453125 0.65283203125 0.6936848953125 0.653076171875 0.6969401046875 0.651611328125 0.7014973953125 0.65185546875 0.705078125 0.65087890625 0.7093098953125 0.65234375 0.7132161453125 0.650634765625 0.720703125 0.6513671875 0.7239583328125 0.652587890625 0.7278645828125 0.651611328125 0.7320963546875 0.6533203125 0.7366536453125 0.653076171875 0.7392578125 0.654052734375 0.7985026046875 0.6533203125 0.8046875 0.65576171875 0.8154296875 0.657958984375 0.8212890625 0.66064453125 0.8662109375 0.660888671875 0.8805338546874999 0.661865234375 0.8844401046874999 0.6630859375 0.9313151046874999 0.6650390625 0.94140625 0.663818359375 0.9469401046874999 0.664794921875 0.9658203125 0.664306640625 0.9703776046874999 0.66650390625 0.9781901046874999 0.66748046875 0.9925130203125001 0.6650390625 0.9996744796874999 0.6611328125 0.9996744796874999 0.593994140625 0.9938151046874999 0.590576171875 0.9889322921874999 0.5908203125 0.9869791671874999 0.589111328125 0.982421875 0.5927734375 0.9763997390625001 0.592041015625 0.9739583328125001 0.589599609375 0.974609375 0.587646484375 0.9661458328125001 0.586669921875 0.955078125 0.58251953125 0.947265625 0.58154296875 0.9358723953125001 0.58203125 0.916015625 0.56689453125 0.9147135421874999 0.563232421875 0.9163411453125001 0.560546875 0.908203125 0.556396484375 0.9046223953125001 0.557373046875 0.9026692703125001 0.556884765625 0.904296875 0.55224609375 0.8968098953125001 0.55078125 0.892578125 0.54638671875 0.8863932296874999 0.5478515625 0.8792317703125001 0.5458984375 0.876953125 0.54345703125 0.7757161453125 0.53662109375 0.7542317703125 0.536865234375 0.748046875 0.53857421875 0.7272135421875 0.538818359375 0.7161458328125 0.535888671875 0.708984375 0.53515625 0.6897786453125 0.535400390625 0.6858723953125 0.53662109375 0.6787109375 0.54248046875 0.6695963546875 0.5478515625 0.6653645828125 0.54833984375 0.662109375 0.546875 0.6516927078125 0.546875 0.6429036453125 0.547607421875 0.6350911453125 0.550048828125 0.6298828125 0.5498046875 0.6145833328125 0.5517578125 0.6080729171875 0.556396484375 0.6028645828125 0.568115234375 0.6018880203125 0.576416015625 0.6061197921875 0.586669921875 0.607421875 0.59423828125 0.6168619796875 0.617919921875
9 0 0.9296875 0.009440104687500001 0.928955078125 0.044921875 0.9296875 0.06803385468749999 0.924072265625 0.07194010468749999 0.920654296875 0.1041666671875 0.90966796875 0.1103515625 0.90869140625 0.1442057296875 0.908203125 0.1529947921875 0.9091796875 0.1624348953125 0.908935546875 0.1780598953125 0.90966796875 0.181640625 0.910888671875 0.1858723953125 0.910400390625 0.189453125 0.912109375 0.1927083328125 0.911376953125 0.1962890625 0.912353515625 0.2874348953125 0.91748046875 0.2906901046875 0.918701171875 0.2952473953125 0.91845703125 0.2985026046875 0.920166015625 0.3359375 0.921875 0.34765625 0.923828125 0.37841796875 0.924560546875 0.3916015625 0.9267578125 0.3922526046875 0.927734375 0.4085286453125 0.9287109375 0.4114583328125 0.927490234375 0.4156901046875 0.9287109375 0.4186197921875 0.927978515625 0.4228515625 0.928955078125 0.43359375 0.9287109375 0.4391276046875 0.9306640625 0.4625651046875 0.932373046875 0.466796875 0.931884765625 0.4703776046875 0.93359375 0.4856770828125 0.934814453125 0.4905598953125 0.934326171875 0.494140625 0.935791015625 0.4977213546875 0.93505859375 0.5013020828125 0.937255859375 0.5065104171875 0.9365234375 0.5091145828125 0.937255859375 0.5211588546875 0.936767578125 0.5403645828125 0.937744140625 0.5953776046875 0.943115234375 0.5989583328125 0.941162109375 0.6031901046875 0.94384765625 0.6057942703125 0.943115234375 0.6106770828125 0.944580078125 0.6149088546875 0.943359375 0.6214192703125 0.943115234375 0.6266276046875 0.945068359375 0.6311848953125 0.9443359375 0.634765625 0.945068359375 0.6376953125 0.944091796875 0.6416015625 0.945068359375 0.6461588546875 0.9443359375 0.6497395828125 0.9453125 0.6533203125 0.94482421875 0.6569010421875 0.94677734375 0.6578776046875 0.94873046875 0.6692708328125 0.946044921875 0.6744791671875 0.9482421875 0.681640625 0.94970703125 0.685546875 0.949462890625 0.6891276046875 0.951416015625 0.7822265625 0.9580078125 0.7828776046875 0.958984375 0.7887369796875 0.9580078125 0.791015625 0.95947265625 0.7955729171875 0.958251953125 0.7985026046875 0.9599609375 0.8033854171874999 0.958984375 0.8063151046874999 0.9599609375 0.8098958328125001 0.959228515625 0.814453125 0.960205078125 0.8170572921874999 0.959228515625 0.8343098953125001 0.958740234375 0.8375651046874999 0.960205078125 0.8411458328125001 0.959228515625 0.8453776046874999 0.960693359375 0.8473307296874999 0.9599609375 0.8548177078125001 0.96044921875 0.892578125 0.966796875 0.9287109375 0.967529296875 0.9391276046874999 0.96875 0.9479817703125001 0.96826171875 0.955078125 0.96923828125 0.9778645828125001 0.96923828125 0.9847005203125001 0.97119140625 0.986328125 0.974853515625 0.98828125 0.973388671875 0.9912109375 0.973388671875 0.9931640625 0.974853515625 0.99609375 0.974609375 0.9996744796874999 0.970458984375 0.9996744796874999 0.95458984375 0.9850260421874999 0.95458984375 0.9820963546874999 0.95361328125 0.947265625 0.950439453125 0.9339192703125001 0.950927734375 0.9098307296874999 0.949462890625 0.8977864578125001 0.94970703125 0.896484375 0.947021484375 0.876953125 0.945068359375 0.8649088546874999 0.9453125 0.861328125 0.943359375 0.8343098953125001 0.94091796875 0.8304036453125001 0.939697265625 0.8277994796874999 0.9404296875 0.8043619796874999 0.939697265625 0.69921875 0.932861328125 0.697265625 0.93115234375 0.693359375 0.931640625 0.6897786453125 0.9296875 0.6829427078125 0.933837890625 0.6809895828125 0.933837890625 0.6656901046875 0.927490234375 0.6569010421875 0.927490234375 0.6552734375 0.9287109375 0.6507161453125 0.927001953125 0.6468098953125 0.927490234375 0.6419270828125 0.926513671875 0.6402994796875 0.927490234375 0.626953125 0.925048828125 0.625 0.92529296875 0.6243489578125 0.928466796875 0.6207682296875 0.9296875 0.6188151046875 0.9326171875 0.6110026046875 0.93310546875 0.6070963546875 0.931640625 0.6031901046875 0.93505859375 0.5992838546875 0.933837890625 0.595703125 0.935546875 0.5930989578125 0.933837890625 0.5904947921875 0.93359375 0.5843098953125 0.936279296875 0.58203125 0.932861328125 0.580078125 0.924560546875 0.5784505203125 0.9267578125 0.576171875 0.927001953125 0.5716145828125 0.923828125 0.5696614578125 0.9208984375 0.564453125 0.918701171875 0.5556640625 0.9189453125 0.552734375 0.92041015625 0.5485026046875 0.9208984375 0.5384114578125 0.916015625 0.5348307296875 0.915283203125 0.5026041671875 0.914306640625 0.494140625 0.91259765625 0.4886067703125 0.912841796875 0.462890625 0.910400390625 0.4456380203125 0.910400390625 0.4358723953125 0.907958984375 0.30712890625 0.899169921875 0.2757161453125 0.89599609375 0.2646484375 0.89599609375 0.259765625 0.894775390625 0.22037760468749998 0.893798828125 0.216796875 0.892578125 0.1819661453125 0.888916015625 0.1383463546875 0.88671875 0.115234375 0.886474609375 0.1044921875 0.890380859375 0.091796875 0.8916015625 0.08658854218749999 0.89599609375 0.08365885468749999 0.90283203125 0.07454427031250001 0.903564453125 0.06087239531250001 0.902587890625 0.05501302031250001 0.9033203125 0.0299479171875 0.90087890625 0.0205078125 0.898193359375 0.017578125 0.895751953125 0.013997395312499999 0.895751953125 0.010416667187500001 0.897216796875 0 0.89794921875 0 0.9296875
11 0.1481119796875 0.777587890625 0.185546875 0.80322265625 0.20833333281250002 0.814208984375 0.4541015625 0.8544921875 0.4231770828125 0.79345703125 0.4150390625 0.731201171875 0.5045572921875 0.71533203125 0.5322265625 0.77880859375 0.5745442703125 0.849609375 0.6363932296875 0.84716796875 0.6949869796875 0.860595703125 0.7991536453125 0.9228515625 0.9619140625 0.947265625 0.9944661453125001 0.72509765625 0.6608072921875 0.711669921875 0.6494140625 0.672607421875 0.6070963546875 0.631103515625 0.4427083328125 0.621337890625 0.23600260468749998 0.61279296875 0.06184895781250001 0.606689453125 0.06184895781250001 0.72509765625 0.1334635421875 0.721435546875 0.1481119796875 0.777587890625
8 0.8040364578125001 0.816650390625 0.9130859375 0.806884765625 0.9944661453125001 0.86181640625 0.99609375 0.762939453125 0.8951822921874999 0.72021484375 0.7975260421875 0.7373046875 0.7405598953125 0.750732421875 0.6510416671875 0.770263671875 0.5973307296875 0.79345703125 0.5908203125 0.821533203125 0.634765625 0.830078125 0.8040364578125001 0.816650390625
8 0.22786458281250002 0.426025390625 0.24739583281250002 0.421142578125 0.2734375 0.4248046875 0.2978515625 0.44921875 0.3352864578125 0.469970703125 0.3824869796875 0.469970703125 0.4134114578125 0.44189453125 0.4134114578125 0.419921875 0.4052734375 0.39794921875 0.3759765625 0.37353515625 0.3190104171875 0.369873046875 0.2783203125 0.372314453125 0.20670572968749998 0.345458984375 0.1627604171875 0.343017578125 0.1253255203125 0.377197265625 0.126953125 0.430908203125 0.1611328125 0.452880859375 0.1643880203125 0.44921875 0.21809895781250002 0.438232421875 0.22786458281250002 0.426025390625
8 0.6754557296875 0.400390625 0.5843098953125 0.380859375 0.4833984375 0.377197265625 0.4752604171875 0.394287109375 0.4996744796875 0.478515625 0.5126953125 0.482177734375 0.5908203125 0.484619140625 0.6363932296875 0.4931640625 0.6819661453125 0.484619140625 0.7177734375 0.482177734375 0.7698567703125 0.491943359375 0.8675130203125001 0.5029296875 0.8984375 0.487060546875 0.9212239578125001 0.49072265625 0.9440104171874999 0.498046875 0.9879557296874999 0.48095703125 0.9537760421874999 0.41748046875 0.9733072921874999 0.43212890625 0.986328125 0.418701171875 0.9830729171874999 0.39306640625 0.9619140625 0.39306640625 0.9407552078125001 0.369873046875 0.9098307296874999 0.352783203125 0.8968098953125001 0.347900390625 0.849609375 0.355224609375 0.9000651046874999 0.416259765625 0.8072916671874999 0.406494140625 0.6754557296875 0.400390625
8 0.126953125 0.15625 0.09928385468749999 0.13671875 0.07486979218749999 0.142822265625 0.07649739531250001 0.169677734375 0.0830078125 0.17578125 0.1302083328125 0.17578125 0.126953125 0.15625
8 0.21321614531250002 0.234375 0.2294921875 0.235595703125 0.283203125 0.240478515625 0.3662109375 0.25146484375 0.3694661453125 0.244140625 0.3776041671875 0.185546875 0.3629557296875 0.17578125 0.2848307296875 0.194091796875 0.29296875 0.18798828125 0.3076171875 0.1416015625 0.24088541718749998 0.1220703125 0.20833333281250002 0.16357421875 0.263671875 0.1708984375 0.2555338546875 0.191650390625 0.21321614531250002 0.234375
8 0.5485026046875 0.24658203125 0.56640625 0.233154296875 0.6298828125 0.22216796875 0.7014973953125 0.25634765625 0.7747395828125 0.272216796875 0.7731119796875 0.223388671875 0.8365885421874999 0.2294921875 0.9016927078125001 0.24658203125 0.8951822921874999 0.205078125 0.7926432296875 0.1904296875 0.76171875 0.21240234375 0.5403645828125 0.21484375 0.4850260421875 0.19775390625 0.4036458328125 0.18310546875 0.4248046875 0.247802734375 0.5501302078125 0.260009765625 0.5485026046875 0.24658203125