4 0.45191207968749997 0.7272379156250001 0.4421699015625 0.6840121203125 0.410738378125 0.6467145546874999 0.39639702187500003 0.6286939359375 0.47959154843749996 0.61536619375 0.5148717890625 0.597624578125 0.5070589937500001 0.547088071875 0.4496349484375 0.536690834375 0.4530602609375 0.56883889375 0.42133766406250006 0.5559846171875 0.3190495703125 0.5584045718749999 0.2832565734375 0.6037643671875 0.28802948281249996 0.6774878328125 0.278079540625 0.72028815625 0.269030275 0.74635835625 0.3384909171875 0.7671696640625 0.3421969296875 0.73445665 0.37487135 0.69313304375 0.396935803125 0.702121321875 0.4019307546875 0.7726694359375 0.468341478125 0.7762496999999999 0.44025589531250003 0.7519498609374999 0.45191207968749997 0.7272379156250001
4 0.5909556765625 0.66569833125 0.56947799375 0.6280334234375 0.5934617953125 0.5892929859375 0.5963536515625 0.5682229265625 0.5673059031250001 0.5576827015625 0.5428129937499999 0.5605942921875 0.5221508171875 0.5949426984375 0.515024834375 0.615716678125 0.4708269140625 0.6190078156250001 0.444459321875 0.6309911515625 0.440827325 0.6626457171875 0.4657989921875 0.711191209375 0.495227153125 0.7568574515625001 0.583332278125 0.7747180046875 0.590748975 0.7295011984374999 0.5909556765625 0.66569833125
4 0.2536837796875 0.86441036875 0.2876954390625 0.8242441406250001 0.2082809515625 0.8038001734375 0.12328565625000001 0.8038865484375 0.10504101875 0.8603982546875001 0.1649915609375 0.875226421875 0.2536837796875 0.86441036875
4 0.58966980625 0.8666325234375 0.5468728140625 0.829604075 0.5005871749999999 0.8019040687500001 0.4135232484375 0.7894344531249999 0.39309743125 0.7975787765625 0.3311585578125 0.851746534375 0.2559195265625 0.8932846109374999 0.2728670265625 0.9348872437500001 0.47246894375000004 0.940335759375 0.6049940125 0.9517300671875001 0.7106280640625 0.9623075999999999 0.68647055 0.9021191500000001 0.58966980625 0.8666325234375
3 0.5469116796875 0.28141204218750004 0.6252056296874999 0.2773142546875 0.6792147046875 0.295981703125 0.7371568500000001 0.2989697859375 0.707289928125 0.2798635140625 0.67950041875 0.2513296296875 0.5994834796874999 0.198934996875 0.5606248796875 0.16643645468749999 0.5550635171875 0.20540148593750002 0.5426319125 0.22091706718749998 0.6276974421875 0.2619650890625 0.579561128125 0.260726321875 0.5056493484375 0.26300304531249996 0.4259387890625 0.24679312343749998 0.4634394515625 0.1972979921875 0.41508109375 0.19923457656250002 0.3904311671875 0.24750106718749998 0.3571596328125 0.2770830328125 0.297060753125 0.2643715 0.23428736875 0.249345696875 0.10295652500000001 0.26143467187499997 0.11413525 0.28412153125 0.15134987187499999 0.2792784484375 0.20713526875000002 0.2725433265625 0.24383211562499998 0.2751094203125 0.2812004328125 0.288358484375 0.33691683281249996 0.302890815625 0.395451075 0.2974115390625 0.49677198437500003 0.28854219531249997 0.5469116796875 0.28141204218750004
8 0.8169988546875 0.437243053125 0.807328590625 0.4495378921875 0.797964875 0.4574489046875 0.79214589375 0.458999896875 0.7894027375 0.4585633390625 0.7865994 0.456654153125 0.7834895140625 0.45912879375 0.786292853125 0.4610379796875 0.7899500109375001 0.4600700296875 0.794103353125 0.46133940625000003 0.79991669375 0.4715353859375 0.8052156734375 0.47508750468749994 0.81068610625 0.4808542453125 0.8139175062499999 0.4859749421875 0.8146532640625 0.48945270625 0.8214907296874999 0.49433609062499995 0.822824853125 0.49858990781249996 0.826653465625 0.49983657656249997 0.8353882078125 0.5055868421875 0.8399026375 0.51569199375 0.8401433656249999 0.5215825093750001 0.8434258546875 0.5259725703125 0.843872096875 0.5335906140625 0.8423188796875 0.541803053125 0.8452267000000001 0.5515511234375 0.8428696046875 0.55725998125 0.84358833125 0.5609812921875 0.8457422156250001 0.5628450640625 0.8613132734375 0.568828634375 0.869874259375 0.5630641203125 0.870368140625 0.5560012890625 0.8958807984374999 0.54114320625 0.90237535625 0.54159735 0.910374340625 0.54386985 0.91468095625 0.5429473140625001 0.9194996312500001 0.5393684796875 0.9207803625000001 0.535052775 0.9210164875 0.5223429734375 0.9749926609375 0.4690936828125 0.9756057546875001 0.46032602968749997 0.9729897515625 0.4557378390625 0.9675715593750001 0.45389054218749997 0.9591286359375 0.4533001546875 0.9552841421875 0.45694711093749996 0.9514384984375001 0.45594398593749996 0.9483286140624999 0.4584186265625 0.9435598781250001 0.45661674375 0.9395598109375 0.45315545312500005 0.932535009375 0.45095107343749996 0.92952730625 0.45196443906250006 0.9058856921875 0.4307323125 0.9020911390625 0.4289985515625 0.8979979796875 0.42920180312499995 0.894741609375 0.4267714640625 0.8971316171874999 0.41592543437499996 0.8941568234374999 0.411801628125 0.8941727046875 0.40690800312500003 0.89299300625 0.40511235156250003 0.89169409375 0.4050215234375 0.8899342125 0.4068563546875 0.8843275359374999 0.4030379828125 0.8780555218749999 0.404067821875 0.8761412156249999 0.4034444875 0.8729268484375 0.39808024375 0.8694740546874999 0.39612564375 0.863080528125 0.38956014375 0.8544320875 0.3872422296875 0.851698021875 0.3890089390625 0.8497008640624999 0.3989034921875 0.8405244828124999 0.40413550000000004 0.8398932078125 0.4084966203125 0.834511378125 0.41546238906250005 0.8327015546875 0.42267793749999993 0.826345540625 0.4295755859375 0.8254917203125001 0.432452721875 0.8216642578125001 0.43585613125 0.8197329218749999 0.4354763421875 0.8169988546875 0.437243053125
8 0.346755371875 0.3908999015625 0.3517125921875 0.394672859375 0.3791328796875 0.42253237187500003 0.37822911875 0.4307902265625 0.37941341875 0.45118619375 0.3872080390625 0.45638124687500004 0.3916690765625 0.4579168765625 0.3936356265625 0.462459653125 0.3944576859375 0.4693697671875 0.405143096875 0.48455643437499996 0.40817013125 0.4925996828125 0.41204983593750005 0.493115715625 0.42662622812500006 0.485324471875 0.42853938437499994 0.48129772656250003 0.42776841406250005 0.47365697500000004 0.425272775 0.4720140421875 0.4236139234375 0.46773751875 0.41922100625000003 0.46522770468749997 0.41918464375 0.4564146375 0.4301561203125 0.45351078593749994 0.43465122031250003 0.45455932343749994 0.4405985046875 0.45350677812500007 0.44268196406250004 0.4470445734375 0.4427988765625 0.43603959375 0.4287651546875 0.426737209375 0.42697006093749995 0.42440905312500005 0.418491925 0.419655678125 0.416440225 0.41633063124999997 0.416610528125 0.41389517187499997 0.42101817500000005 0.40686128125 0.42099999375 0.40245474843749995 0.41891423281250006 0.3996167921875 0.4144872546875 0.3975940703125 0.412588828125 0.3920771109375 0.40752942656249996 0.389765428125 0.4032909328125 0.3897137796875 0.39192430625 0.38426895 0.391069334375 0.38249600625 0.384539565625 0.377878875 0.383393928125 0.37559613281250004 0.3731888203125 0.36754041875 0.37764870781250004 0.36442596875 0.3826388390625 0.36306175625 0.3860235109375 0.365990540625 0.39866971875 0.3624695859375 0.4017625734375 0.36023849218750004 0.4058477921875 0.36248205312500004 0.41082089218749995 0.361361384375 0.4135220484375 0.364731846875 0.414957203125 0.36287430781249996 0.412786290625 0.36125408281250004 0.41170877499999997 0.35799715625 0.4168351484375 0.3546845765625 0.42238958281250005 0.35458350625 0.42649068124999995 0.3519334421875 0.4252587421875 0.34621835 0.42380540624999996 0.3436693546875 0.4185064265625 0.3401172359375 0.4125421125 0.34141332812499997 0.4027832453125 0.3409756578125 0.4004249984375 0.3420344375 0.383385875 0.3430455765625 0.36474129375 0.3483497140625 0.35858849375 0.34767473125000004 0.3545384859375 0.34959415781250003 0.3520269640625 0.3528448515625 0.3467291375 0.3539428109375 0.344198284375 0.34813689062500003 0.340369671875 0.3468902203125 0.338199909375 0.349920075 0.33727911875 0.358421475 0.338100028125 0.360681509375 0.3422363390625 0.3621944328125 0.34550064687500004 0.3621779578125 0.34994465625000004 0.363957134375 0.3507996265625 0.3657300765625 0.35080077656249997 0.37038015625 0.344137065625 0.3770115515625 0.34470367031250004 0.3875748546875 0.346755371875 0.3908999015625
8 0.49297059687499994 0.479195303125 0.5073437765625 0.47897668906249996 0.511221178125 0.4701925625 0.5153563390625 0.46705540624999997 0.5179711921875 0.46699351718750004 0.5321922484375 0.473616896875 0.53880831875 0.481666378125 0.54930294375 0.4855818125 0.5603436937499999 0.48635385624999994 0.565010246875 0.48961701562500004 0.56926576875 0.48942511718750004 0.57257886875 0.47937784531250005 0.578252515625 0.4775719546875 0.5847277421875 0.4689694859375 0.5850342890625 0.46458565937499996 0.5823331328125 0.461215196875 0.581471340625 0.454873275 0.5833696875000001 0.4370587375 0.5871630875 0.43414242031250005 0.5890251531249999 0.4308463140625 0.58933055 0.4218124078125 0.5858266640625 0.4205884453125 0.583810175 0.42142638593750004 0.5826498078125 0.42868734843749995 0.5803948937500001 0.43293493125 0.5776948890625 0.43421455 0.57349045625 0.4336758109375 0.56914863125 0.430435359375 0.567711175 0.4229927390625 0.563660015625 0.42026208593750003 0.5611450453125 0.4095625390625 0.558290615625 0.40838399062499997 0.553300484375 0.4097482046875 0.5484136859375 0.414301221875 0.545064225 0.41553542656250003 0.54314876875 0.41026201249999994 0.5453173796875 0.402582078125 0.5438470140625 0.40027662968750005 0.5402750078125 0.40002685 0.53699481875 0.40493695 0.531679959375 0.40627845625000003 0.5311009265625 0.4145590171875 0.534519659375 0.417000709375 0.5297861359375 0.41936181406250006 0.527650434375 0.4219045765625 0.5226092109375 0.42399942656249995 0.5184241109375 0.4325173015625 0.5197752640625 0.436527571875 0.5186307765625 0.438894909375 0.5136917375000001 0.439528484375 0.510255971875 0.43733033906249996 0.4985317078125 0.436999971875 0.49706019218749997 0.43004444375000006 0.4916578796875 0.42330352031249996 0.48420616875 0.42253770937499996 0.4804627078125 0.42007330937500004 0.477232459375 0.4196026921875 0.4741396046875 0.4218337859375 0.4736468734375 0.43354669687499997 0.469335803125 0.46253215625 0.467228490625 0.4646689265625 0.45772622968750004 0.465228146875 0.4530267671875 0.467102159375 0.4568735609375 0.47275536249999994 0.4666506078125 0.4775995671875 0.48481718906250004 0.47446463593750005 0.48786010312499994 0.47761425781250005 0.49297059687499994 0.479195303125
8 0.6601939515625 0.4443887078125 0.6641804390625 0.46204378281249997 0.672999184375 0.46192623906249997 0.6767426453125001 0.4643906390625 0.6870487859375001 0.46633499843750004 0.69634783125 0.4733484078125 0.69956105 0.4740625703125 0.7032011781249999 0.473338165625 0.70783136875 0.4677882578125 0.7122061046875 0.4658915375 0.714506359375 0.4376629203125 0.7136173265625 0.43637706875 0.7067980421875 0.4359002171875 0.703345246875 0.43394561718749997 0.7014967609375 0.4230479390625 0.694504871875 0.4157063890625 0.694571840625 0.410082125 0.6925019609375 0.4023505453125 0.68581891875 0.3999253265625 0.681647396875 0.394249415625 0.675256171875 0.3969840765625 0.665668759375 0.3987610265625 0.6615676609375 0.4014110921875 0.652886309375 0.4042303484375 0.6445308375 0.41172239062499993 0.6408225890625 0.413420978125 0.636944034375 0.4175550265625 0.6373039734375 0.4217407203125 0.6428254984375 0.42677682343749995 0.644399196875 0.43227107656249997 0.6462453828125 0.43386859375000003 0.6459388359375 0.43825242031249995 0.646861928125 0.43905117968749996 0.65111745 0.43885928124999996 0.656244975 0.4401967796875 0.6601939515625 0.4443887078125
8 0.5408510421875 0.517785528125 0.553768584375 0.505717759375 0.5529647046874999 0.5032141796875 0.5480756062500001 0.49846703750000004 0.5449452390625 0.48723498593750003 0.5424495984375 0.485592053125 0.536604496875 0.48518332343750004 0.534433584375 0.4835630984375 0.5323489734375 0.48537522187500004 0.5227104687499999 0.4878828109375 0.5239412609375 0.4889478234375 0.523702834375 0.49235746562499993 0.5178588828125 0.49659881562499997 0.5163556078125 0.4994305375 0.5136556015625 0.50071015625 0.49005264843749996 0.49759125624999995 0.47796959531249994 0.4977252734375 0.4744657109375 0.49650131093749994 0.4586744078125 0.49833391718750003 0.46204435000000005 0.51080640625 0.47220066875000005 0.5288929171875 0.4723550921875 0.5313510828125 0.4816371078125 0.5386080390625 0.49098609531250004 0.54024073125 0.4955833765625 0.53982799375 0.5029317546875001 0.537405 0.5091163140625 0.5282927328125 0.5372279437499999 0.5182663859375001 0.5408510421875 0.517785528125
8 0.48500544687499997 0.40644097187500006 0.4890043640625 0.40525218281250003 0.5007456593749999 0.40533900312500004 0.50409511875 0.4041048 0.5031879078125 0.398412415625 0.5115433796875 0.390920371875 0.5158840546875 0.38951074375 0.5142592640625 0.384747128125 0.5108235015625 0.3825489828125 0.5102762281250001 0.38104229218749996 0.50239760625 0.38171505 0.4996805703125 0.3832382140625 0.49749377812500006 0.3865116140625 0.49479377343750003 0.38779123125 0.4965718359375 0.390362934375 0.495666925 0.3939707078125 0.4912240671875 0.39684161093750003 0.4879597578125 0.3968580859375 0.48269484062499995 0.392818875 0.47821677031250004 0.391526790625 0.4767464046875 0.38922134062499997 0.4784528953125 0.3788169890625 0.47672592187499996 0.3755146484375 0.47745822968749996 0.365042175 0.4753554390625 0.362447765625 0.47185155312499993 0.361223803125 0.46453493437500004 0.35385954375 0.4615589921875 0.3450856578125 0.45420946406249996 0.342858571875 0.450193515625 0.3442909078125 0.44638308281250005 0.3474507703125 0.43453845625 0.34417514531250004 0.431822571875 0.3503483890625 0.43136159999999996 0.35227405 0.44603349999999997 0.385115790625 0.4469430140625 0.40010833437500004 0.4544980578125 0.40406295 0.4650267421875 0.40749129218749996 0.4686668703125 0.4067668875 0.47254657343749995 0.4072829203125 0.47656367343749995 0.41050066406249996 0.481160953125 0.41008792656250004 0.48500544687499997 0.40644097187500006
8 0.737816796875 0.5709613375 0.7452491765625 0.5626705359375 0.7467853625 0.5547016421875 0.7455193609374999 0.5494736421875 0.7436902062499999 0.547632578125 0.741485234375 0.5464994437499999 0.7354266765624999 0.5468099984375 0.7325347671875 0.543834175 0.73370649375 0.5364107671875 0.731550309375 0.5252468359375 0.7340277703125 0.5224832359375 0.740898146875 0.5222294484375001 0.7427602109375 0.5189333421875 0.7515267140625 0.51489635625 0.7634905546875 0.516467159375 0.765968015625 0.513703559375 0.7669398968750001 0.504471521875 0.7642046796875 0.5015881531249999 0.760666734375 0.50085128125 0.7512825359375 0.49505560156249995 0.7491785953125001 0.48781111250000003 0.7483928953125 0.48971406562500003 0.7446846453125 0.4914126546875 0.7372159046875 0.4908903890625 0.733540565625 0.48745180625 0.7289603140625001 0.48762099687499993 0.72593673125 0.4935279875 0.725886790625 0.49890870468750004 0.7243835140625 0.5017404265625001 0.725394059375 0.5106216156250001 0.7229688421875 0.5173046578125 0.7212464703125 0.5326026359375 0.72194816875 0.5365674921875 0.720297371875 0.5648415250000001 0.7215304625 0.575206696875 0.7234970109375001 0.5797494734375 0.7268305921875 0.5834088953125 0.731032721875 0.574647475 0.737816796875 0.5709613375
8 0.823209178125 0.670422009375 0.823978996875 0.67341268125 0.8264065171875 0.6760297984375 0.8300466453125 0.67530539375 0.8338570765625001 0.6721455296875 0.8442301890625 0.6684656265625 0.846622496875 0.66691975625 0.8485015921875 0.663380103125 0.8490283828124999 0.6511801 0.8482585640625 0.648189428125 0.845540378125 0.6450625125 0.8392161249999999 0.6421729093749999 0.8345677515625001 0.643316284375 0.83268865625 0.6468559375 0.826433675 0.6476422296875 0.822041909375 0.6497824953125 0.8212902703125 0.65119835625 0.8119923734375 0.6488350265625 0.8102824328124999 0.645289140625 0.8115461328125001 0.6412169828125001 0.810193828125 0.6325566328125001 0.8058520046875 0.62931618125 0.7998536281249999 0.6310993640625 0.796556409375 0.6362530093750001 0.7869020250000001 0.6436542234375 0.7819459546875 0.6445313453125 0.772528846875 0.6438728375 0.7688546578125 0.6450843328125 0.7684618078125001 0.646035809375 0.7727014515625 0.6507375375 0.7857586890625 0.6506716406249999 0.7941164609375 0.6524797578125 0.7975181640625 0.6551649953124999 0.8000830765625 0.6604838234375 0.8066979968749999 0.6638832265625 0.8105618218749999 0.6692928828125 0.819363534375 0.6694188859375 0.823209178125 0.670422009375
11 0.4277355046875 0.4787941453125 0.42761514062500006 0.47584888750000004 0.42484586406249997 0.47345260937500006 0.4232891953125 0.46771481093749995 0.4176484578125 0.46438353125000004 0.41523681874999996 0.45687278906250006 0.416073609375 0.45423919843749994 0.41716700624999997 0.4526024984375 0.4201406484375 0.452076225 0.42719950781250005 0.4537935125 0.44001716875 0.45248717968749996 0.44193032656250003 0.4484604359375 0.4415169953125 0.43570521875 0.4331921328125 0.42875993125 0.4181501671875 0.4198765171875 0.4161325265625 0.416064378125 0.4166445890625 0.41340808124999995 0.42101817500000005 0.40686128125 0.421034053125 0.40196765624999997 0.4189312625 0.39937324687500003 0.41484604375 0.39712968593750003 0.4119904640625 0.3913010578125 0.4003854109375 0.3892658703125 0.3921809125 0.38526584062499997 0.383393928125 0.37559613281250004 0.375718803125 0.37024619687500004 0.385151509375 0.36446114218750003 0.38609163281250003 0.36501635625 0.3891504265625 0.363272353125 0.3964306828125 0.36182354375000003 0.3979169296875 0.35923536875 0.4032658484375 0.3574067703125 0.40600106562500005 0.3602901390625 0.41092192499999997 0.35525002968749997 0.42215000625 0.35334306875 0.42455934375000004 0.351553653125 0.42515655937499996 0.347679625 0.42254055625 0.343091434375 0.41915588281250005 0.34016265 0.383778725 0.3420941 0.3790452 0.3444552046875 0.37687543749999997 0.3474850578125 0.374517190625 0.3485438375 0.371321003125 0.347586128125 0.3669973578125 0.348752209375 0.35997255781250004 0.34654783125 0.3586395859375 0.34694409375 0.3487297453125 0.35799849687499996 0.34811550156250004 0.36211607031250004 0.34994580625 0.36860721406249997 0.34381233906249997 0.37698884375 0.345267975 0.3888379984375 0.34983234531249996 0.3935624328125 0.402578184375 0.47923760625 0.4081871625 0.4923561375 0.41206686562500006 0.49287216875000006 0.4263355625 0.484814671875 0.4277355046875 0.4787941453125
11 0.46543684843750005 0.47629100781249994 0.46897479531249997 0.4770278796875 0.4709742546875 0.47643348437500005 0.4748698375 0.472055890625 0.479176453125 0.4711333546875 0.4802868796875 0.46925310937500003 0.48363633906250003 0.46801890625000003 0.4854995546875 0.469372878125 0.4861671921875 0.47382482656249997 0.48767161875 0.47564318437499997 0.494405753125 0.4773377640625 0.5071042 0.47773625312499995 0.5123997265625 0.46733813281250003 0.5191156796875 0.4646261796875 0.5225855046875 0.46633723437499996 0.5240558703125 0.4686426828125 0.52945703125 0.4707335265625 0.5312861859375 0.47257459218750003 0.5348922546875 0.47233727812500004 0.542294025 0.47848380781250005 0.5499342203124999 0.4812206921875 0.5536436203124999 0.48417218437500004 0.5559848359374999 0.48335695 0.556513928125 0.48045710625 0.5627178203125001 0.4804014515625 0.562941515625 0.48653551406249995 0.56507836875 0.48864283124999996 0.5690091640625 0.488428225 0.5697596515625001 0.48236228593749997 0.568289284375 0.48005683593750004 0.5687332265625 0.478374721875 0.571757959375 0.47711781093749994 0.577995909375 0.4765750640625 0.584744771875 0.4687259390625 0.5850342890625 0.46458565937499996 0.5822820421875 0.4619458359375 0.5803665859375 0.4566724203125 0.5830972015625 0.440955471875 0.58143835 0.43667894843750005 0.586855390625 0.4338761671875 0.5874015125 0.430732778125 0.584939934375 0.428602753125 0.58090810625 0.4349287125 0.579233375 0.435545815625 0.5734053046875001 0.4348935390625 0.56993548125 0.4331824859375 0.5679348703125 0.4291268 0.5679337203125 0.4244767203125 0.56106219375 0.420080428125 0.561093953125 0.410293178125 0.5593499515625 0.40723438281249996 0.551643934375 0.414771840625 0.53790433125 0.41992949375000005 0.5350510515625 0.423401025 0.5327949875 0.42299852812500005 0.5313586828125 0.4202059875 0.5293251625 0.4212874734375 0.5293944359375 0.42496337031250003 0.5348989296875 0.43024301718749997 0.5366440828125 0.43795189062500006 0.523589146875 0.447317946875 0.521043565625 0.45105572968749996 0.516959496875 0.45346224843750005 0.507847784375 0.443769834375 0.5064625703125001 0.44024665625 0.5016597734375 0.43893186406250007 0.4979685546875 0.4403869078125 0.4967547953125 0.43907834843750004 0.49601788593749996 0.43095050468749996 0.49454752031250004 0.42864505625 0.4875056890625 0.426684221875 0.48507817031249995 0.42406710625 0.4796599796875 0.4222198078125 0.4763616078125 0.4227233734375 0.47528524218749996 0.424116528125 0.4753885765625 0.4273053328125 0.47949082499999995 0.429305346875 0.47933755156249996 0.43149725937500005 0.474911725 0.43412461718750006 0.4733914171875 0.43719988593750003 0.4710718328125 0.456371890625 0.4656048515625 0.464555390625 0.4578976859375 0.4674427671875 0.46287193593750003 0.4709721796875 0.46543684843750005 0.47629100781249994
11 0.6633742578125 0.45024004375000004 0.6645051671875 0.462066490625 0.671443665625 0.46083851875 0.6771184625 0.4636827078125 0.684570175 0.46444851875 0.6895784859375 0.4674908390625 0.695390678125 0.4730367390625 0.69956105 0.4740625703125 0.7032011781249999 0.473338165625 0.708685190625 0.464911121875 0.7107686484375 0.4584489171875 0.709143859375 0.4536853015625 0.709005315625 0.44633351093750007 0.712439928125 0.44388157812499995 0.7132426578125 0.44173507812499996 0.7109002906249999 0.4379002328125 0.7072942234374999 0.4381375453125 0.69777378125 0.43429023281249995 0.7000116656250001 0.4302861953125 0.7003182125 0.42590236875 0.6938724453125 0.41541742812500004 0.69209208125 0.4035455671875 0.684468915625 0.40056513593750004 0.683425459375 0.39682111875000003 0.6809298187499999 0.3951781859375 0.674709475 0.39780242656250003 0.6656006375 0.3997352109375 0.6538434625 0.404542015625 0.6507506078125 0.406773109375 0.64993085 0.4091631546875 0.6452654453125 0.410550075 0.640788528125 0.4139080703125 0.638567675 0.4176685625 0.639269371875 0.42163341875000004 0.6424144671875001 0.423321765625 0.6465348984375 0.4297283140625 0.6518338765625 0.43328043281250006 0.6551163671875 0.4376704921875 0.66494450625 0.4417840578125 0.6670047218749999 0.4449873328125 0.6672017218749999 0.44683663281249997 0.6633742578125 0.45024004375000004
11 0.507561946875 0.5318550921874999 0.5349889109375 0.51762034375 0.540235646875 0.517253021875 0.5492576062500001 0.509562846875 0.5505213062500001 0.5054906875 0.5426380843749999 0.48756312812499997 0.5391341984375 0.4863391640625 0.528657753125 0.4868302640625 0.524199015625 0.49459479375 0.5149034218749999 0.501531621875 0.5105797765625 0.5026977046875001 0.5058621328124999 0.5001651828125 0.48678833906249996 0.4976077296875 0.47824323281250003 0.49847861875 0.47349152656250004 0.4964331890625 0.45870846875 0.497846825 0.4583508296875 0.5029612890624999 0.4610701671875 0.510738284375 0.463548778125 0.5126247640625 0.47165339531250006 0.5273862265625 0.4726798203125 0.531373790625 0.47941510468750004 0.5377184500000001 0.48710639218749996 0.5397246984375 0.494916890625 0.540026125 0.50226526875 0.5376031328125 0.507561946875 0.5318550921874999
11 0.48256204843750006 0.4087174796875 0.4847829015625 0.40495698906250005 0.4878076359375 0.403700078125 0.49261043125 0.40501486875000003 0.4966263796875 0.403582534375 0.5014632359375 0.40441023437499996 0.5014609343750001 0.395110075 0.5035625765625 0.3930544046875 0.5075614921875 0.391865615625 0.5100219218750001 0.3893455609375 0.508482284375 0.383364215625 0.5059696140625001 0.3819648296875 0.49928772187500003 0.384189690625 0.498896021875 0.389791246875 0.500452690625 0.3955290453125 0.48965266874999996 0.40064751718749997 0.48553338906250004 0.3988910484375 0.48351575 0.395078909375 0.47599476718749995 0.39063720156250004 0.47373755156249997 0.3855846265625 0.4749331296875 0.3824866515625 0.4730176734375 0.3772132375 0.47588683125 0.3688480796875 0.4759367734375 0.3634673625 0.470091671875 0.363058634375 0.469168578125 0.362259875 0.4621585078125 0.35051179062500004 0.46120020312500004 0.34555004375 0.454175403125 0.3433456640625 0.444981990625 0.3488212171875 0.445958475 0.3581894984375 0.43997942968750003 0.3690292953125 0.44798071562499997 0.3806019546875 0.44782974375 0.39209402656250003 0.4537804796875 0.40499171875 0.4615739484375 0.4055366921875 0.46442837812500004 0.406715240625 0.47162348125 0.40648416093749995 0.47822137187499997 0.41012710781250006 0.48256204843750006 0.4087174796875
11 0.8440117921875 0.5455924859375 0.8476360406250001 0.54976170625 0.847363553125 0.553658440625 0.8451597312500001 0.5571753859374999 0.845211971875 0.561094828125 0.8614665468749999 0.5666367203125 0.862473640625 0.561567671875 0.8787859828125001 0.524284665625 0.8793468343749999 0.5115975703125 0.8761313156250001 0.5015832484375 0.8763867718749999 0.49793005937499996 0.8821784828125001 0.4897692671875 0.882638303125 0.483193528125 0.8790492656250001 0.4831872953125 0.8772030796875001 0.4815897765625 0.8783793265625001 0.46943518749999996 0.8799166656249999 0.4661163734375 0.878839146875 0.46285944843750004 0.8763435078124999 0.461216515625 0.860294446875 0.45740215156249997 0.8603443890625 0.45202143437500003 0.8616603296875001 0.45186871718750005 0.8628048171874999 0.449501378125 0.8652277343750001 0.43351817812500004 0.8719255078125 0.426399690625 0.8709830828125 0.41654431875000003 0.87318690625 0.41302737343749996 0.8742961828125001 0.4064970484375 0.8727224843749999 0.40100279531250005 0.8623970109375 0.390001821875 0.8568255468749999 0.3903464375 0.8536463890625001 0.38914518125 0.852759659375 0.397159490625 0.8485393468750001 0.4015143765625 0.8421310921874999 0.4044925828125 0.8400306015625001 0.41119833124999994 0.8357762281250001 0.41604030937500003 0.8322916749999999 0.42387295937499997 0.8291306984375 0.42707823749999996 0.8262274796875 0.43593048593750006 0.8234593515625 0.43818428750000005 0.8192719500000001 0.437402003125 0.8155637 0.439100590625 0.8032456734375 0.456594490625 0.8010770609375 0.4642744234375 0.8036079140625001 0.47008034375 0.8127196250000001 0.47977275781250006 0.814719084375 0.4791783640625 0.8428518859375 0.52018111875 0.8459555562500001 0.5271284109375001 0.8467605875 0.5342820703125 0.8436166406250001 0.537243803125 0.8434463375 0.5396792625 0.8440117921875 0.5455924859375
11 0.9107135718749999 0.46435411406249993 0.9073799890625001 0.46069469218750003 0.8993651249999999 0.46331581718750003 0.89618596875 0.4621145609375 0.8947678453125001 0.46372855468749996 0.892259775 0.480929484375 0.8898844984375 0.4822318109375 0.8933543234375 0.483942865625 0.89817645 0.49431426875 0.9051842203125 0.4967621953125 0.9072007093750001 0.4959242546875 0.9083281671875 0.4938004625 0.908170290625 0.4773920578125 0.9107487828125 0.46851710156250004 0.9107135718749999 0.46435411406249993
11 0.7327698218750001 0.5498057921874999 0.7294362421875 0.5461463703125 0.725231809375 0.54560763125 0.72183125625 0.547572471875 0.720860525 0.5614545890625 0.721734828125 0.5722841453124999 0.7238716796875 0.5743914625000001 0.727734353125 0.575151040625 0.73342503125 0.573101603125 0.7400206203125 0.5674443921875 0.74234365625 0.562222625 0.7423084453125 0.5580596375 0.7381709843750001 0.5518966359374999 0.7327698218750001 0.5498057921874999
11 0.712540734375 0.36777548437499996 0.712999403125 0.356549665625 0.7080421828125 0.35277670781250003 0.69221681875 0.3550964046875 0.68827014375 0.3602046359375 0.683980559375 0.3608836265625 0.6798272203125 0.35961425 0.677742609375 0.3614263734375 0.6795717640625 0.3632674375 0.680547096875 0.3679856390625 0.6833674656250001 0.3696512796875 0.685674621875 0.3693231375 0.6919137234375 0.3734304703125 0.6987500390625 0.373663775 0.7032269578125 0.3703057796875 0.7107808515625 0.369610315625 0.712540734375 0.36777548437499996
11 0.5558276578125 0.3316091484375 0.550070009375 0.3392828484375 0.5437639359374999 0.3407997796875 0.5399012625 0.34004020156250003 0.5368935593749999 0.3410535671875 0.534091371875 0.343794459375 0.5332387015625 0.3513216765625 0.5352915515625 0.359296803125 0.5394448921875 0.36056617968750004 0.5418712625000001 0.35853321718750003 0.5650790640625 0.353303434375 0.5668718562499999 0.34633143125 0.566818465625 0.33776191093749997 0.564134340625 0.334147903125 0.5600320890625 0.3321478875 0.5558276578125 0.3316091484375
11 0.0903239046875 0.44614476718749996 0.0943580328125 0.44911896562500003 0.10199822812499999 0.4518558515625 0.112711946875 0.44330502968749996 0.11537789218750001 0.442512503125 0.1179416546875 0.443181253125 0.123223603125 0.4469769171875 0.1320105875 0.45664662500000003 0.136386475 0.45939998437499996 0.1412573921875 0.45974059218749996 0.1517701984375 0.468062559375 0.1597521515625 0.47057860625 0.16298355 0.47569930312500003 0.1666747703125 0.4742442609375 0.171424175 0.46698953125 0.1780379453125 0.4657388546875 0.18087534375 0.4671609484375 0.1843803796875 0.473034990625 0.1971481 0.47710937500000006 0.20268550468750002 0.47725185156250005 0.20767448437499997 0.4712375578125 0.28984766875 0.4767389296875 0.29184827812499997 0.4807946140625 0.299641746875 0.48133958750000005 0.3049043640625 0.47607863906250003 0.308148190625 0.46235547187500003 0.3168817828125 0.46345565781250003 0.322487309375 0.46262394999999995 0.3356989703125 0.4650162203125 0.3387577640625 0.46327221874999996 0.3353038203125 0.4566675390625 0.33759049375 0.44263270468749993 0.33526400624999997 0.4339042328125 0.336321040625 0.423454465625 0.3345600078125 0.42063921718749997 0.33585776875 0.4160799671875 0.3301988515625 0.408342153125 0.33178727812500003 0.40429270156249997 0.332058615625 0.3957458875 0.3259205453125 0.38552719999999996 0.321510596875 0.38326093125 0.32106435625 0.3756428875 0.318310959375 0.368352984375 0.3217955125 0.3605203328125 0.3258966125 0.35787026875 0.3285614046875 0.3524276625 0.32623491875 0.3436991921875 0.3211925453125 0.34114396406249997 0.3138259859375 0.33916042343749997 0.3051264546875 0.3375731453125 0.2956253453125 0.3427824453125 0.29273800625 0.34674106875 0.08899300624999999 0.3858464515625 0.08709573125 0.38497957031249996 0.0744143125 0.3843375359375 0.06752690624999999 0.38483486875 0.0565043390625 0.38846935781249997 0.0525236015625 0.39406468125 0.0504571734375 0.40028333906249997 0.052372629687500005 0.40555675312500006 0.0579974875 0.41378165781250004 0.059999246875 0.4224874234375 0.0653493171875 0.4253089046875 0.06700816875 0.42958542812499995 0.064241190625 0.436489309375 0.066549496875 0.44081124687499995 0.078616671875 0.4455708546875 0.0903239046875 0.44614476718749996
11 0.1843946546875 0.323501809375 0.1851633234375 0.3218424015625 0.1892133328125 0.319922975 0.1906484859375 0.31806543593750003 0.191587459375 0.31397057031250003 0.189792365625 0.3116424140625 0.18073519531249999 0.3151696 0.1758824578125 0.3192355265625 0.1498384078125 0.32769329375 0.13768608124999998 0.324151415625 0.1242030859375 0.330305959375 0.12564054062500002 0.3377485796875 0.136683590625 0.34782078437499997 0.1517414359375 0.35181057187500003 0.156766778125 0.354609346875 0.1610052703125 0.35466099375 0.1710195921875 0.351445475 0.183342221875 0.35255189374999996 0.1884856265625 0.34899576718750003 0.19234484999999998 0.33580510625 0.1843946546875 0.323501809375
8 0.184069928125 0.3234791015625 0.186734721875 0.318036496875 0.18972539375 0.31726667656249996 0.19023745625 0.3146103796875 0.1892973328125 0.314055165625 0.1859308421875 0.315532915625 0.1843935046875 0.31885172968750003 0.178138521875 0.319638021875 0.149787315625 0.32842393125 0.13795971875 0.3249047609375 0.126151453125 0.330442203125 0.1255883 0.3338291390625 0.1281361828125 0.3393915140625 0.1324950375 0.34238841875000003 0.136683590625 0.34782078437499997 0.151501859375 0.3505701359375 0.18241912968750001 0.351753134375 0.1860933203125 0.3505416375 0.1889295671875 0.347313653125 0.1910799984375 0.3352271859375 0.184069928125 0.3234791015625
8 0.074771028125 0.44456773125 0.0824623140625 0.446573978125 0.0889909328125 0.4465410296875 0.09247778749999999 0.4480085390625 0.0942899109375 0.45009315 0.1016564703125 0.45207669062500005 0.10505702343750001 0.45011184843749996 0.10967018437500001 0.44480548593749997 0.11597625781250001 0.4432885546875 0.1197367484375 0.44550940937499994 0.121173053125 0.44830195 0.13038694687500002 0.4565330890625 0.1427788484375 0.46131540312499997 0.15173613749999998 0.4685496515625 0.158709846875 0.47148466874999995 0.16264179375 0.4759201421875 0.1672901640625 0.47477676718749995 0.1712709015625 0.46918144531249995 0.180174796875 0.46784617187500005 0.18250013437499998 0.4719245640625 0.18497874375 0.4738110421875 0.1971481 0.47710937500000006 0.20304429218750003 0.476787465625 0.20813545625000002 0.46931189843750004 0.2889938484375 0.479616065625 0.2917460953125 0.482255890625 0.2989752609375 0.48153771875 0.30304229843749997 0.4793747453125 0.3058615171875 0.47639030625 0.3081323125 0.4672490984375 0.3142328703125 0.4640046390625 0.3201801546875 0.4629520921875 0.332092903125 0.46525353281250004 0.3384512171875 0.4676560453125 0.33952873437500003 0.4709129703125 0.343971590625 0.46804206718749997 0.3452171109375 0.459563375 0.327280675 0.3567433671875 0.3288009828125 0.35366810000000004 0.32879983125 0.3490180203125 0.3259272203125 0.3434329390625 0.313501259375 0.339137715625 0.30509239374999997 0.3380602375 0.30242645156250003 0.3388527625 0.2932330390625 0.3443283171875 0.2899017578125 0.3499690546875 0.28540665781249996 0.34892051562500004 0.284364353125 0.349826578125 0.09020676562499999 0.38715500937499997 0.0873693671875 0.385732915625 0.0785335921875 0.3860940046875 0.0737478265625 0.3845356671875 0.06713405624999999 0.3857863453125 0.05874337187499999 0.3891154 0.0533615421875 0.39608116875 0.0520978421875 0.40015332812500004 0.0544754203125 0.4081511625 0.057946395312499996 0.414512296875 0.058853609375000004 0.42020468125 0.0609393703125 0.42304263593749997 0.06505865 0.4247991046875 0.067042228125 0.42909833593749996 0.06395052343749999 0.43597950937499996 0.067831378125 0.44114562187499995 0.074771028125 0.44456773125
8 0.56777561875 0.338073578125 0.5650574328125 0.3349466625 0.5568018421875001 0.3316772703125 0.55343535 0.3331550203125 0.5511974671875 0.3371590578125 0.5481046125 0.3393901515625 0.5365518015624999 0.3412744046875 0.53376664375 0.343771753125 0.5325040953125 0.35249399062500003 0.53354755 0.356238009375 0.535923978125 0.35958576249999996 0.5404020453125 0.360877846875 0.5451355718750001 0.3585167421875 0.5540394671875 0.35718146875 0.5573372625 0.3543528640625 0.5654889437499999 0.35210841249999997 0.5676234953125 0.34491557031250003 0.56777561875 0.338073578125
8 0.3488710453125 0.5146399234375 0.34452921875000003 0.511399471875 0.34172703125 0.514140365625 0.34109575625 0.518501484375 0.338480903125 0.5185633734375 0.33629295937500003 0.51718669375 0.334123196875 0.520216546875 0.33521889531250004 0.52788000625 0.3391009 0.537696196875 0.33900101875 0.54845763125 0.3414285375 0.5510747484375 0.34470987656249996 0.550814728125 0.347375821875 0.5500222015625 0.3535774109375 0.5406663875 0.35624220625 0.5352237828125 0.3562240234375 0.5308172484375 0.3488710453125 0.5146399234375
8 0.708383940625 0.35255586875 0.699497075 0.3536475953125 0.6963360984375 0.3568528734375 0.6918410015625 0.3558043359375 0.688064628125 0.35847710781250003 0.680408553125 0.360633846875 0.6793492171875 0.3617834546875 0.680444915625 0.36944691406249996 0.6829405562499999 0.371089846875 0.693503303125 0.37403109843750004 0.7000319203125 0.37399815 0.7080808453125 0.3708899328125 0.7110204265625 0.3708507515625 0.712780309375 0.36901592031249997 0.7136318296875 0.356838625 0.708383940625 0.35255586875
3 0.40891439218750003 0 0.3921380015625 0.04134475 0.3999293734375 0.06643300468749999 0.3935098890625 0.09973160156250001 0.452584684375 0.1324967171875 0.38201806875 0.12756221875 0.2726149640625 0.1904747671875 0.2725487546875 0.210923034375 0.4465971296875 0.17911986562499999 0.503313340625 0.20660676875 0.541158496875 0.1724378921875 0.601153471875 0.172542375 0.71030655625 0.2497153484375 0.7477006171875 0.22989321562499998 0.7582328546875 0.20788949375 0.7691504218749999 0.1687696375 0.7924190328125 0.109037796875 0.82355016875 0.07337667656249999 0.9275297421875001 0.0295152703125 0.8420941921875 0.022700607812500002 0.5174603796875 0 0.40891439218750003 0