11 0.1802815125 1 0.141077540625 0.2919115375 0.9870934234375 0.3650120625 0.9845645578125 0.329273328125 0.1359505109375 0.2548093109375 0.109303021875 0.14141364375 0.0961567390625 0.039691496874999996 0 0.0508794515625 0 0.1532914046875 0.0166975453125 0.1478737328125 0.0597027609375 1 0.1802815125 1
11 0.41083293593750003 0.744710525 0.419919175 0.7961257453125 0.46136584999999997 0.7934060953125 0.45142895625 0.733897434375 0.442071753125 0.64486959375 0.43718415312500003 0.575010815625 0.4310594390625 0.5167380484375 0.379165478125 0.455092975 0.33673204375 0.4484242359375 0.3370382796875 0.451337875 0.2591356734375 0.7786610015625001 0.2692572609375 0.787412409375 0.313302096875 0.7860562484375 0.343165203125 0.766551815625 0.33473638906250003 0.7330697609375 0.3271582296875 0.707681146875 0.3354631125 0.716627684375 0.3712030671875 0.7063249859375 0.39708386406249996 0.6839659703125001 0.4234057546875 0.7008382625 0.4228491640625 0.7188990265624999 0.41971750781250006 0.7241378859375 0.41083293593750003 0.744710525
8 0.4467052609375 0.840770928125 0.473335878125 0.7905114234374999 0.46977779062499997 0.6632329765625 0.4429601703125 0.5482186203125 0.41138731875 0.4697085875 0.3726774015625 0.40504124687500004 0.290124315625 0.413717925 0.17581358281249998 0.435551884375 0.1677125765625 0.7555343796875 0.1711151953125 0.7879081390625 0.2428891703125 0.7934569453125 0.26413023281250003 0.750310184375 0.3018109265625 0.7234378109375 0.3439612234375 0.715734496875 0.356055184375 0.7373753421875 0.3810475640625 0.811667303125 0.4467052609375 0.840770928125
8 0.637549215625 0.35592669374999997 0.62374771875 0.49321255468749997 0.6143842890625 0.5792983031250001 0.45935360468750003 0.5874098375 0.509014971875 0.8964115546875 0.7314970609375 0.8877568703125001 0.637549215625 0.35592669374999997
8 1 0.5592759546875 0.7722841015624999 0.6101628781249999 0.7063616671874999 0.368333046875 0.6649611906249999 0.34813587031250004 0.7826642984375 0.9658440203125 1 0.7831491515625 1 0.5592759546875
11 1 0.5747729875 0.7079643531250001 0.6054671703125 0.7891439390625 0.9340681625 0.8088731843750001 0.9699629468750001 1 0.8831935937500001 1 0.5747729875
10 0.8063813984375001 0.21052929687500002 0.7860665171875 0.0522806703125 0.6665048234375 0.0124768875 0.677765003125 0.1896794671875 0.8063813984375001 0.21052929687500002
8 0.6083067828125001 0 0.6545139046874999 0.2837711453125 0.8533499984375 0.3070600046875 0.8272213374999999 0.2803479875 0.8060411375 0.207291921875 0.6656248421875001 0.1909554484375 0.6433069296875 0 0.6083067828125001 0
3 0.44912666406249996 0.0696922109375 0.398547553125 0.0439134703125 0.34823940468750003 0.055747346875000006 0.3289852796875 0.0594076078125 0.566508190625 0.15882222343750002 0.56936888125 0.1159707453125 0.44912666406249996 0.0696922109375
8 0.545105434375 0.2821778828125 0.6271019296875 0.29156196875 0.6145122390625 0.1717790578125 0.591059475 0.1938828765625 0.552009296875 0.125978159375 0.5294764843750001 0.121800175 0.5321292828125 0.18207442499999998 0.5538660734375 0.237069728125 0.53669971875 0.23723741406249998 0.545105434375 0.2821778828125
3 0.96766073125 0.2852260453125 0.951754590625 0.26234930625 0.9219145843750001 0.2703953265625 0.8912239218750001 0.27034790625 0.8562106890625 0.264208528125 0.87469189375 0.2999071734375 0.9611810921874999 0.3170019046875 0.96766073125 0.2852260453125