11 0.24213981406250001 0 0 0.1146369796875 0 0.1205609375 0.2646148140625 0 0.24213981406250001 0
8 0.10370370312499999 0.12291666718750001 0.12222222187500001 0.11510416718750001 0.1324074078125 0.1078125 0.1379629625 0.09375 0.17314814843749998 0.0734375 0.178703703125 0.0645833328125 0.1759259265625 0.05729166718749999 0.16851851874999998 0.0557291671875 0.1425925921875 0.065625 0.109259259375 0.08541666718749999 0.102777778125 0.09427083281250001 0.10555555624999999 0.1057291671875 0.10092592656249999 0.109375 0.0759259265625 0.11041666718750001 0.072222221875 0.1130208328125 0.0731481484375 0.1208333328125 0.09444444375 0.12395833281249999 0.0990740734375 0.121875 0.10370370312499999 0.12291666718750001
9 0.1379629625 0.1395833328125 0.1574074078125 0.15 0.16851851874999998 0.14895833281249998 0.1925925921875 0.140625 0.1990740734375 0.13229166718750002 0.20833333281250002 0.1265625 0.23518518593749999 0.1307291671875 0.24259259218749998 0.1276041671875 0.25 0.0916666671875 0.24814814843750002 0.0901041671875 0.24351851875000002 0.09114583281250001 0.21851851875 0.1109375 0.20833333281250002 0.11510416718750001 0.190740740625 0.1171875 0.1648148140625 0.1244791671875 0.1611111109375 0.1208333328125 0.15 0.121875 0.146296296875 0.11927083281249999 0.134259259375 0.1223958328125 0.1324074078125 0.1302083328125 0.12407407343750002 0.1385416671875 0.12592592656249998 0.1432291671875 0.1379629625 0.1395833328125
9 0.4675925921875 0 0.46666666718750005 0.0046875 0.4583333328125 0.0125 0.4166666671875 0.0286458328125 0.3981481484375 0.0265625 0.3879629625 0.029166667187500002 0.3296296296875 0.0578125 0.28611111093749997 0.071875 0.27870370312500004 0.0760416671875 0.28055555625 0.078125 0.26944444375 0.0875 0.2666666671875 0.103125 0.275 0.10052083281249999 0.28611111093749997 0.103125 0.29351851875 0.0979166671875 0.3083333328125 0.0927083328125 0.3138888890625 0.0859375 0.32592592656249997 0.08645833281250001 0.33888888906250003 0.08333333281250001 0.3425925921875 0.0796875 0.3638888890625 0.07552083281250001 0.3731481484375 0.06979166718749999 0.38055555625 0.05989583281250001 0.43981481406249995 0.0447916671875 0.44351851875000003 0.0401041671875 0.45 0.0390625 0.459259259375 0.0317708328125 0.4824074078125 0.0302083328125 0.509259259375 0.015625 0.515740740625 0.014583332812499999 0.51944444375 0 0.4675925921875 0
9 0.2138888890625 0.12291666718750001 0.22407407343750002 0.1260416671875 0.24351851875000002 0.12291666718750001 0.24722222187499998 0.1057291671875 0.2416666671875 0.103125 0.2416666671875 0.0953125 0.23611111093749998 0.0958333328125 0.23240740781250002 0.10260416718750001 0.21296296250000002 0.11510416718750001 0.2175925921875 0.11822916718750001 0.2138888890625 0.12291666718750001
9 0.7203703703125 0 0.7194444437499999 0.013020832812499999 0.727777778125 0.0161458328125 0.7361111109375 0.025 0.7370370375 0.0369791671875 0.7453703703125 0.0494791671875 0.747222221875 0.059375 0.7675925921875 0.0838541671875 0.7824074078125001 0.0921875 0.79444444375 0.0947916671875 0.8175925921875 0.0895833328125 0.8648148140625 0.071875 0.875 0.06302083281250001 0.88055555625 0.0635416671875 0.8898148140625001 0.05625 0.91944444375 0.05 0.922222221875 0.0473958328125 0.9351851859375 0.0479166671875 0.9509259265625 0.0447916671875 0.9666666671874999 0.0359375 0.9703703703125001 0.0192708328125 0.9675925921875 0.0098958328125 0.9648148140625 0.009375 0.9444444437499999 0.015625 0.9240740734375 0.01875 0.902777778125 0.0276041671875 0.88055555625 0.0328125 0.871296296875 0.040625 0.85648148125 0.0416666671875 0.8379629625 0.050520832812500006 0.771296296875 0.0703125 0.7638888890625 0.0661458328125 0.75555555625 0.0270833328125 0.759259259375 0.0182291671875 0.7574074078125 0.0135416671875 0.747222221875 0.007291667187500001 0.746296296875 0 0.7203703703125 0
9 0.2379629625 0.1817708328125 0.26203703749999996 0.1796875 0.3416666671875 0.1552083328125 0.3768518515625 0.1390625 0.378703703125 0.1338541671875 0.375 0.1302083328125 0.377777778125 0.1270833328125 0.4129629625 0.1166666671875 0.45370370312499997 0.09427083281250001 0.49351851875 0.08333333281250001 0.509259259375 0.0838541671875 0.5111111109375 0.08125 0.5287037031249999 0.08072916718749999 0.5305555562500001 0.0770833328125 0.5481481484375 0.075 0.55648148125 0.071875 0.5620370375 0.0682291671875 0.5638888890625 0.054166667187499996 0.571296296875 0.052604167187499995 0.5879629625 0.0411458328125 0.5990740734375 0.0375 0.6074074078125 0.0307291671875 0.6120370375 0.0208333328125 0.603703703125 0.021354167187500002 0.5944444437499999 0.025 0.5916666671875 0.0286458328125 0.5731481484375001 0.0328125 0.2388888890625 0.16354166718750002 0.20370370312500002 0.1729166671875 0.197222221875 0.1776041671875 0.196296296875 0.1848958328125 0.2009259265625 0.1828125 0.23240740781250002 0.1864583328125 0.2379629625 0.1817708328125
9 0 0 0 0.1109375 0.22777777812500002 0.007291667187500001 0.23611111093749998 0 0 0
9 0.5627 0.0802604171875 0.5727703703125 0.0777822921875 0.5941703703125001 0.07105625 0.6388574078125 0.0547723953125 0.6646629625 0.0484005203125 0.6753629625 0.046984375 0.6879509265625 0.034594270312499995 0.6967629625 0.0161864578125 0.6973916671875 0.0052125 0.6936157406250001 0.0158322921875 0.6495574078125 0.0395505203125 0.5667138890625 0.0651541671875 0.55640555625 0.07211822968750001 0.5513703703124999 0.07955208281250001 0.5627 0.0802604171875
9 0.8925925921875001 0.2046875 0.909259259375 0.1942708328125 0.9277777781250001 0.1890625 0.9444444437499999 0.18020833281249998 0.9685185187500001 0.1734375 0.9888888890624999 0.1703125 0.9990740734375001 0.1661458328125 0.9990740734375001 0.1541666671875 0.9861111109375 0.15572916718750002 0.9370370375 0.1703125 0.8851851859375 0.1916666671875 0.8453703703125001 0.20052083281250002 0.840740740625 0.2036458328125 0.8333333328125001 0.2036458328125 0.8111111109375001 0.21458333281250003 0.8129629625 0.21875 0.821296296875 0.2182291671875 0.8425925921875 0.2125 0.8925925921875001 0.2046875
9 0.5314814812499999 0.2765625 0.540740740625 0.2770833328125 0.5601851859375 0.2734375 0.5648148140625 0.2692708328125 0.646296296875 0.2510416671875 0.665740740625 0.2401041671875 0.6888888890625 0.2328125 0.6925925921875 0.23333333281250002 0.7166666671875 0.22291666718749997 0.7203703703125 0.2166666671875 0.7185185187500001 0.2036458328125 0.70555555625 0.2046875 0.6925925921875 0.2114583328125 0.6888888890625 0.2109375 0.50555555625 0.2671875 0.50648148125 0.2692708328125 0.4990740734375 0.2734375 0.459259259375 0.2864583328125 0.44629629687500005 0.2880208328125 0.425 0.29739583281250004 0.425 0.3020833328125 0.43055555625 0.3026041671875 0.502777778125 0.28958333281250004 0.5314814812499999 0.2765625
9 0.109259259375 0.2796875 0.12222222187500001 0.278125 0.13055555624999998 0.2713541671875 0.1296296296875 0.25833333281250004 0.1384259265625 0.24244791718749997 0.1453703703125 0.2390625 0.1546296296875 0.23802083281250003 0.16851851874999998 0.23072916718749997 0.1740740734375 0.23125 0.18148148125000002 0.2265625 0.1888888890625 0.22552083281250002 0.20370370312500002 0.2109375 0.21203703749999997 0.20989583281250002 0.2166666671875 0.2036458328125 0.20740740781250003 0.20416666718749998 0.1888888890625 0.209375 0.18148148125000002 0.215625 0.15370370312499998 0.22135416718749998 0.13981481406250001 0.22916666718749998 0.11388888906250001 0.21875 0.09351851875 0.23020833281250003 0.0916666671875 0.2567708328125 0.0953703703125 0.2869791671875 0.10555555624999999 0.2838541671875 0.109259259375 0.2796875
9 0.2370370375 0.3651041671875 0.246296296875 0.3609375 0.246296296875 0.35 0.234259259375 0.35 0.2046296296875 0.3567708328125 0.197222221875 0.3614583328125 0.190740740625 0.3609375 0.1851851859375 0.365625 0.1425925921875 0.375 0.12407407343750002 0.3807291671875 0.1175925921875 0.3848958328125 0.1074074078125 0.3921875 0.12407407343750002 0.3958333328125 0.134259259375 0.3958333328125 0.2370370375 0.3651041671875
9 0.5240740734375 0.40208333281249997 0.5629629625 0.3973958328125 0.5675925921875 0.39114583281250004 0.6175925921875 0.3791666671875 0.6425925921875 0.3802083328125 0.6564814812499999 0.3776041671875 0.6620370375 0.37552083281250004 0.66851851875 0.3682291671875 0.6777777781250001 0.3645833328125 0.7481481484375 0.3473958328125 0.7481481484375 0.33645833281250004 0.74351851875 0.3348958328125 0.7361111109375 0.3390625 0.73148148125 0.33541666718749996 0.7166666671875 0.3385416671875 0.5990740734375 0.36875 0.5935185187500001 0.371875 0.5574074078125 0.3796875 0.5518518515624999 0.3828125 0.54444444375 0.3817708328125 0.465740740625 0.4010416671875 0.4546296296875 0.40520833281249996 0.4703703703125 0.4088541671875 0.4703703703125 0.41197916718750005 0.5240740734375 0.40208333281249997
9 0.9740740734375001 0.5447916671875 0.9990740734375001 0.5427083328125 0.9990740734375001 0.5296875 0.965740740625 0.5322916671875 0.9305555562500001 0.5375 0.9203703703125001 0.5411458328125 0.9083333328125001 0.5416666671875 0.9064814812499999 0.5458333328125 0.9111111109375001 0.55 0.9583333328125001 0.5489583328125 0.9740740734375001 0.5447916671875
9 0.5935185187500001 0.5885416671875 0.590740740625 0.5916666671875 0.5990740734375 0.5947916671875 0.6175925921875 0.5916666671875 0.6148148140624999 0.5864583328124999 0.627777778125 0.5817708328125 0.7351851859375 0.5645833328125 0.7453703703125 0.5604166671875 0.74351851875 0.5494791671875 0.7398148140624999 0.5458333328125 0.7361111109375 0.5458333328125 0.7046296296875 0.5526041671875 0.7009259265625001 0.5552083328124999 0.6546296296875 0.559375 0.6509259265625 0.5604166671875 0.65 0.5645833328125 0.634259259375 0.5651041671875 0.6231481484375 0.5697916671875001 0.5759259265625001 0.5755208328125 0.571296296875 0.5744791671875 0.5694444437499999 0.5776041671875001 0.5861111109375 0.5791666671875 0.5916666671875 0.5828125 0.5935185187500001 0.5885416671875
9 0.79444444375 0.55625 0.797222221875 0.5526041671875 0.790740740625 0.5421875 0.7509259265625 0.5473958328124999 0.75 0.5567708328125 0.7546296296875 0.5625 0.7666666671875 0.5583333328125 0.79444444375 0.55625
9 0.5481481484375 0.5979166671875 0.565740740625 0.596875 0.5694444437499999 0.5953125 0.5675925921875 0.59375 0.5601851859375 0.5942708328124999 0.5555555562500001 0.5916666671875 0.5601851859375 0.5802083328125 0.5518518515624999 0.5796875 0.5490740734374999 0.5838541671875 0.5287037031249999 0.5885416671875 0.5398148140625 0.5963541671875 0.5481481484375 0.5979166671875
9 0.477777778125 0.6005208328125 0.48981481406249994 0.6020833328124999 0.509259259375 0.5994791671875 0.5129629625 0.5947916671875 0.503703703125 0.59375 0.45555555625000005 0.6026041671875 0.4583333328125 0.60625 0.47407407343749997 0.6072916671875 0.47222222187499996 0.6046875 0.477777778125 0.6005208328125
9 0.23240740781250002 0.8109375 0.240740740625 0.8078125 0.26203703749999996 0.8088541671874999 0.26944444375 0.80625 0.29444444375 0.8046875 0.29814814843750004 0.8088541671874999 0.3111111109375 0.8114583328125 0.3138888890625 0.8182291671874999 0.80648148125 0.7875 0.8453703703125001 0.7833333328125 0.8444444437499999 0.7671875 0.828703703125 0.7041666671875 0.8222222218749999 0.7010416671875 0.8046296296875 0.6994791671875 0.7675925921875 0.7036458328124999 0.7506175921875 0.7142359375 0.51944444375 0.7359375 0.5009259265625 0.7348958328124999 0.48981481406249994 0.7317708328125 0.44907407343749994 0.7338541671875001 0.43981481406249995 0.7390625 0.4361111109375 0.7463541671875 0.42222222187499997 0.7515625 0.4175925921875 0.7614583328125 0.42129629687500003 0.7677083328125 0.415740740625 0.7755208328125 0.4166666671875 0.78125 0.41018518593750003 0.7848958328125 0.40833333281249995 0.7838541671875 0.4046296296875 0.7895833328124999 0.38055555625 0.7880208328125 0.3731481484375 0.7817708328124999 0.36296296250000004 0.7833333328125 0.34629629687499996 0.7817708328124999 0.33703703749999997 0.7875 0.3296296296875 0.7854166671875 0.32592592656249997 0.7822916671875 0.3138888890625 0.7802083328125 0.3046296296875 0.7744791671875 0.3018518515625 0.7692708328125 0.29722222187499997 0.76875 0.29444444375 0.7546875 0.27870370312500004 0.7510416671875 0.23055555625 0.7734375 0.22777777812500002 0.7776041671875 0.23333333281250002 0.7802083328125 0.22870370312500002 0.8015625 0.21944444375 0.8104166671874999 0.23240740781250002 0.8109375
9 0.9101851859375 0.7713541671875 0.9138888890624999 0.8026041671874999 0.925 0.8296875 0.9398148140625 0.8411458328125001 0.9583333328125001 0.8375 0.95555555625 0.7979166671875 0.9490740734375 0.7744791671875 0.953703703125 0.7520833328125 0.9481481484375 0.7401041671875 0.9416666671874999 0.7375 0.93148148125 0.7260416671875001 0.921296296875 0.696875 0.9203703703125001 0.6802083328124999 0.9046296296874999 0.6421875 0.8981481484374999 0.6322916671875001 0.8925925921875001 0.6296875 0.8898148140625001 0.6307291671875 0.890740740625 0.646875 0.91851851875 0.74375 0.9175925921875001 0.7572916671875001 0.9101851859375 0.7713541671875
11 0.8990740734375 0.9994791671875 0.98148148125 0.9994791671875 0.9703703703125001 0.9567708328125001 0.9675925921875 0.9296875 0.9453703703125 0.8552083328125001 0.9453703703125 0.8380208328125001 0.9388888890624999 0.8322916671874999 0.9305555562500001 0.8322916671874999 0.922222221875 0.821875 0.9175925921875001 0.803125 0.91944444375 0.7973958328124999 0.9111111109375001 0.7838541671875 0.9111111109375001 0.7697916671875 0.91851851875 0.7510416671875 0.8990740734375 0.6723958328124999 0.890740740625 0.6510416671875 0.8870370375000001 0.6270833328125 0.871296296875 0.6083333328125 0.8731481484374999 0.6020833328124999 0.865740740625 0.5942708328124999 0.852777778125 0.5901041671875 0.8120370375 0.5932291671875001 0.8138888890624999 0.6197916671875 0.8296296296874999 0.7 0.8981481484374999 0.9973958328125001 0.8990740734375 0.9994791671875
8 0.9740740734375001 0.7822916671875 0.9861111109375 0.7817708328124999 0.9990740734375001 0.7765625 0.9990740734375001 0.6802083328124999 0.99444444375 0.6802083328124999 0.9703703703125001 0.6895833328125 0.959259259375 0.6973958328125 0.95648148125 0.7442708328125 0.959259259375 0.775 0.9648148140625 0.7796875 0.9740740734375001 0.7822916671875
11 0.9740740734375001 0.7822916671875 0.9861111109375 0.7817708328124999 0.9990740734375001 0.7765625 0.9990740734375001 0.6802083328124999 0.99444444375 0.6802083328124999 0.9703703703125001 0.6895833328125 0.959259259375 0.6973958328125 0.95648148125 0.7442708328125 0.959259259375 0.775 0.9648148140625 0.7796875 0.9740740734375001 0.7822916671875