9 0 0.4838541671875 0.0129629625 0.4927083328125 0.028703703125 0.49375 0.0379629625 0.490625 0.055555556250000006 0.49114583281249996 0.051851851562499995 0.4703125 0.060185185937499996 0.46666666718750005 0.060185185937499996 0.44739583281249995 0.053703703125 0.44427083281249996 0.03148148125 0.44114583281249997 0.028703703125 0.4380208328125 0.004629629687499999 0.4375 0 0.43854166718750004 0 0.4838541671875
9 0.2518518515625 0.49791666718750005 0.3148148140625 0.49635416718750003 0.3240740734375 0.42760416718750005 0.321296296875 0.42395833281249995 0.3101851859375 0.4213541671875 0.2870370375 0.42083333281249996 0.2740740734375 0.4244791671875 0.2638888890625 0.4223958328125 0.2509259265625 0.42760416718750005 0.197222221875 0.43541666718750005 0.177777778125 0.43333333281249997 0.125 0.4348958328125 0.10185185156250001 0.44114583281249997 0.09074074062500001 0.44947916718750003 0.09629629687499999 0.4578125 0.0898148140625 0.4796875 0.0953703703125 0.4875 0.2518518515625 0.49791666718750005
8 0.99351851875 0.5010416671875 0.9990740734375001 0.4921875 0.9990740734375001 0.40260416718750003 0.9685185187500001 0.3942708328125 0.85555555625 0.39114583281250004 0.8453703703125001 0.39114583281250004 0.825 0.3973958328125 0.8055555562500001 0.3973958328125 0.797222221875 0.3994791671875 0.796296296875 0.490625 0.7981481484375 0.49895833281249996 0.8055555562500001 0.503125 0.99351851875 0.5010416671875
8 0.5120370375000001 0.496875 0.5824074078125 0.49375 0.6370370375000001 0.4947916671875 0.6555555562500001 0.4927083328125 0.6833333328125 0.49322916718750004 0.7388888890625 0.5026041671875 0.75648148125 0.5015625 0.7620370375000001 0.490625 0.7611111109375 0.40052083281249995 0.7509259265625 0.39895833281250004 0.7333333328125 0.40208333281249997 0.703703703125 0.403125 0.66944444375 0.4 0.6379629625 0.4015625 0.5666666671875 0.4067708328125 0.4879629625 0.4166666671875 0.447222221875 0.428125 0.42870370312499995 0.4703125 0.42592592656250006 0.49791666718750005 0.43148148124999997 0.5015625 0.4601851859375 0.4953125 0.5120370375000001 0.496875
8 0.853703703125 0.2770833328125 0.86851851875 0.2776041671875 0.9009259265624999 0.26875 0.9324074078125 0.2692708328125 0.9685185187500001 0.26614583281250004 0.9990740734375001 0.2677083328125 0.9990740734375001 0.2541666671875 0.99351851875 0.253125 0.8648148140625 0.259375 0.8324074078124999 0.259375 0.79351851875 0.2557291671875 0.79444444375 0.2713541671875 0.809259259375 0.2723958328125 0.8296296296874999 0.2796875 0.853703703125 0.2770833328125
8 0.521296296875 0.2869791671875 0.54444444375 0.28854166718749996 0.64351851875 0.2791666671875 0.6675925921875 0.28072916718749996 0.678703703125 0.2776041671875 0.7129629625 0.2796875 0.7231481484375 0.2770833328125 0.759259259375 0.27395833281250004 0.7629629625 0.2713541671875 0.7629629625 0.2588541671875 0.759259259375 0.2557291671875 0.47407407343749997 0.2755208328125 0.45277777812500003 0.2796875 0.4546296296875 0.2859375 0.46666666718750005 0.2854166671875 0.49629629687500004 0.2890625 0.521296296875 0.2869791671875
8 0.0759259265625 0.28125 0.065740740625 0.2838541671875 0.061111110937500004 0.28177083281250004 0.048148148437499996 0.28177083281250004 0.048148148437499996 0.2869791671875 0.08055555625000001 0.2869791671875 0.08148148125 0.2833333328125 0.0759259265625 0.28125
8 0.321296296875 0.2786458328125 0.3416666671875 0.2770833328125 0.340740740625 0.2614583328125 0.29814814843750004 0.2635416671875 0.296296296875 0.26510416718749996 0.2953703703125 0.2770833328125 0.29814814843750004 0.2796875 0.309259259375 0.2770833328125 0.321296296875 0.2786458328125
8 0.2518518515625 0.2828125 0.2824074078125 0.2791666671875 0.28611111093749997 0.2760416671875 0.2870370375 0.2630208328125 0.24907407343750002 0.2645833328125 0.2388888890625 0.2677083328125 0.196296296875 0.2682291671875 0.184259259375 0.2666666671875 0.178703703125 0.2723958328125 0.11944444375 0.2723958328125 0.1120370375 0.275 0.109259259375 0.2828125 0.12222222187500001 0.290625 0.14444444375 0.2848958328125 0.2518518515625 0.2828125
9 0.14444444375 0.0625 0.165740740625 0.060416667187499995 0.1759259265625 0.052604167187499995 0.1481481484375 0.0536458328125 0.13333333281249998 0.052604167187499995 0.055555556250000006 0.060416667187499995 0.0490740734375 0.0640625 0.13333333281249998 0.0671875 0.13981481406250001 0.0661458328125 0.14444444375 0.0625
9 0.2203703703125 0.058333332812500006 0.24351851875000002 0.059375 0.259259259375 0.05625 0.2666666671875 0.0489583328125 0.275 0.0463541671875 0.3166666671875 0.0411458328125 0.36666666718749996 0.0385416671875 0.3703703703125 0.0286458328125 0.36851851875 0.0265625 0.3425925921875 0.0286458328125 0.33055555625 0.0348958328125 0.29814814843750004 0.0395833328125 0.2166666671875 0.0416666671875 0.1861111109375 0.0484375 0.178703703125 0.05208333281250001 0.17962962968750001 0.0536458328125 0.2018518515625 0.052604167187499995 0.2203703703125 0.058333332812500006
9 0.75555555625 0.0125 0.75648148125 0.008854167187500001 0.7518518515625 0.0041666671875 0.7388888890625 0.003125 0.727777778125 0.007291667187500001 0.7259259265625 0.0135416671875 0.7361111109375 0.0171875 0.7509259265625 0.0151041671875 0.75555555625 0.0125