10 0.6823452999999999 0.7588445687500001 0.6903127875 0.7521943296875 0.69956905625 0.7511264171875001 0.7017718921875 0.7442034515625 0.7098916421875 0.7423288593749999 0.7112273828125 0.739882346875 0.707079753125 0.730149234375 0.6990420625 0.7282631484375 0.6849233359375 0.7288500453125 0.672105246875 0.7227222671875 0.66595400625 0.7166589250000001 0.6632241796875 0.700718621875 0.6562528046875 0.6911028890625001 0.653792403125 0.680445715625 0.6466218046875001 0.674083178125 0.634038040625 0.6689703687499999 0.620036475 0.67006475 0.5992978609375 0.66255836875 0.5865499734374999 0.664966915625 0.5724663484375 0.669821978125 0.5719156390625 0.67155271875 0.5978905046875 0.7799460953125 0.6095018703124999 0.776730865625 0.6122905140625 0.7723453234375001 0.6355953078125001 0.7621541875 0.64822603125 0.7592381546875 0.6578337859375 0.759692696875 0.6612082390625 0.7578445765625 0.667558703125 0.7606547234375001 0.673639740625 0.7581817390625 0.6823452999999999 0.7588445687500001
10 0.071126546875 0.8609345984375001 0.085572575 0.9276233453125 0.10204640000000001 0.9248891296874999 0.109580340625 0.920477115625 0.1251519703125 0.9179511890625 0.13943481875 0.9098429328125001 0.1422234640625 0.9054573890625001 0.1365878296875 0.8933951421874999 0.11135009843749999 0.8746331968750001 0.0789650140625 0.86607388125 0.071126546875 0.8609345984375001
9 0.372532065625 0.59410683125 0.397910675 0.5887822515625001 0.4080340359375 0.5832378890625 0.41008460625 0.5715392765625 0.4000902625 0.5652941171875 0.40084019375 0.56031018125 0.39637618125 0.5533227796875 0.387319134375 0.551137496875 0.3863818375 0.547077621875 0.3837924171875 0.5482099687499999 0.3875534578125 0.5521524656250001 0.3846476515625 0.5560305234375 0.3866043046875 0.5603895953125 0.38346417499999996 0.5632526859375 0.3745593921875 0.56584305 0.355894590625 0.563203225 0.3525201359375 0.5650513453125 0.340322959375 0.565729153125 0.33616347343749997 0.5682930453124999 0.308394665625 0.5714967796875 0.305219434375 0.57009170625 0.296982521875 0.5714588140625 0.2938423921875 0.5743219046875 0.256817315625 0.5785935484375 0.230700634375 0.5766050593750001 0.19987375624999998 0.5789112046875 0.1936053546875 0.572340378125 0.18709077031250002 0.5770515875 0.1825797984375 0.578093028125 0.17544430312499998 0.5759986546875 0.16677384374999998 0.5796039875 0.16792174843750002 0.6092728421875 0.1710030625 0.6267356000000001 0.177154303125 0.6327989406250001 0.1890820546875 0.6268380015624999 0.21661653749999998 0.6226193 0.24344804843749998 0.6153556906250001 0.2694124671875 0.6125685328125 0.2981655296875 0.6053958328125 0.3241299484375 0.602608675 0.3509614578125 0.595345065625 0.372532065625 0.59410683125
9 0.13940301093750002 0.6174605109375 0.125390528125 0.548533540625 0.1002111421875 0.5506049265625 0.09182196718749999 0.5471963859375 0.0793084046875 0.5506199031250001 0.0760160125 0.5487073437500001 0.062131609374999994 0.5503092109375001 0.059858571875 0.54869585 0.0498172703125 0.550479534375 0.0378895203125 0.556440471875 0.0176897546875 0.5595003562499999 0.0101558125 0.56391236875 0.0016845765624999998 0.5642645078124999 0.023945357812500002 0.660686546875 0.040969890625 0.6562215890624999 0.079014325 0.6522491390625 0.10377202187500001 0.640118975 0.13279450937499998 0.63822940625 0.1401761859375 0.6290417453125 0.13940301093750002 0.6174605109375
10 0.137691128125 0.7252969421875 0.151774753125 0.7204418796875001 0.1437493921875 0.665099609375 0.13901595312499998 0.6528290734375 0.14019943125 0.6456069125 0.135465990625 0.6333363796875 0.131974375 0.634677015625 0.1308027546875 0.629602171875 0.130404309375 0.6361085609375 0.11550054843749999 0.63741123125 0.1123604203125 0.640274321875 0.08902052499999999 0.64619729375 0.083642459375 0.651715184375 0.06850437499999999 0.6520028875 0.04493015625 0.6569108906250001 0.0354746640625 0.661231996875 0.047156234375 0.6665530953125 0.0678597484375 0.6697913125 0.06903136875 0.67486615625 0.077971253125 0.6765439546875001 0.072264946875 0.6971045609375001 0.051748796875 0.7029101546875001 0.039082971875 0.7015580234375001 0.034255615625 0.7053451734375 0.0462061390625 0.757108584375 0.06503506249999999 0.7522270515625 0.0891950921875 0.7498564703125 0.10186091718750001 0.7512086 0.1144916390625 0.7482925671875 0.13196157656250002 0.7292923796874999 0.137691128125 0.7252969421875
10 0.1090457234375 0.539478234375 0.12430096875 0.5396980171875 0.127276978125 0.5443562859375 0.128776840625 0.5343884140624999 0.12209860624999999 0.505461803125 0.1164511140625 0.5056965609375 0.1131938234375 0.5080521671875 0.11013575312499999 0.507154578125 0.0827886359375 0.5204170921875 0.0766724953125 0.5186219140625 0.06459248125 0.5198072046875 0.05423479531249999 0.5243365984375 0.06093674375 0.5286691984375 0.0605383 0.5351755875 0.0654007578125 0.5356566015625 0.0692789625 0.54010658125 0.074692128125 0.538856853125 0.08241343437500001 0.54348865 0.0941419625 0.5407809046875001 0.09833655 0.5424851765625001 0.1090457234375 0.539478234375
8 0.3227828203125 0.5761930140625 0.3269774078125 0.577897284375 0.3320390875 0.575125103125 0.3425490375 0.57537135625 0.34580632968749997 0.5730157499999999 0.3515709828125 0.573288475 0.357300534375 0.5692930390625001 0.3776525625 0.571008803125 0.38283140625 0.5687441062499999 0.38996690156249997 0.5708384796875 0.3999731015625 0.5647866328125 0.40136765781249995 0.5420142718750001 0.39243963125 0.5280394687500001 0.3398666390625 0.5102430296875 0.315671509375 0.5083454484375001 0.2987290359375 0.5090497265625 0.294136003125 0.5138518453125 0.2364776140625 0.5234216 0.231814378125 0.5196873921875 0.23416947656249998 0.517540075 0.224561721875 0.5170855328124999 0.2218902390625 0.5219785609375001 0.2158092015625 0.5244515437499999 0.2029441546875 0.5263526078125 0.18434955625 0.532249109375 0.17802233750000002 0.5460041296875 0.16766465 0.550533525 0.16334104375 0.560618775 0.166855903125 0.5758433078125 0.1860714140625 0.5767523921875 0.1994402109375 0.5811494296874999 0.224619596875 0.5790780437499999 0.2317550921875 0.58117241875 0.26497216875 0.5809871203125 0.28246535 0.5785521015625 0.28779645625 0.5810630515625 0.303953896875 0.5810745453124999 0.3227828203125 0.5761930140625
10 0.3017520046875 0.5056791515625 0.279947071875 0.5059024171875001 0.23125228281250002 0.492555959375 0.21952375468750002 0.495263703125 0.21532916562499999 0.49355943281250003 0.17521092031250002 0.4926653265625 0.16709116875000002 0.49453991875 0.16238097499999998 0.498834553125 0.15696780625 0.50008428125 0.15907672343749998 0.5092190000000001 0.1558545328125 0.5158427671875 0.158267975 0.5345287828124999 0.1620290171875 0.5384712781250001 0.1721523796875 0.5329269156249999 0.1836816859375 0.533472365625 0.1957265984375 0.5280189125 0.2214566921875 0.5242167859375 0.258048221875 0.522183365625 0.30813756875 0.5127574625 0.316573703125 0.5081371609375 0.3017520046875 0.5056791515625
9 0.5995345359375001 0.45777743906249996 0.581021996875 0.45991326250000003 0.5326549796875 0.47268326875 0.5231643859374999 0.4727362109375 0.5194735484375 0.47733004218749997 0.547897428125 0.567518415625 0.5527598859375 0.567999428125 0.6496461859375 0.5472350640625 0.65666451875 0.5488219546875001 0.6634134265625 0.5451257140625 0.6669871015625 0.5400243984374999 0.646155509375 0.4662573421875 0.6376842734375 0.46660948125 0.6122003609375 0.459129571875 0.5995345359375001 0.45777743906249996
9 0.8261485359374999 0.48029415000000003 0.8147714953125 0.48452434687499996 0.8081867062500001 0.48069923125 0.802422053125 0.48042650625 0.795555984375 0.48361526250000003 0.7889593390625 0.49208715312500007 0.7896974125 0.49940022187500005 0.7862408984375 0.5050090218750001 0.7746646328125 0.5124924140625 0.7590109421875 0.5187790203125 0.75018821875 0.51760870625 0.745911571875 0.519665115625 0.731207034375 0.517714590625 0.7227708984375 0.52233489375 0.70124725 0.5155442859375 0.695752021875 0.5205546921875001 0.69609165 0.5343741515625 0.7032622484375 0.5407366890625 0.7733170359375 0.5272359328125 0.8113614671875 0.5232634843749999 0.83583788125 0.51814719375 0.852510928125 0.5121597828125 0.8487266437500001 0.49165211875 0.8390605421874999 0.47036424375 0.8306244078124999 0.474984546875 0.8261485359374999 0.48029415000000003
9 0.994026446875 0.4912480859375 0.9860945328125 0.46100730937499995 0.9796387640625 0.445392671875 0.9752098531250001 0.44267343437499995 0.95579511875 0.44501754375 0.94956181875 0.44271488124999997 0.9301470859375 0.4450589921875 0.9050497609375 0.44336969843749996 0.8699813375 0.45200041406249997 0.8626817203125 0.4574273984375 0.8717852562499999 0.49274301875 0.8810647671874999 0.5082402765625 0.900010853125 0.5038662281249999 0.9132273859375 0.50348761875 0.93025191875 0.49902266093750003 0.934329346875 0.500219446875 0.9460578749999999 0.497511703125 0.9503696250000001 0.4997234578125 0.9727252640625 0.4977694515625 0.994026446875 0.4912480859375
10 0.971156140625 0.4168826359375 0.95866629375 0.3957121421875 0.9543313 0.3769352203125 0.9493165781249999 0.371678559375 0.9451570921875 0.37424245156249997 0.9461294890625 0.382570490625 0.9400835531249999 0.3893116375 0.9397202109375 0.400086190625 0.9431648671874999 0.40677439687500005 0.9400247359374999 0.40963748593749993 0.8884473859375 0.4167342546875 0.8830342203124999 0.4179839828125 0.8705557609374999 0.42567566250000005 0.865458978125 0.42417968124999994 0.8611823296875001 0.42623609062499995 0.8536132859375 0.42637994062500006 0.860420540625 0.44351703125 0.8697119109375 0.4467172828125 0.883244828125 0.4435929625 0.913403834375 0.44251007500000006 0.9288583031250001 0.43947666406249997 0.937833290625 0.44542262499999996 0.9486596234375 0.44292316875 0.9582673796875 0.4433777109375 0.9768619765625 0.437481209375 0.971156140625 0.4168826359375
9 0.41727844843749995 0.5944669828125 0.41809858125000005 0.5980193734375 0.42421472031249996 0.5998145515625 0.42017239531249995 0.60288593125 0.42087536718749996 0.6059308375 0.44585553125 0.6071126453125 0.45793554687500004 0.6059273546874999 0.46558664843750003 0.6020228249999999 0.47080059375000005 0.6040262921874999 0.468246271875 0.6094268031250001 0.47020292656249996 0.613785875 0.466394925 0.617872221875 0.47149170781249994 0.619368203125 0.4796460890625 0.6629209546875 0.4839578390625 0.665132709375 0.48586753437499997 0.6775206218750001 0.49076509375 0.6822697984375 0.487425740625 0.6883860828125 0.47668146718750004 0.687124859375 0.4731898515625 0.6884654968749999 0.4688781015625 0.6862537421875 0.464484290625 0.687802665625 0.46184791093750005 0.69696385625 0.4549467390625 0.6958844515625 0.45239241874999997 0.7012849640625001 0.447412796875 0.7002964656249999 0.44552635 0.7044737203125 0.43775808437499997 0.707870765625 0.4326613015625 0.706374784375 0.43148968125 0.701299940625 0.42940400937499995 0.7087303890625 0.4359650828125 0.737149515625 0.446791415625 0.734650059375 0.4545947828125 0.7355211765624999 0.4673426671875 0.7331126296875 0.4685963484375 0.7344267953125 0.466311453125 0.7451104390625 0.47458346718750005 0.74801149375 0.47182992500000004 0.7566652 0.47393884062499997 0.7657999203125 0.4719352296875 0.769469690625 0.4671899328125 0.7694961609375001 0.4629483859375 0.775820734375 0.4665102046875 0.783016425 0.463370075 0.7858795140625 0.46344027812500005 0.7944158390625 0.47159513124999997 0.7968094109375 0.4737861078125 0.8021834531250001 0.48225734375 0.8018313140625001 0.48999050625 0.7941661046874999 0.5001489703125 0.7928899046875 0.5099089890624999 0.7981200937499999 0.5205361 0.7988738328125 0.5321005078125001 0.8036874468749999 0.54257535625 0.7996655374999999 0.5450125140625001 0.7937575406249999 0.5536009125 0.7939128859375 0.556940265625 0.787796603125 0.5492777765625 0.7628389578125 0.55203131875 0.7541852515625 0.548738925 0.7522726937499999 0.539939915625 0.72650836875 0.537831 0.7173736484375001 0.5400689359374999 0.7147188484375 0.535968265625 0.69695689375 0.532558709375 0.6945368515625 0.53385935 0.6878221734375 0.5282588171875 0.680028090625 0.52917286875 0.6675227984375 0.5247439578125 0.6648035578125 0.5246386515625 0.65199906875 0.5203269015624999 0.6497873140625 0.521358115625 0.6377895046875001 0.5103448875 0.590085971875 0.5054122265625 0.58106863125 0.5075329984375 0.5779063453125 0.49861682968750004 0.5516345359375 0.49991746875 0.544919859375 0.49662507656250005 0.5430073 0.49173937187499994 0.52596111875 0.49221987812499995 0.5156940515625 0.4886931609375 0.5127665234375 0.4701464625 0.42831582343749997 0.46938514531250003 0.4044375859375 0.47441172343750004 0.39739724062500004 0.48139495625000006 0.39471596875000003 0.47073321406249996 0.34853488593750004 0.45500978906249995 0.3051259875 0.4450159171875 0.2577216484375 0.4478045609375 0.25333610625 0.44569564531249994 0.24420138749999998 0.4407980859375 0.2394522109375 0.4251918234375 0.1965507953125 0.422016590625 0.19514572187499998 0.411436909375 0.14520396093750002 0.3910972078125 0.09003201250000001 0.3835286359375 0.049016682812500004 0.37137841875 0.041665646875000004 0.3681211265625 0.044021253125 0.3639265390625 0.0423169828125 0.3517644640625 0.0472629515625 0.351682403125 0.05102363125 0.34461711093749997 0.057465582812500006 0.3438202203125 0.0704783609375 0.33820783125 0.074981284375 0.347288121875 0.0937317359375 0.34695988125 0.10877445 0.353778990625 0.1136145359375 0.3534977078125 0.12062840781249999 0.3734859234375 0.17427790625 0.371036909375 0.1924829078125 0.36609238906249997 0.1957625734375 0.3659633703125 0.20755209218749998 0.3596831109375 0.2132782734375 0.3614054375 0.21662237499999998 0.3548908546875 0.2213335859375 0.3555117671875 0.22813917187500002 0.3513522796875 0.23070306562499998 0.3611469296875 0.2813605984375 0.37485535468750003 0.29957709375 0.3625993625 0.32058074687500004 0.3639113890625 0.34272824375 0.3587206875 0.3572899484375 0.366500340625 0.38275507656249996 0.363043825 0.38836387656250004 0.37593211718749997 0.40302798125 0.3843445359375 0.4230016890625 0.4078120390625 0.5287667359375 0.4062770765625 0.53446644375 0.4106590296875 0.5452145234375 0.4125217640625 0.5656312796875 0.41972746250000004 0.5762619812499999 0.41693881875 0.5806475234375 0.41991482812500003 0.5853057921875 0.41727844843749995 0.5944669828125
8 0.9205872296875001 0.3542572484375 0.8847807328125 0.35557489531250003 0.8291259562500001 0.3614748796875 0.832722878125 0.3729387328125 0.8452364390625 0.369515215625 0.8733918328125 0.3721020984375 0.884452490625 0.37061761249999997 0.8912013984374999 0.36692136875000003 0.9334404203125001 0.364653190625 0.93594778125 0.3672815203125 0.947793471875 0.3650812609375 0.9433764171875 0.3500650171875 0.9205872296875001 0.3542572484375
8 0.600953278125 0.36925188750000004 0.5907948140625 0.3705280875 0.5793357125 0.3785189640625 0.5647834359374999 0.3813440875 0.52411448125 0.382180721875 0.514975375 0.3837561171875 0.5111673734375 0.3878424640625 0.5026961375 0.388194603125 0.5000246546875 0.3930876296875 0.5253563046874999 0.3957918921875 0.5643029328125 0.39161115625 0.5731256546875 0.3927814703125 0.6073269859375 0.3886272046875 0.6206606796874999 0.388756078125 0.6238008109375001 0.38589298906249997 0.61433393125 0.3613519203125 0.6054291484375 0.363942284375 0.600953278125 0.36925188750000004
8 0.746206121875 0.3768766984375 0.7579697515625 0.37843711562500004 0.8079770375 0.3727718921875 0.8023063031250001 0.3564414828125 0.7940342874999999 0.353540428125 0.745163521875 0.3600123328125 0.72583085 0.35859576406250004 0.7215542015625 0.3606521734375 0.714887353125 0.3605877359375 0.69351596875 0.358572775 0.6780615 0.3616061859375 0.6637084484375 0.361178115625 0.65852960625 0.3634428125 0.652530628125 0.36215511875 0.6462152671875 0.363613134375 0.6497652281249999 0.38310583125000003 0.6554478203125 0.38713923437500003 0.6622318296875 0.38771115625 0.672706678125 0.383689246875 0.6792563656249999 0.3832462 0.6826659187499999 0.3856662421875 0.6923908359375 0.38662826875 0.7111025984375 0.38123925000000003 0.7280450703125 0.3805349734375 0.746206121875 0.3768766984375
8 0.2883139453125 0.4104274296875 0.29259059375 0.40837102031250005 0.3041199 0.4089164703125 0.307377190625 0.40656086562500005 0.31529771875 0.40793946718749996 0.3204765625 0.4056747703125 0.347026790625 0.405425034375 0.35558008750000003 0.4013122171875 0.35887248125000004 0.40322477343749996 0.362246934375 0.4013766546875 0.346839425 0.39638122343750004 0.33793464218749997 0.39897158906249997 0.329779790625 0.3965780171875 0.27471082343750003 0.40501542187500006 0.2667902953125 0.4036368203125 0.219805978125 0.4059314703125 0.196114596875 0.4103319890625 0.1880769078125 0.40844590312499995 0.1690136609375 0.4123124671875 0.164303465625 0.41660710156249997 0.1574843546875 0.4117670171875 0.1467751828125 0.4147739578125 0.14602525156249999 0.41975789218750004 0.1782229703125 0.419273396875 0.19842273593749998 0.41621351406249996 0.2138302453125 0.4212089453125 0.2228170890625 0.41485790156249996 0.24077891875000001 0.41445282031249997 0.2594906796875 0.409063803125 0.279725546875 0.41027208281250005 0.2850215515625 0.4085148703125 0.2883139453125 0.4104274296875
8 0 0.4352855640625 0.0216514296875 0.43671211874999993 0.029419693749999996 0.4333150734375 0.03396576875 0.43654179531250004 0.0458465609375 0.43860969843750003 0.05498566875000001 0.437034303125 0.0633046390625 0.43190651718749995 0.0785247859375 0.4278581359375 0.08632815 0.4287292546875 0.11362830937499999 0.4234955828125 0.1114842921875 0.41009270000000003 0.107289703125 0.40838842968750005 0.05257222499999999 0.4183482890625 0 0.42294339062499997 0 0.4352855640625
0 0 0.419576246875 0.0673461609375 0.4162627546875 0.0609980109375 0.2836263328125 0 0.2844470125 0 0.419576246875
9 0.9161364859375001 0.2114953015625 0.92719714375 0.210010815625 0.9317901765625001 0.2052086953125 0.93924205625 0.2045573609375 0.9397927656249999 0.20282661875 0.92857984375 0.19953545781249998 0.92299116875 0.1794443703125 0.9121297328125 0.1776756625 0.9109813578124999 0.1891659875 0.9161364859375001 0.2114953015625
9 0.8221208921875001 0.22411344375 0.8316465859375001 0.22832866406250002 0.85749384375 0.22503402343749998 0.8663165656249999 0.22620433750000002 0.8697730796875 0.2205955375 0.8816187703124999 0.2183952765625 0.87697925 0.19006705937499999 0.8641379171875 0.1673741125 0.8498669265625001 0.1631853609375 0.810721075 0.17061929375 0.805940678125 0.1663776015625 0.7770823109375 0.1607458125 0.7633971296875 0.159094484375 0.755511703125 0.1619840453125 0.7659628374999999 0.182556146875 0.7716217140625 0.21118356249999998 0.7888336125000001 0.21576241562499998 0.7932274234375 0.2142134921875 0.8014994375000001 0.21711454843750003 0.8078148 0.21565653125 0.81302874375 0.2176599984375 0.8174225546875 0.21611107343749997 0.8226365 0.21811454062500002 0.8221208921875001 0.22411344375
9 0.7042156359375 0.1620669421875 0.6889252875 0.15757899687500002 0.6639802265625 0.16066534999999998 0.6456669109375001 0.159547978125 0.6317825078125 0.1611498453125 0.6119811875 0.157703340625 0.5846459265624999 0.158668846875 0.5914764234375001 0.19237110625 0.6035327234375 0.2157798265625 0.668748296875 0.218363228125 0.700946015625 0.21787873124999999 0.71279170625 0.215678471875 0.7410642640625 0.21877283906249997 0.7474967875 0.21782230781249998 0.7414043625 0.1914331171875 0.7286450906249999 0.16497949218750002 0.7042156359375 0.1620669421875
9 0.5039165984375 0.2206038859375 0.5121535109375001 0.21923677812500003 0.51928900625 0.221331153125 0.5283109515625 0.2192482734375 0.5339935437500001 0.2232816765625 0.549565175 0.22075575 0.5573334390625 0.2173587046875 0.5603915078124999 0.21825629375000002 0.5643166703125 0.21467743125 0.5680426125 0.21435176406249998 0.5725184828125001 0.2090421609375 0.559466540625 0.1607402328125 0.5543346578125 0.1549760875 0.5358690765625 0.1490830671875 0.502066190625 0.1467309453125 0.49512991875 0.1413833765625 0.466505875 0.13676655625 0.46105760625 0.1337481203125 0.4430957765625 0.134153203125 0.4313672484375 0.136860946875 0.433300421875 0.1452344390625 0.42691462343750003 0.15873571875 0.4337337328125 0.163575803125 0.438724740625 0.19342647500000001 0.4439386859375 0.19542994062500002 0.4463170265625 0.2098477921875 0.4522339421875 0.214896165625 0.46505203125000005 0.22102394374999998 0.4805065 0.21799053124999998 0.5039165984375 0.2206038859375
10 0.1203103078125 0.12314875624999999 0.12499678750000001 0.14344813437499998 0.12311033906249999 0.1476253875 0.12941384375 0.158464378125 0.1221142265625 0.1638913609375 0.1556827875 0.16522851562500002 0.16278318281249998 0.1630547265625 0.16713003437500001 0.16953464375 0.17312901249999998 0.1708223390625 0.2016828515625 0.16690283125 0.21685603750000002 0.17088329375 0.2250929484375 0.169516184375 0.23811025937500002 0.1723907703125 0.2603487375 0.1699292796875 0.2663126125 0.1669488109375 0.273213784375 0.168028215625 0.27379959375 0.1705656390625 0.2783105671875 0.1695241984375 0.279798571875 0.17185333281249998 0.29254645625000003 0.169444784375 0.2961903375 0.172879796875 0.3030915078125 0.1739592015625 0.321369721875 0.17080841093750002 0.305072815625 0.071405903125 0.29566428437500003 0.0676981671875 0.29210246562500003 0.0605024765625 0.264099334375 0.062691240625 0.22665256718750001 0.056904106249999996 0.2071206734375 0.058740734375000006 0.20167240468749997 0.0557222984375 0.11145295468750001 0.07655110000000001 0.12088473125000002 0.09682400468749999 0.1156589296875 0.10711754375 0.1125188 0.10998063281249999 0.1069884703125 0.110722878125 0.11038616875 0.125439925 0.1203103078125 0.12314875624999999