10 0.5481481484375 0.9848958328125 0.54444444375 0.978125 0.540740740625 0.978125 0.5361111109375 0.9739583328125001 0.5314814812499999 0.965625 0.5324074078125001 0.9489583328125001 0.527777778125 0.9333333328125001 0.527777778125 0.9192708328125001 0.5148148140625 0.9036458328125001 0.50648148125 0.9 0.49351851875 0.8979166671875 0.47407407343749997 0.8848958328125001 0.4509259265625 0.8854166671874999 0.4453703703125 0.8885416671874999 0.44629629687500005 0.9994791671875 0.571296296875 0.9994791671875 0.5722222218749999 0.9864583328125001 0.5481481484375 0.9848958328125
9 0.990740740625 0.9770833328125 0.990740740625 0.9817708328125001 0.99351851875 0.9838541671875 0.9990740734375001 0.9838541671875 0.9990740734375001 0.9703125 0.9953703703125001 0.9692708328125 0.99351851875 0.9692708328125 0.9916666671875 0.9703125 0.9916666671875 0.971875 0.9898148140625 0.9739583328125001 0.9898148140625 0.9765625 0.990740740625 0.9770833328125
9 0.7703703703125 0.9875 0.75 0.9854166671875 0.7240740734375 0.9885416671874999 0.6731481484375 0.990625 0.65 0.99375 0.6379629625 0.9932291671875 0.634259259375 0.9953125 0.63055555625 0.99375 0.6259259265625 0.9958333328125001 0.625 0.9994791671875 0.8 0.9994791671875 0.796296296875 0.9859375 0.7703703703125 0.9875
9 0.8620370375 0.9973958328125001 0.871296296875 0.9958333328125001 0.8879629625 0.9958333328125001 0.9074074078125 0.9921875 0.95555555625 0.9890625 0.965740740625 0.9859375 0.9629629625 0.9760416671875 0.9583333328125001 0.9734375 0.9361111109375001 0.9770833328125 0.922222221875 0.9760416671875 0.9083333328125001 0.978125 0.88055555625 0.9791666671874999 0.85555555625 0.978125 0.8259259265625 0.9807291671874999 0.8240740734375 0.9817708328125001 0.825 0.9994791671875 0.8611111109375 0.9994791671875 0.8620370375 0.9973958328125001
9 0.6777777781250001 0.7770833328125 0.68148148125 0.7796875 0.7138888890625 0.7817708328124999 0.7203703703125 0.7869791671875 0.727777778125 0.7828125 0.7324074078125 0.7838541671875 0.7361111109375 0.78125 0.75555555625 0.7817708328124999 0.759259259375 0.7802083328125 0.75555555625 0.7479166671875 0.7490740734375 0.7401041671875 0.7490740734375 0.734375 0.740740740625 0.7296875 0.7351851859375 0.7302083328125 0.725 0.7260416671875001 0.7203703703125 0.7260416671875001 0.7166666671875 0.7302083328125 0.7046296296875 0.7307291671875 0.7 0.7328125 0.6944444437499999 0.74375 0.69351851875 0.7546875 0.6768518515624999 0.7604166671875 0.6537037031249999 0.7567708328125 0.65 0.7541666671875 0.6388888890625 0.7557291671875 0.6259259265625 0.7546875 0.60648148125 0.7432291671875 0.6 0.7473958328125 0.5944444437499999 0.7453125 0.597222221875 0.7515625 0.5944444437499999 0.7635416671875 0.6009259265625 0.7776041671875 0.6777777781250001 0.7770833328125
9 0.6805555562500001 0.7713541671875 0.6861111109375 0.7723958328125 0.6888888890625 0.778125 0.7018518515625 0.7776041671875 0.7046296296875 0.7796875 0.753703703125 0.7786458328125 0.75555555625 0.7703125 0.7518518515625 0.765625 0.7333333328125 0.7635416671875 0.7361111109375 0.7578125 0.7333333328125 0.74375 0.73055555625 0.7494791671875001 0.7203703703125 0.7510416671875 0.7120370375 0.7447916671875 0.7148148140624999 0.7401041671875 0.7120370375 0.7364583328125 0.7009259265625001 0.7432291671875 0.7018518515625 0.75875 0.6851851859375 0.7671875 0.678703703125 0.7677083328125 0.6805555562500001 0.7713541671875
9 0.928703703125 0.7546875 0.9259259265625 0.7635416671875 0.9305555562500001 0.7661458328124999 0.93148148125 0.7817708328124999 0.9361111109375001 0.7885416671875001 0.9481481484375 0.7916666671875 0.9629629625 0.7890625 0.98055555625 0.7947916671875 0.9990740734375001 0.7947916671875 0.996296296875 0.7911458328125 0.9990740734375001 0.784375 0.9990740734375001 0.7505208328124999 0.9851851859374999 0.7494791671875001 0.98148148125 0.7354166671875 0.9703703703125001 0.7359375 0.965740740625 0.7338541671875001 0.9379629625 0.7354166671875 0.934259259375 0.7333333328125 0.9268518515625 0.7369791671875 0.9231481484374999 0.7359375 0.9231481484374999 0.7479166671875 0.928703703125 0.7546875
9 0.93148148125 0.7791666671875 0.9361111109375001 0.7786458328125 0.9361111109375001 0.7880208328125 0.9453703703125 0.7911458328125 0.9666666671874999 0.7901041671875 0.9694444437499999 0.7916666671875 0.98055555625 0.7916666671875 0.99351851875 0.7953125 0.9990740734375001 0.7838541671875 0.996296296875 0.7515625 0.9851851859374999 0.7489583328125 0.98055555625 0.7390625 0.9703703703125001 0.7385416671875 0.965740740625 0.7359375 0.9546296296874999 0.7369791671875 0.9509259265625 0.7348958328124999 0.9388888890624999 0.7354166671875 0.9305555562500001 0.7411458328125 0.9231481484374999 0.7375 0.925 0.7635416671875 0.9351851859375 0.7682291671875 0.934259259375 0.7776041671875 0.93148148125 0.7791666671875
9 0.8055555562500001 0.7828125 0.8101851859375 0.7848958328125 0.815740740625 0.78125 0.8222222218749999 0.7838541671875 0.8425925921875 0.7848958328125 0.8453703703125001 0.7869791671875 0.8490740734375001 0.7848958328125 0.878703703125 0.7916666671875 0.9018518515625 0.7885416671875001 0.9046296296874999 0.7828125 0.9 0.7697916671875 0.9 0.7546875 0.89444444375 0.7442708328125 0.8888888890625 0.740625 0.8888888890625 0.7338541671875001 0.878703703125 0.7348958328124999 0.872222221875 0.7260416671875001 0.8601851859374999 0.7260416671875001 0.8546296296874999 0.7239583328125 0.85648148125 0.7203125 0.828703703125 0.7213541671875 0.8259259265625 0.7177083328125 0.8046296296875 0.7182291671875001 0.7953703703125 0.7166666671875 0.79444444375 0.7119791671875 0.7833333328125 0.7182291671875001 0.7805555562500001 0.7239583328125 0.7814814812499999 0.7635416671875 0.790740740625 0.7838541671875 0.8055555562500001 0.7828125
9 0.7981481484375 0.7875 0.8138888890624999 0.7838541671875 0.8574074078124999 0.7859375 0.8611111109375 0.7880208328125 0.872222221875 0.7885416671875001 0.88055555625 0.7921875 0.9037037031249999 0.7875 0.9055555562500001 0.7828125 0.9 0.753125 0.890740740625 0.734375 0.8768518515625001 0.7322916671875 0.872222221875 0.7296875 0.821296296875 0.7223958328125 0.8175925921875 0.7203125 0.8129629625 0.7223958328125 0.7981481484375 0.721875 0.790740740625 0.7166666671875 0.7805555562500001 0.7244791671875 0.7814814812499999 0.7640625 0.7861111109375 0.7791666671875 0.790740740625 0.7838541671875 0.7981481484375 0.7875
9 0.459259259375 0.7671875 0.4703703703125 0.7713541671875 0.5018518515625 0.771875 0.50648148125 0.7703125 0.515740740625 0.7729166671875001 0.5379629625 0.7739583328124999 0.5370370375 0.7828125 0.5490740734374999 0.790625 0.5601851859375 0.7901041671875 0.5638888890625 0.7942708328125 0.56851851875 0.7828125 0.565740740625 0.7776041671875 0.5703703703125 0.7609375 0.5611111109375 0.6854166671875 0.5546296296875 0.684375 0.5268518515625 0.6692708328125 0.509259259375 0.6635416671875001 0.4379629625 0.6661458328125 0.4370370375 0.7328125 0.43981481406249995 0.7635416671875 0.44259259218749997 0.765625 0.459259259375 0.7671875
9 0.078782196875 0.6940343828125 0.0636913734375 0.6892841390625 0.055844157812499996 0.6892841390625 0.052222375 0.7045527500000001 0.047996940625 0.7269467265625 0.0528259859375 0.7418760359375 0.0703313296875 0.7449297609375 0.1331091015625 0.746286965625 0.18139966093749998 0.74967998125 0.2308975234375 0.7520551015625 0.273151778125 0.7534123078125 0.3129915109375 0.7554481171874999 0.3202350765625 0.7527337046875 0.3160096421875 0.7398402046875 0.3129915109375 0.7330541515625 0.30695516562499997 0.7289825343749999 0.28824260156250003 0.7272860156250001 0.19830139687499998 0.7238930015625 0.14216357968749999 0.7143925375 0.107756540625 0.7018383390625 0.078782196875 0.6940343828125
10 0.0896475859375 0.6014048 0.0703313296875 0.5983510796875 0.06429502499999999 0.6122624796875 0.0582586796875 0.644496221875 0.0655022859375 0.6543359859375 0.102323846875 0.6580683140625 0.1403526671875 0.6611220375 0.19950865625 0.6645150640625 0.250213778125 0.6801229765625 0.3087660765625 0.696070190625 0.297297078125 0.6879269328125 0.277980821875 0.6770692515625 0.24055565156249997 0.65942551875 0.1856250953125 0.637031565625 0.1729488359375 0.625834584375 0.143974490625 0.614976896875 0.1403526671875 0.6129410828124999 0.12707275625 0.6112445703125 0.0896475859375 0.6014048
10 0 0.64042458125 0.035924290625 0.64042458125 0.041960635937500004 0.6061550375 0.041960635937500004 0.5973331703125 0.004535425 0.600726196875 0 0.6088694546875 0 0.6268524890625 0 0.64042458125
9 0.3324074078125 0.4526041671875 0.33888888906250003 0.46666666718750005 0.325 0.4770833328125 0.3203703703125 0.49583333281249997 0.3083333328125 0.5171875 0.3111111109375 0.5598958328125 0.3148148140625 0.5640625 0.31759259218749997 0.58125 0.3138888890625 0.6104166671875 0.3138888890625 0.6953125 0.322222221875 0.7010416671875 0.32685185156249996 0.696875 0.32685185156249996 0.6848958328125 0.334259259375 0.6791666671875001 0.3416666671875 0.675 0.371296296875 0.6708333328125 0.3740740734375 0.6484375 0.36944444375 0.6364583328125 0.3759259265625 0.6239583328125 0.3759259265625 0.6005208328125 0.38148148125 0.5776041671875001 0.3916666671875 0.56875 0.40555555625000006 0.5677083328125 0.4074074078125 0.5625 0.4129629625 0.5604166671875 0.41018518593750003 0.5520833328125 0.4148148140625 0.5510416671875 0.41111111093749997 0.45989583281249996 0.4074074078125 0.4369791671875 0.40277777812500004 0.4359375 0.40277777812500004 0.41979166718750005 0.40648148125 0.4145833328125 0.40555555625000006 0.353125 0.40092592656250003 0.3036458328125 0.40092592656250003 0.2510416671875 0.4 0.24322916718749998 0.396296296875 0.2416666671875 0.38055555625 0.2484375 0.3768518515625 0.2453125 0.375 0.24895833281250002 0.36851851875 0.2515625 0.3703703703125 0.2625 0.3638888890625 0.26614583281250004 0.3620370375 0.2734375 0.3611111109375 0.30520833281250004 0.36944444375 0.3401041671875 0.365740740625 0.3614583328125 0.3509259265625 0.38229166718749996 0.340740740625 0.3895833328125 0.3333333328125 0.3916666671875 0.3351851859375 0.40138888906250003 0.3296296296875 0.415625 0.3296296296875 0.43385416718750003 0.3324074078125 0.4526041671875
10 0.16944444375 0.30416666718749996 0.18055555625 0.3104166671875 0.20555555625 0.3135416671875 0.22314814843750003 0.3192708328125 0.23240740781250002 0.3260416671875 0.2611111109375 0.32864583281250004 0.271296296875 0.3307291671875 0.275 0.334375 0.28796296250000003 0.3348958328125 0.302777778125 0.3416666671875 0.31851851875000003 0.3421875 0.325 0.259375 0.31944444375000003 0.2510416671875 0.309259259375 0.24322916718749998 0.2898148140625 0.2390625 0.2851851859375 0.2359375 0.2675925921875 0.23333333281250002 0.25555555625 0.2270833328125 0.24351851875000002 0.2260416671875 0.22407407343750002 0.2182291671875 0.21203703749999997 0.21614583281250002 0.20833333281250002 0.21354166718749998 0.20370370312500002 0.2140625 0.1925925921875 0.20833333281250002 0.1879629625 0.2078125 0.1861111109375 0.2109375 0.17962962968750001 0.21197916718749998 0.165740740625 0.20677083281250003 0.1648148140625 0.20989583281250002 0.16944444375 0.21354166718749998 0.1666666671875 0.2166666671875 0.15648148125 0.21979166718749998 0.15555555625 0.2416666671875 0.15370370312499998 0.2442708328125 0.1453703703125 0.24635416718749997 0.1416666671875 0.25729166718749996 0.14444444375 0.2640625 0.1416666671875 0.2666666671875 0.13981481406250001 0.2953125 0.16944444375 0.30416666718749996
10 0.4583333328125 0.41614583281249995 0.46296296249999996 0.41510416718750004 0.47407407343749997 0.42083333281249996 0.49629629687500004 0.4234375 0.5018518515625 0.428125 0.5287037031249999 0.42864583281249996 0.5314814812499999 0.42291666718750004 0.5361111109375 0.42083333281249996 0.5361111109375 0.4078125 0.5314814812499999 0.4046875 0.5333333328125 0.3885416671875 0.5296296296875 0.3734375 0.48981481406249994 0.3557291671875 0.48518518593750004 0.3583333328125 0.477777778125 0.3578125 0.47222222187499996 0.35208333281250004 0.477777778125 0.3494791671875 0.45185185156249996 0.3375 0.43240740781250003 0.3359375 0.43240740781250003 0.3411458328125 0.42222222187499997 0.3473958328125 0.42314814843750004 0.40625 0.4388888890625 0.41197916718750005 0.45 0.41302083281249996 0.4583333328125 0.41614583281249995
10 0.45 0.4125 0.45555555625000005 0.41614583281249995 0.46666666718750005 0.4171875 0.48148148125 0.42291666718750004 0.4861111109375 0.421875 0.497222221875 0.4244791671875 0.5018518515625 0.42760416718750005 0.5166666671875 0.4296875 0.5296296296875 0.42760416718750005 0.5370370375 0.4223958328125 0.5370370375 0.3875 0.5324074078125001 0.3713541671875 0.5101851859375001 0.3640625 0.44629629687500005 0.33541666718749996 0.4240740734375 0.3333333328125 0.41944444374999995 0.3458333328125 0.42129629687500003 0.3973958328125 0.42592592656250006 0.40729166718750004 0.43240740781250003 0.40729166718750004 0.45 0.4125
10 0.865740740625 0.5125 0.8648148140625 0.5171875 0.86944444375 0.5192708328125 0.878703703125 0.5192708328125 0.8870370375000001 0.5166666671875 0.9037037031249999 0.51875 0.909259259375 0.5140625 0.9231481484374999 0.5140625 0.9240740734375 0.5036458328125 0.9148148140625001 0.4734375 0.9046296296874999 0.4625 0.877777778125 0.4614583328125 0.8648148140625 0.4578125 0.8453703703125001 0.45625 0.8435185187500001 0.4578125 0.8425925921875 0.4661458328125 0.8509259265625 0.4984375 0.8611111109375 0.5119791671875 0.865740740625 0.5125
10 0.878703703125 0.509375 0.884259259375 0.5083333328124999 0.8990740734375 0.5104166671875 0.9009259265624999 0.5036458328125 0.9046296296874999 0.5015625 0.9037037031249999 0.4703125 0.875 0.4703125 0.8740740734375001 0.49791666718750005 0.884259259375 0.5046875 0.884259259375 0.5078125 0.878703703125 0.509375
10 0.7379629624999999 0.4796875 0.7481481484375 0.4875 0.7518518515625 0.48645833281249995 0.771296296875 0.49635416718750003 0.7787037031249999 0.49791666718750005 0.7833333328125 0.4953125 0.7981481484375 0.5041666671875 0.828703703125 0.5005208328124999 0.8268518515625001 0.47760416718750004 0.81851851875 0.45 0.8120370375 0.44166666718750003 0.8 0.4380208328125 0.7675925921875 0.43854166718750004 0.7518518515625 0.434375 0.7351851859375 0.42395833281249995 0.7194444437499999 0.4213541671875 0.7194444437499999 0.45104166718750005 0.727777778125 0.478125 0.7324074078125 0.48020833281249997 0.7379629624999999 0.4796875
10 0.7703703703125 0.48125 0.775 0.48854166718750003 0.7787037031249999 0.4875 0.7833333328125 0.4927083328125 0.7870370375 0.4921875 0.7981481484375 0.49791666718750005 0.8101851859375 0.49895833281249996 0.8129629625 0.4875 0.8175925921875 0.4859375 0.8120370375 0.4838541671875 0.8111111109375001 0.4526041671875 0.803703703125 0.44739583281249995 0.8101851859375 0.4453125 0.8101851859375 0.44166666718750003 0.8027777781250001 0.43854166718750004 0.765740740625 0.43854166718750004 0.7240740734375 0.41979166718750005 0.7148148140624999 0.41875 0.7203703703125 0.4380208328125 0.7194444437499999 0.45104166718750005 0.728703703125 0.47447916718750005 0.7703703703125 0.48125
10 0.575 0.4380208328125 0.6018518515625 0.4359375 0.60648148125 0.4380208328125 0.61851851875 0.4359375 0.622222221875 0.4401041671875 0.6120370375 0.4458333328125 0.6120370375 0.4479166671875 0.621296296875 0.4515625 0.6425925921875 0.4526041671875 0.647222221875 0.45520833281249995 0.6546296296875 0.45520833281249995 0.6574074078125001 0.453125 0.66944444375 0.4536458328125 0.6740740734374999 0.45104166718750005 0.6777777781250001 0.45104166718750005 0.68148148125 0.45520833281249995 0.6861111109375 0.4505208328125 0.6925925921875 0.4505208328125 0.696296296875 0.453125 0.69351851875 0.4380208328125 0.684259259375 0.4322916671875 0.6851851859375 0.41822916718750003 0.671296296875 0.41770833281249997 0.672222221875 0.415625 0.665740740625 0.4140625 0.6564814812499999 0.41510416718750004 0.6537037031249999 0.40729166718750004 0.6481481484375 0.409375 0.6379629625 0.4057291671875 0.634259259375 0.4078125 0.625 0.4067708328125 0.622222221875 0.4015625 0.615740740625 0.39895833281250004 0.6111111109375 0.3994791671875 0.6074074078125 0.3973958328125 0.602777778125 0.3984375 0.5990740734375 0.3958333328125 0.5953703703125 0.3963541671875 0.5916666671875 0.3927083328125 0.5796296296875 0.39114583281250004 0.575 0.3880208328125 0.5703703703125 0.3880208328125 0.56851851875 0.384375 0.5638888890625 0.384375 0.5638888890625 0.41510416718750004 0.5675925921875 0.4265625 0.5648148140625 0.4359375 0.575 0.4380208328125
10 0.6120370375 0.4484375 0.6379629625 0.453125 0.6416666671875 0.4557291671875 0.6740740734374999 0.4609375 0.68148148125 0.46458333281249997 0.6972222218749999 0.46770833281249996 0.7 0.4635416671875 0.6981481484375001 0.44427083281249996 0.6888888890625 0.4145833328125 0.68148148125 0.4145833328125 0.66851851875 0.4109375 0.6546296296875 0.4036458328125 0.634259259375 0.4015625 0.6148148140624999 0.3958333328125 0.5944444437499999 0.3932291671875 0.5861111109375 0.3885416671875 0.5675925921875 0.38333333281250004 0.5629629625 0.384375 0.5638888890625 0.4348958328125 0.5796296296875 0.440625 0.60648148125 0.4447916671875 0.6120370375 0.4484375
9 0.037037037499999995 0.1692708328125 0.0824074078125 0.1786458328125 0.1074074078125 0.1875 0.1231481484375 0.1890625 0.1231481484375 0.18020833281249998 0.1120370375 0.1776041671875 0.1074074078125 0.1734375 0.0824074078125 0.1708333328125 0.0675925921875 0.165625 0.05648148125 0.16458333281249998 0.030555556249999997 0.1536458328125 0.015740740625 0.1515625 0.0018518515625 0.146875 0 0.1692708328125 0.003703703125 0.1708333328125 0.021296296875000002 0.17239583281249998 0.037037037499999995 0.1692708328125
9 0 0 0 0.0161458328125 0.009259259374999999 0.021354167187500002 0.025 0.0244791671875 0.0333333328125 0.0296875 0.061111110937500004 0.0348958328125 0.0638888890625 0.0390625 0.0759259265625 0.0390625 0.0824074078125 0.0489583328125 0.09074074062500001 0.05 0.0953703703125 0.0536458328125 0.1 0.053125 0.1111111109375 0.05729166718749999 0.13148148125 0.054166667187499996 0.15 0.0546875 0.15555555625 0.0458333328125 0.1601851859375 0.0171875 0.147222221875 0.0078125 0.1296296296875 0.0020833328125000002 0.12870370312499999 0 0 0
9 0.1888888890625 0.0838541671875 0.1925925921875 0.0828125 0.225 0.090625 0.23611111093749998 0.10052083281249999 0.2416666671875 0.09895833281250001 0.24722222187499998 0.103125 0.25 0.10052083281249999 0.25833333281250004 0.1020833328125 0.2675925921875 0.1078125 0.2796296296875 0.11145833281249999 0.2833333328125 0.1213541671875 0.30740740781250003 0.1265625 0.3129629625 0.1317708328125 0.321296296875 0.1328125 0.334259259375 0.11927083281249999 0.3324074078125 0.0958333328125 0.32685185156249996 0.09114583281250001 0.328703703125 0.0828125 0.32592592656249997 0.0760416671875 0.3166666671875 0.0744791671875 0.2925925921875 0.06510416718749999 0.28796296250000003 0.060416667187499995 0.2601851859375 0.051041667187499994 0.25 0.0432291671875 0.23148148124999998 0.0364583328125 0.21944444375 0.0348958328125 0.2046296296875 0.0286458328125 0.1851851859375 0.0239583328125 0.18055555625 0.0286458328125 0.17314814843749998 0.0635416671875 0.1740740734375 0.07552083281250001 0.184259259375 0.078125 0.1888888890625 0.0838541671875
9 0.8111111109375001 0.2828125 0.8194444437499999 0.2776041671875 0.8148148140625 0.2703125 0.80648148125 0.2703125 0.7981481484375 0.2640625 0.7953703703125 0.26510416718749996 0.7981481484375 0.3015625 0.8055555562500001 0.3104166671875 0.8111111109375001 0.3114583328125 0.8111111109375001 0.2828125
9 0.6796296296875 0.2604166671875 0.7018518515625 0.2677083328125 0.7046296296875 0.27291666718749996 0.715740740625 0.2755208328125 0.7212962968750001 0.2802083328125 0.73148148125 0.2828125 0.7370370375 0.2869791671875 0.75555555625 0.2927083328125 0.7620370375000001 0.2911458328125 0.772222221875 0.2921875 0.7759259265625 0.2947916671875 0.777777778125 0.2864583328125 0.7666666671875 0.2546875 0.7574074078125 0.24375 0.7296296296875 0.2359375 0.73148148125 0.23177083281250002 0.725 0.228125 0.7166666671875 0.22760416718749998 0.703703703125 0.2208333328125 0.70648148125 0.2166666671875 0.7 0.21770833281250002 0.69351851875 0.21510416718749997 0.6851851859375 0.21510416718749997 0.6740740734374999 0.20677083281250003 0.671296296875 0.2078125 0.66944444375 0.2171875 0.6731481484375 0.2203125 0.6731481484375 0.2484375 0.6796296296875 0.2604166671875
9 0.5675925921875 0.2166666671875 0.5796296296875 0.225 0.584259259375 0.2244791671875 0.61944444375 0.24114583281250002 0.622222221875 0.240625 0.6268518515625 0.24583333281250003 0.6537037031249999 0.2510416671875 0.6546296296875 0.23541666718749998 0.6481481484375 0.196875 0.640740740625 0.19479166718750002 0.63148148125 0.20208333281250002 0.625 0.2 0.6175925921875 0.1911458328125 0.6101851859375 0.1895833328125 0.6101851859375 0.1848958328125 0.5990740734375 0.1807291671875 0.5870370375 0.1796875 0.5833333328125 0.1744791671875 0.5768518515625 0.1765625 0.5666666671875 0.1744791671875 0.547222221875 0.165625 0.54444444375 0.1578125 0.5398148140625 0.1588541671875 0.5398148140625 0.1989583328125 0.540740740625 0.2046875 0.5481481484375 0.21197916718749998 0.5675925921875 0.2166666671875
9 0.4546296296875 0.1765625 0.4601851859375 0.1760416671875 0.46944444374999994 0.1854166671875 0.4861111109375 0.1932291671875 0.48981481406249994 0.1916666671875 0.4953703703125 0.19479166718750002 0.50555555625 0.190625 0.509259259375 0.19479166718750002 0.5175925921875 0.1979166671875 0.521296296875 0.1875 0.5166666671875 0.15625 0.5083333328124999 0.1515625 0.5129629625 0.1463541671875 0.5074074078125 0.1458333328125 0.4953703703125 0.1369791671875 0.48148148125 0.1338541671875 0.47407407343749997 0.128125 0.459259259375 0.125 0.4546296296875 0.1213541671875 0.4388888890625 0.11875 0.43148148124999997 0.1145833328125 0.42222222187499997 0.1130208328125 0.41944444374999995 0.1098958328125 0.4138888890625 0.115625 0.41203703750000004 0.12552083281249998 0.41111111093749997 0.1625 0.44351851875000003 0.1682291671875 0.45 0.1744791671875 0.4546296296875 0.1765625
5 0.7166666671875 0.1171875 0.7240740734375 0.1177083328125 0.727777778125 0.115625 0.7240740734375 0.10364583281249999 0.7185185187500001 0.0958333328125 0.7101851859375 0.0921875 0.709259259375 0.0838541671875 0.702777778125 0.07864583281250001 0.7083333328125 0.0760416671875 0.70648148125 0.0760416671875 0.7046296296875 0.071875 0.6990740734374999 0.0713541671875 0.6972222218749999 0.06770833281250001 0.6879629625 0.06770833281250001 0.6861111109375 0.0645833328125 0.6879629625 0.060416667187499995 0.6861111109375 0.058854167187499994 0.6731481484375 0.055208332812500004 0.671296296875 0.05625 0.6731481484375 0.084375 0.678703703125 0.0953125 0.7046296296875 0.1119791671875 0.7166666671875 0.1171875
5 0.534259259375 0 0.534259259375 0.0015625 0.5759259265625001 0.025520832812499998 0.584259259375 0.0270833328125 0.5916666671875 0.0338541671875 0.6111111109375 0.0432291671875 0.61944444375 0.0447916671875 0.615740740625 0.0494791671875 0.622222221875 0.0578125 0.6231481484375 0.050520832812500006 0.6296296296875 0.0489583328125 0.6388888890625 0.0557291671875 0.6481481484375 0.058854167187499994 0.6555555562500001 0.0671875 0.6537037031249999 0.0802083328125 0.6620370375 0.08541666718749999 0.6620370375 0.061979167187499996 0.6583333328125 0.0421875 0.652777778125 0.0354166671875 0.6537037031249999 0.025 0.634259259375 0.0286458328125 0.5990740734375 0.0109375 0.571296296875 0.0036458328125000003 0.5675925921875 0 0.534259259375 0
9 0.32685185156249996 0 0.32592592656249997 0.0078125 0.32777777812500003 0.0140625 0.325 0.0223958328125 0.32777777812500003 0.025520832812499998 0.325 0.0265625 0.3333333328125 0.0307291671875 0.3361111109375 0.0364583328125 0.3361111109375 0.0682291671875 0.3490740734375 0.075 0.353703703125 0.071875 0.3601851859375 0.0739583328125 0.372222221875 0.0734375 0.375 0.071875 0.3759259265625 0.0453125 0.38055555625 0.0328125 0.377777778125 0 0.32685185156249996 0
10 0.44166666718750003 0.121875 0.440740740625 0.1270833328125 0.45648148125 0.1348958328125 0.46666666718750005 0.1364583328125 0.475 0.14375 0.4888888890625 0.1505208328125 0.4981481484375 0.1520833328125 0.503703703125 0.1572916671875 0.5129629625 0.1609375 0.515740740625 0.1463541671875 0.5148148140625 0.1140625 0.50648148125 0.0411458328125 0.5009259265625 0.0182291671875 0.48981481406249994 0.0140625 0.48055555625 0.0140625 0.465740740625 0.0328125 0.46944444374999994 0.05625 0.46666666718750005 0.061979167187499996 0.4675925921875 0.0838541671875 0.46296296249999996 0.0875 0.45370370312499997 0.0859375 0.44629629687500005 0.0901041671875 0.4370370375 0.0890625 0.43333333281249997 0.084375 0.4370370375 0.0796875 0.42870370312499995 0.07864583281250001 0.42870370312499995 0.0916666671875 0.4175925921875 0.0953125 0.4175925921875 0.1078125 0.42222222187499997 0.115625 0.4268518515625 0.11875 0.44166666718750003 0.121875
10 0.5388888890625 0.1546875 0.546296296875 0.1598958328125 0.5453703703125 0.165625 0.559259259375 0.1697916671875 0.5629629625 0.1697916671875 0.565740740625 0.1666666671875 0.5796296296875 0.1692708328125 0.5824074078125 0.1734375 0.5925925921874999 0.1765625 0.5953703703125 0.18125 0.6148148140624999 0.1854166671875 0.6203703703125 0.1817708328125 0.621296296875 0.1776041671875 0.6379629625 0.1744791671875 0.640740740625 0.1697916671875 0.6379629625 0.1494791671875 0.6324074078125 0.1463541671875 0.6259259265625 0.128125 0.63148148125 0.11875 0.6259259265625 0.1130208328125 0.625 0.1020833328125 0.6148148140624999 0.0927083328125 0.602777778125 0.090625 0.6 0.0875 0.5944444437499999 0.0890625 0.5759259265625001 0.07864583281250001 0.5703703703125 0.0796875 0.5675925921875 0.0765625 0.55648148125 0.0765625 0.5333333328125 0.0661458328125 0.5296296296875 0.0661458328125 0.5324074078125001 0.1223958328125 0.5370370375 0.1276041671875 0.5388888890625 0.1546875
8 0.8027777781250001 0.2677083328125 0.8138888890624999 0.2703125 0.825 0.2671875 0.8296296296874999 0.26875 0.8324074078124999 0.2666666671875 0.8370370375 0.2692708328125 0.8398148140625 0.2671875 0.8370370375 0.2479166671875 0.8074074078125 0.23697916718749998 0.79444444375 0.2286458328125 0.784259259375 0.228125 0.7870370375 0.2416666671875 0.7916666671875 0.24322916718749998 0.790740740625 0.2604166671875 0.8027777781250001 0.2677083328125