9 0.0691045375 0.4057806734375 0.07178651875 0.38669738124999997 0.0658030296875 0.3827007453125 0.0442319875 0.37651342187500003 0.041916159375 0.3730322421875 0.018148859375 0.369166015625 0.013419312499999999 0.369553225 0.00711303125 0.41442474687499997 0.018717578125000002 0.424996840625 0.0341601578125 0.4282190578125 0.0437642234375 0.426413109375 0.061113120312500005 0.4293772890625 0.0603449 0.40823124843749997 0.0691045375 0.4057806734375
9 0.2867832375 0.39377131875 0.27698711875000004 0.39029075625 0.26342545156249997 0.3936443078125 0.209157096875 0.393906665625 0.19019182968749998 0.38913746250000003 0.1377102234375 0.383339509375 0.11391751875 0.386307084375 0.10175476406249999 0.3930129515625 0.106096478125 0.4020383703125 0.0966336609375 0.4227984359375 0.1010478625 0.43130808906249996 0.25455675625 0.46340139531249996 0.317124425 0.47061685156250005 0.335861725 0.4038245609375 0.333618384375 0.39982761718750004 0.322977834375 0.3957024265625 0.3001274484375 0.3919650609375 0.2867832375 0.39377131875
8 1 0.46966976562499996 0.978673584375 0.46050495625 0.8672448859375 0.44168896406249997 0.8571588218749999 0.440271459375 0.8361168625 0.44362562656250004 0.8168616500000001 0.440919484375 0.8083194718750001 0.4418227671875 0.7947175093750001 0.5319527109375 0.7953915625 0.5404626718750001 0.8021469953125001 0.5456197015625001 0.9885706578125 0.5697160328125 0.995304409375 0.5617212171875 1 0.52831035 1 0.46966976562499996
8 0.7537679625 0.5372426171875 0.7607916593749999 0.52718474375 0.7724148203125 0.4378286 0.7625462140625 0.434863803125 0.744689915625 0.435509975 0.7152036671875 0.43241785625 0.6817127328125 0.4245553015625 0.65032016875 0.42172122031250003 0.5789928640625 0.4169563390625 0.49967786406250003 0.41580242968750003 0.45773891874999995 0.42147923593750003 0.43352925468750003 0.460678890625 0.42693675468750003 0.48762782343750005 0.43193084062500003 0.492011359375 0.46122503437500006 0.4898169671875 0.512354809375 0.49858064375 0.58247525625 0.50527971875 0.6364282625000001 0.5139142234375 0.6550565046875 0.51442844375 0.6824914625 0.5188101281249999 0.736201609375 0.53582573125 0.7537679625 0.5372426171875
8 1 0.322104121875 0.8947529890625001 0.3124891546875 0.86266096875 0.307978915625 0.8246579453124999 0.2989562765625 0.8234002796875 0.3145580796875 0.837925946875 0.31765143125 0.8570832703125 0.32770714375 0.8812854874999999 0.328478784375 0.8958836390625 0.3310563734375 0.929207921875 0.3267986140625 0.9603105421875 0.331695753125 0.9965051390624999 0.3336268609375 1 0.33430159531250003 1 0.322104121875
8 0.7520004890624999 0.3103089625 0.7881950859375 0.3122400703125 0.792225175 0.310176703125 0.7939648390625 0.297798353125 0.7907320953125 0.294188309375 0.5055678453125 0.2740972578125 0.48389891562500004 0.27525950312499997 0.4848629125 0.28170640625 0.4968552921875 0.28286587343749997 0.5256891671874999 0.2905998734375 0.5507358124999999 0.2920161421875 0.573441225 0.2967850359375 0.672855865625 0.30128971875 0.69647819375 0.3061874765625 0.7079160890625 0.30463925625 0.7415519953125 0.31147028125 0.7520004890624999 0.3103089625
8 0.115708646875 0.2271953984375 0.1104971015625 0.22435915624999997 0.1000486078125 0.2255204765625 0.095753978125 0.222813096875 0.08291716875 0.221009 0.082192309375 0.2261666484375 0.11428433125 0.23067688749999998 0.115708646875 0.2271953984375
8 0.33077413125 0.25373921875 0.3421395390625 0.2527067625 0.35384197500000003 0.2559292875 0.37423155937499997 0.2572170015625 0.37548922500000004 0.24161519843749998 0.333021196875 0.237750515625 0.330969909375 0.23904008124999998 0.328385815625 0.250773803125 0.33077413125 0.25373921875
8 0.23150818593750003 0.228217359375 0.21980575 0.2249948328125 0.21350691406250003 0.229895059375 0.1548243625 0.2216477640625 0.1471266140625 0.2231956765625 0.1432885796875 0.23054555312499997 0.155038096875 0.24008611875 0.17784139999999998 0.23750544218749997 0.2844934703125 0.25039060625 0.31525906406250004 0.251032765625 0.3193616390625 0.24845363437499998 0.3220907046875 0.23568838125 0.284279734375 0.23195225156250002 0.27375875625 0.2336293359375 0.23150818593750003 0.228217359375
9 0.1141332265625 0.0055482546874999995 0.197137565625 0.020369464062500002 0.20370094062500002 0.020239982812499998 0.20879291718749998 0.01727395 0.2301719046875 0.0181747640625 0.2413452578125 0.011855798437499999 0.213692840625 0.0090214078125 0.19916717343749998 0.00592805625 0.12105903437500001 0.00283995 0.1141332265625 0.0055482546874999995
9 0.4321868453125 0.024476134375 0.4372317375 0.015192060937499998 0.43568785312499997 0.012871274999999998 0.409724290625 0.0113261421875 0.39693456718750003 0.0158400859375 0.36419017187499997 0.015971728125 0.28321171875 0.0066947578125 0.252011209375 0.0091471859375 0.2441684875 0.011726625000000001 0.2448679453125 0.0134027828125 0.267018875 0.015463990624999998 0.2845598265625 0.0237146796875 0.3073377265625 0.027967809375000003 0.3233601953125 0.027063909375 0.33171031875 0.020874115625000002 0.34032498125 0.0194550703125 0.3823110125 0.0200963015625 0.4321868453125 0.024476134375
9 0.80100780625 0.054746514062499994 0.8159683890625 0.0547452796875 0.82091539375 0.052810775 0.822339709375 0.0493292875 0.818407509375 0.0440430859375 0.8057156734375001 0.0412074609375 0.79413280625 0.0437872109375 0.7914291453125 0.0497186578125 0.80100780625 0.054746514062499994