9 0.6438051828125 0.14379016875 0.6473810656250001 0.1364349734375 0.646246215625 0.124473790625 0.6395839265625 0.114171828125 0.6284199687500001 0.11124122031250001 0.6043132015625 0.109578353125 0.6014903968749999 0.1070230625 0.5885112296874999 0.10620778906249999 0.5717743828125 0.10233262968750001 0.5689515796875 0.099777340625 0.54112349375 0.0971376046875 0.537356725 0.0935569640625 0.52903375 0.09422315625 0.5283352109375 0.10725816562499998 0.534144434375 0.12174232031250001 0.5461705484375 0.12101149062500001 0.5601482203125 0.1259766359375 0.5777835812500001 0.1282733734375 0.5926870375 0.133222359375 0.6084435609375001 0.13398915312499998 0.61219215 0.1365282859375 0.6214318203125 0.13532518124999998 0.6438051828125 0.14379016875
9 0 0.01834695 0.0574715390625 0.030047443750000003 0.1261886859375 0.0408289734375 0.130763071875 0.037623649999999995 0.14646505625 0.035265921875 0.148153009375 0.0258600296875 0.15454260625 0.020539371875 0.157165434375 0.011638075000000001 0.15343502656250002 0.0101404515625 0.126569084375 0.0095675734375 0.1228114046875 0.0065076875000000005 0 0.008651368750000001 0 0.01834695
9 0.20818496562500002 0.06961065625 0.2405783484375 0.068524315625 0.243455690625 0.07420413125 0.24899222031249998 0.073065665625 0.2537211328125 0.0787131625 0.26011981875 0.0739132578125 0.2685336921875 0.0784546078125 0.267635175 0.0800330296875 0.2898994625 0.0822489671875 0.3139335109375 0.0797458015625 0.321248890625 0.074408984375 0.333302275 0.075240415625 0.35564836875 0.08214314218749999 0.3594060484375 0.08520302656249999 0.3614394140625 0.09558578906250001 0.36693958437499996 0.09236430625 0.36779265156249996 0.08818211406250001 0.374245875 0.086506734375 0.38077181875 0.0889973875 0.3928161125 0.089308065625 0.3974904859375 0.0918310390625 0.393887334375 0.0976239703125 0.411622684375 0.105649003125 0.4170864953125 0.10034450312500001 0.421697240625 0.09922219843749999 0.4245109546875 0.101256734375 0.42817773593749997 0.09910908125 0.4357112703125 0.106270359375 0.44217358593749995 0.10511573437499999 0.4478010140625 0.10918480781249999 0.4598453078125 0.1094954875 0.46999258125 0.1072347140625 0.47745340000000003 0.1102299609375 0.48856281875 0.1100360453125 0.5098195125 0.10758135937499999 0.505916396875 0.096189409375 0.4863749265625 0.0908004671875 0.4779337859375 0.08469685625 0.448172321875 0.0774026546875 0.4276596171875 0.069426103125 0.41094094999999997 0.0665924515625 0.3997406328125 0.0615788265625 0.39140856875 0.0617242625 0.360730409375 0.054966976562500006 0.35148165 0.055649326562500004 0.3366236421875 0.053304109375 0.3337372109375 0.047103540625 0.2919678125 0.041581675 0.25846684999999997 0.032269096875 0.23154636874999998 0.02857169375 0.1963847234375 0.03022726875 0.1843040703125 0.0278335734375 0.17768722812499999 0.02013538125 0.171252184375 0.022852268749999998 0.163201903125 0.039141079687500004 0.171652134375 0.0457654453125 0.172796075 0.058247381249999994 0.176581021875 0.06286952968750001 0.181963025 0.0528782453125 0.1903041796875 0.0532535625 0.199707465625 0.061424029687500006 0.197021009375 0.0666800484375 0.20163175312499998 0.06555774375 0.20818496562500002 0.06961065625
9 0.6941275499999999 0.2679308296875 0.694763834375 0.304383609375 0.697641178125 0.310063425 0.7050656359375 0.3109756546875 0.726140534375 0.2981058875 0.7480230484375 0.2784501578125 0.7494746671875 0.2555046609375 0.7456170015625 0.2467164828125 0.7372031296875 0.242175134375 0.7322560625000001 0.224029540625 0.7154555874999999 0.2165091046875 0.71518289375 0.200886484375 0.7046720265624999 0.1823170953125 0.7026023015625 0.16985131874999998 0.69789156875 0.16524533125000002 0.693688490625 0.1366685 0.6879065359375 0.12374660625 0.680454809375 0.1212721140625 0.6765789625 0.1114424265625 0.670960625 0.10789410625 0.664471040625 0.1074864703125 0.6624740328125001 0.0991867234375 0.65709203125 0.109178009375 0.6502584078125 0.1421147890625 0.6504311140625 0.1520091140625 0.655250925 0.16286415 0.6555963375 0.182652803125 0.6593540140624999 0.1857126890625 0.664337440625 0.20594129687499999 0.6717891703125 0.20841578906249997 0.676554440625 0.21614629999999999 0.68839104375 0.25761270625 0.6941275499999999 0.2679308296875
9 0.6891532125000001 0.248222975 0.6927745437499999 0.24347154999999998 0.7039294109374999 0.24588140468750003 0.7075325640625 0.240088471875 0.7204662828124999 0.23829997500000002 0.7231345609375001 0.232002446875 0.7147025078125 0.22641958906249998 0.71331314375 0.1998772953125 0.6988355328125 0.1662706796875 0.690856596875 0.1335924546875 0.6802911921875 0.11189854218749999 0.6710060734375001 0.11049787656250001 0.66536955625 0.10590804843749999 0.6623376859375 0.09137541406250001 0.6539965328124999 0.091000096875 0.6513555249999999 0.0988598859375 0.65365855625 0.12469168281250001 0.6485704546875 0.1515206796875 0.654297871875 0.1613180484375 0.6565675718749999 0.1852404125 0.66128739375 0.1903671546875 0.6643556203125 0.206982803125 0.669946690625 0.2089688625 0.6784605499999999 0.2192385046875 0.6844515703125 0.244137740625 0.6891532125000001 0.248222975
9 0.5046710953125 0.024846109375 0.5112606671875 0.030982040625000002 0.4901766796875 0.043331054687499995 0.478186925 0.0461448984375 0.4773247703125 0.0498063375 0.48570228281250005 0.0522646703125 0.505098315625 0.0493215484375 0.5096727015625 0.0461162265625 0.5189487296874999 0.0469961375 0.575621584375 0.057466989062499994 0.584044546875 0.0625290921875 0.5869218890625 0.0682089078125 0.5961070187499999 0.063881278125 0.6201592484375 0.06241961875 0.6462175718750001 0.069778459375 0.654513278125 0.06755000781250001 0.6645605640625 0.059560940625 0.680335265625 0.06136924218749999 0.6960190703125 0.0579700046875 0.71453476875 0.0576468125 0.716568134375 0.0680295734375 0.7221773828125 0.071057140625 0.73793390625 0.071823934375 0.7472644734375 0.07582836875 0.7555783578125 0.074641425 0.7853489109375 0.08245638125 0.8075495687500001 0.081027040625 0.8261470750000001 0.085390634375 0.8336260734375 0.089427390625 0.8428930125 0.089786546875 0.8540660593749999 0.0932379109375 0.8577419296875 0.091611009375 0.8624072125 0.093613228125 0.8735257234375 0.093940065625 0.885642734375 0.0984167765625 0.898621903125 0.09923205 0.90050983125 0.1012827453125 0.9162663546875001 0.102049540625 0.923772621875 0.1076485578125 0.9283651875000001 0.1054847421875 0.932122865625 0.10854462812500001 0.93666998125 0.10377704375 0.9320046984375001 0.1017748265625 0.9246075078124999 0.10242485781249999 0.9207952921875 0.0962404484375 0.9086873687500001 0.0922844921875 0.877147053125 0.08918864062500001 0.8733802859375001 0.08560800156250001 0.8697135046875 0.08775565625000001 0.8576419421875 0.085882715625 0.8594117046875 0.081163609375 0.847312871875 0.0777284078125 0.79251885625 0.06878749843750001 0.7869096078125 0.0657599328125 0.728367003125 0.054279893749999995 0.719027346875 0.0497547046875 0.682767209375 0.0415321125 0.6363052578125 0.0324457671875 0.619632040625 0.0322158875 0.6186153562500001 0.027024507812499998 0.6140046124999999 0.0281468125 0.5926388421875 0.024352453125 0.5833082734375 0.0203480171875 0.5461768890625 0.015266107812499999 0.5359114468749999 0.010757078125 0.5238580640625 0.0099256453125 0.5042893234375 0.0029744421875 0.495957259375 0.0031198781250000003 0.4875979265625 0.001703053125 0.48757065781250003 0.000140790625 0.47183231406250004 0.00041550468750000004 0.4718686734375 0.0024985203125 0.47470965625000006 0.0060953203125 0.48119015000000004 0.005982203125 0.5063226890625 0.013357203125 0.5073939109375 0.021673106249999997 0.5046710953125 0.024846109375
5 0.992898809375 0.1418640171875 0.992798821875 0.1361357234375 0.9844213093749999 0.13367738906249998 0.9816712234375 0.13528813125 0.9779499046875 0.1343112609375 0.9749543953125 0.12186164375 0.9712330765624999 0.12088477500000001 0.96851935 0.12457853125 0.9611585187499999 0.1273115796875 0.9452838296875001 0.11977498281250001 0.948896071875 0.11450280312500001 0.9200967515625 0.10927545937500001 0.91258139375 0.1031556875 0.8996022265624999 0.10234041406250001 0.8931671812499999 0.1050573015625 0.8735620828125 0.09602308281250001 0.8689422468749999 0.09662463437499999 0.86538454375 0.1050213359375 0.807731365625 0.091442121875 0.7910763281250001 0.0922537484375 0.786520121875 0.0965005796875 0.77089085625 0.10302434062500002 0.732851865625 0.09900010000000001 0.721806075 0.10283929375 0.7293305218749999 0.1094798203125 0.8222635140625 0.1281732625 0.8584509328125 0.13222982187500001 0.89937635625 0.14245463281249998 0.948606571875 0.15097174375 0.956947725 0.1513470609375 0.97159666875 0.141714934375 0.9789665890625001 0.1395026421875 0.9836500499999999 0.14254636874999999 0.992898809375 0.1418640171875
9 0.24132645937500002 0.21749228125000003 0.25717388125 0.22346661562499998 0.2645619796875 0.22229583125 0.271995528125 0.22372881718749998 0.277632046875 0.22831864531249998 0.29698263125 0.2227717515625 0.309090553125 0.22672770781249998 0.3285683953125 0.228471371875 0.3351216078125 0.23252428749999998 0.35369184374999996 0.23532561875 0.36570886874999997 0.234074034375 0.3833987703125 0.23949529531249997 0.39370966093750004 0.24660809687500002 0.4299334390625 0.252747671875 0.44382930312499996 0.25302603125 0.4503643359375 0.25603743749999996 0.462399540625 0.2558273625 0.4661753984375 0.25992875625 0.4810061359375 0.2607117109375 0.49682628749999996 0.26512378281250004 0.5087796828125 0.260226921875 0.5171117468750001 0.26008148593749997 0.5235195234375001 0.2558023359375 0.5202422296875 0.22720934375000001 0.5127450515625 0.2221310796875 0.49694307968749996 0.2187605171875 0.49049894531250005 0.22095665000000003 0.4885746578125 0.2168229375 0.457052521875 0.21476859531249998 0.4068965203125 0.2062676421875 0.37257885156250004 0.20322027187499997 0.355778375 0.1956998359375 0.35117672031249997 0.1973428953125 0.34743722187500004 0.1953245171875 0.3437522609375 0.1964306640625 0.315905996875 0.1927494203125 0.29265229531250003 0.1869043625 0.2648060296875 0.183223121875 0.2498843953125 0.177232628125 0.23135051718750002 0.1765143109375 0.2071255828125 0.16808164375 0.1838991515625 0.1637988484375 0.15608015625 0.16167986875 0.14767537343749998 0.157659271875 0.128161171875 0.1538325921875 0.1235504265625 0.15495489843750002 0.11982001874999999 0.153457275 0.1087833171875 0.1578172234375 0.1008057546875 0.1782720671875 0.0962041 0.1799151265625 0.09359036093749999 0.189337178125 0.09830109375 0.193943165625 0.10571646406249999 0.19433464218750002 0.1206381 0.2003251359375 0.1261655390625 0.198665915625 0.1670636921875 0.2073284640625 0.2032511109375 0.211385025 0.2125634984375 0.21434795312500002 0.21541357187500002 0.21846550625 0.24132645937500002 0.21749228125000003
10 0.48044119375000005 0.17529189375 0.4720545921875 0.17231280625 0.46093608281250004 0.17198596875 0.44605080625 0.168078490625 0.41728784531249996 0.1649341609375 0.41354834531250007 0.16291578281250002 0.40153132343750003 0.1641673671875 0.4081390734375 0.17134480624999998 0.41839542500000004 0.17533308125 0.46479374843750004 0.18077414687499999 0.47682895312499995 0.180564071875 0.512145125 0.187761315625 0.5176634765625 0.1855813421875 0.5156392015625 0.1757193359375 0.5109739171875 0.1737171171875 0.48044119375000005 0.17529189375
10 0.31780387499999996 1 0.3246906203125 0.9987255359375 0.32895637187500004 0.9837461140625001 0.326667859375 0.9637915843749999 0.327567646875 0.9412366499999999 0.3317192140625 0.91971558125 0.301248996875 0.9155214640624999 0.274753253125 0.91671103125 0.227447434375 0.911356640625 0.1635090109375 0.9164715843750001 0.158336625 0.91656186875 0.149335715625 0.919627271875 0.13995466875 0.9379678203124999 0.141229253125 0.9739356265625 0.151259796875 1 0.31780387499999996 1
10 0.4404411921875 0.9607150734375001 0.44872577500000005 0.9536632656249999 0.45176817500000005 0.94270409375 0.4502403703125 0.9292799359374999 0.44305222187500004 0.9250429656250001 0.419206096875 0.9298216421875001 0.3636547953125 0.92086535625 0.3537398671875 0.9215124171875001 0.3578284796875 0.9334377484375 0.37671158125000004 0.9407423843749999 0.37889229687500003 0.9545186921875001 0.383018971875 0.9686245546875 0.4020035703125 0.9817440015625 0.40918537187500004 0.9856175374999999 0.4276561390625 0.96929955 0.4404411921875 0.9607150734375001
10 0.4745203875 1 0.47992990312500006 0.9999055765625 0.5555760125 0.99858516875 0.5956618796875001 0.9978854671875 0.5854069046875 0.9291018046874999 0.57750236875 0.9208784421875 0.5477866046875 0.922851296875 0.5264759109375 0.9246774156249999 0.5051208109374999 0.923959553125 0.51301891875 0.93181948125 0.5156812234375 0.9361354515625001 0.5234334703125 0.9356365906249999 0.5296203312500001 0.9566136890625 0.529214821875 0.9704351140625 0.50741619375 0.98135815625 0.481579659375 0.9832632734375 0.4601484359375 0.9781843234375 0.4452143890625 0.9748096500000001 0.43956039062499996 0.9843602703125001 0.4339191234375 0.9946377375000001 0.4422264109375 1 0.4745203875 1
9 0.8016450109375001 0.5916245234375 0.8130089437500001 0.6060117203125001 0.8030980046874999 0.6218120953125 0.8043601109375 0.6410638359374999 0.7991508140625 0.6609494453125 0.816578484375 0.7044019078125 0.8250832546875 0.7141507984375 0.833724371875 0.731710996875 0.857488475 0.8198513484375001 0.8631613515625001 0.8265241921875001 0.8651765375 0.8358654453125001 0.8745161953125 0.8403906343750001 0.8736449484375 0.84353131875 0.8773935375 0.84607045 0.8737540265625 0.8497803656249999 0.875905559375 0.8669329296875 0.8795541609375 0.8637437671875 0.8812057546875 0.8522548593750001 0.8867331953124999 0.8505956390625 0.8929682640625 0.8364221640625 0.9030609999999999 0.8310368671875 0.9095414937499999 0.83092375 0.9123824781250001 0.83452055 0.9160947078125 0.8349766640625 0.92530710625 0.8322112984375 0.9298451328124999 0.8269229593749999 0.9259783781250001 0.8176140265624999 0.9266950984375001 0.8056205234375 0.9180085312499999 0.7854565546875001 0.9187525203125 0.775025315625 0.9112280734375 0.7683847890625 0.9057447078124999 0.7195147109375 0.91115398125 0.711085690625 0.9324652125 0.711755525 0.9361229046874999 0.7090871187500001 0.9254666 0.6821856640624999 0.9252484453125 0.66968756875 0.9137390765625 0.6469683093749999 0.91444670625 0.634454053125 0.909581446875 0.620995246875 0.9058328578125 0.6184561140625 0.9056965109374999 0.6106448046875 0.9000054546875 0.6029304515625 0.8934613328125 0.5993982921875001 0.8904749125 0.587469428125 0.8847838546875 0.579755075 0.8827504906250001 0.569372315625 0.8891673546875 0.56561391875 0.8889946500000001 0.55571959375 0.8861718468750001 0.5531643015625 0.8953115265625 0.5462329046875001 0.9083088765625 0.548089684375 0.9130196093749999 0.552695671875 0.9648817421875 0.5528322421875 0.98346106875 0.5561543265625 0.9916840546874999 0.5497598421875 0.9999797593749999 0.5475313890625 0.999507090625 0.52045218125 0.981371790625 0.4895139734375 0.9395660328125001 0.48190909218750005 0.9348825703125 0.4788653671875 0.9153683687499999 0.4750386875 0.8874221140625 0.46562915 0.8484664296875 0.4621418234375 0.8438556859374999 0.46326412812499995 0.8373297421875 0.46077347656249995 0.830422028125 0.43641115625 0.8246764328125 0.4255722796875 0.820047509375 0.42565307812500003 0.8171974359374999 0.4215355234375 0.8180414109375 0.416832578125 0.8114518390625 0.41069664687499996 0.8122958171875 0.4059937015625 0.7997970328124999 0.379645321875 0.7960848046875 0.3791892078125 0.7924725625 0.3844613859375 0.7795388437499999 0.3862498828125 0.773149246875 0.39157054062499996 0.773694634375 0.42281578125 0.8034847421875 0.4848053140625 0.8055544671874999 0.49727109062499997 0.8029225500000001 0.5056516328125 0.794663203125 0.509963103125 0.778308128125 0.5279596125 0.78699469375 0.5481235812499999 0.791097784375 0.5709721203125 0.7948463734375 0.5735112499999999 0.8016450109375001 0.5916245234375
9 0.47309051249999995 0.9213671437500001 0.47870885156250004 0.924915465625 0.5009276890625001 0.924527634375 0.5074263625000001 0.9254560234375001 0.50932338125 0.928027475 0.5212858671875 0.9236513671875001 0.516575134375 0.9190453796875 0.5257420859375 0.91367624375 0.526604240625 0.9100148062500001 0.5377136609375001 0.9098208906249999 0.5397015781250001 0.9175998812499999 0.54799728125 0.915371428125 0.551727690625 0.9168690515625 0.5563020765625 0.9136637296875 0.559115790625 0.9156982671874999 0.5692903359375 0.91499975625 0.5712237124999999 0.9196542234375 0.5767511515625 0.9179950031249999 0.5771042796875 0.8851713406249999 0.5704769749999999 0.8238193265625 0.5675723640625 0.8165772484374999 0.5563993171875 0.8131258875 0.5499188203125 0.8132390046875001 0.5471778265625 0.8153704984375001 0.5388094031249999 0.8134329203125 0.5352062515625 0.819225853125 0.518642109375 0.8252450187499999 0.5074963328125001 0.8233559203124999 0.5027855999999999 0.81874993125 0.48797304218750004 0.8190084859375 0.4860760234375 0.816437034375 0.47965006718750003 0.8196746765625 0.4759287484375 0.8186978078125 0.47414080625 0.8223754046874999 0.46953915156250003 0.8240184640624999 0.46027221249999994 0.8236593078125001 0.455579659375 0.8200948265625 0.44818247031249997 0.820744859375 0.437318475 0.8349991328125 0.42170738906249994 0.8425644015625 0.409617646875 0.8396499531250001 0.39664756875 0.839355434375 0.393806584375 0.8357586359375 0.382642628125 0.8328280265625001 0.3788667703125 0.8287266328125 0.36683156562499997 0.8289367078125001 0.3623844375 0.8394325874999999 0.36272075937500003 0.858700484375 0.35923577500000003 0.8712632203125 0.3580023125 0.9067068125000001 0.37209815 0.918441759375 0.3757740203125 0.9168148578125 0.3794953390625 0.917791728125 0.3831075828125 0.9125195500000001 0.38773650625 0.9124387515624999 0.39808375625000003 0.9216345671875 0.4351242421875 0.9215089359374999 0.4471958046875 0.9233818765624999 0.47309051249999995 0.9213671437500001
9 0.7741251328125001 0.92496808125 0.80372298125 0.9228887109375 0.8250342125 0.9235585484375 0.8352542062499999 0.9254638078124999 0.8371421343750001 0.9275145031250001 0.8472984984374999 0.9257744859375 0.8575003125 0.9266382390624999 0.8713325484375 0.9232713203125 0.8756160609375 0.90340186875 0.8717311234375 0.8930514281249999 0.86707493125 0.8915699640625 0.8649779359374999 0.8775419250000001 0.8620642359374999 0.8697790937500001 0.8573807718750001 0.86673536875 0.8553655843750001 0.8573941156249999 0.8263481109375 0.8396686734375001 0.8207752203125 0.8387241218750001 0.7927380703125 0.8241070468749999 0.7611250375 0.8168451640625 0.7519126375 0.8196105296875 0.7333969390624999 0.8199337218749999 0.722242071875 0.81752386875 0.6861364609375 0.8181540937499999 0.65735531875 0.8139682578125 0.6314424328125 0.8149414796875 0.6277120218750001 0.8134438562499999 0.6185087125 0.8167299765625 0.6110569859375 0.8142554843750001 0.6073720234375 0.81536163125 0.60496735 0.836761025 0.6095249328125 0.8856472625 0.6137552796875 0.9157863562499999 0.6185750890625 0.9266413921875 0.6342861640625 0.9248044156249999 0.6500517765625 0.9260919640624999 0.693536396875 0.9237701984375001 0.7037473015625 0.9251547046875 0.755582165625 0.9237290125 0.7741251328125001 0.92496808125
9 0.0979203828125 0.914892946875 0.111770796875 0.9125675375 0.1284621953125 0.913838925 0.134089621875 0.9179079984375 0.1507173921875 0.915534109375 0.1609192046875 0.9163978625 0.1673542515625 0.9136809749999999 0.17752879375 0.912982465625 0.1896003578125 0.9148554046875 0.20811605625000001 0.9145322124999999 0.22669538125000002 0.917854296875 0.23497290781250002 0.9145843359375 0.2590796734375 0.916247203125 0.273810425 0.9113018625 0.283059184375 0.9106195109374999 0.297018675 0.9145431500000001 0.3025642953125 0.9139254375 0.305378009375 0.915959975 0.31370098281250003 0.915293784375 0.31735867500000003 0.912625375 0.32652424999999996 0.854123171875 0.326115209375 0.830689240625 0.3176195296875 0.8214611046875 0.320051471875 0.8016239734375 0.317337746875 0.8053177296875 0.2931855296875 0.8010510953125 0.2839640390625 0.8032957078124999 0.248775125 0.8033890187500001 0.2255577828125 0.7996269796875 0.220021253125 0.8007654437499999 0.213495309375 0.7982747921875 0.20519051562500001 0.7999824906249999 0.197729696875 0.7969872437500001 0.1903143296875 0.796595765625 0.1866475484375 0.798743421875 0.1680318625 0.7933383203125 0.1569588015625 0.7956152515625 0.14584029375000002 0.7952884124999999 0.1309186578125 0.78929791875 0.11701370468750001 0.7884988046875 0.06903650624999999 0.798712678125 0.0098771703125 0.8049544359375 0.005266425 0.8060767406249999 0.00712074375 0.9123105593749999 0.011813296875 0.9158750390625 0.0442612171875 0.917913221875 0.047927996875000003 0.9157655671875 0.075719725 0.9163222875000001 0.0941627046875 0.9118330609375 0.0979203828125 0.914892946875
10 0.5693784843749999 0.8139411609374999 0.56872401875 0.7764468718749999 0.55766005 0.77924455625 0.5483567515625001 0.776802384375 0.541930796875 0.780040025 0.53355328125 0.7775816921875001 0.524377240625 0.7824300734375 0.5206650125000001 0.7819739593749999 0.5188588921874999 0.7846100468749999 0.51231476875 0.7810778875 0.49847344375 0.7839240515625 0.49484302187500007 0.788154721875 0.5013507875000001 0.789603865625 0.5015053140625 0.798456684375 0.5145662890625 0.8039587453125 0.5191861234374999 0.8033571921875 0.5220452875 0.8079954984375 0.5498370125 0.80855221875 0.5535856031249999 0.8110913500000001 0.5656389859375001 0.8119227812500001 0.5693784843749999 0.8139411609374999
10 0.680907609375 0.783865128125 0.6604948921875 0.78161686875 0.648368790625 0.7766194046875 0.6279197140624999 0.7722881312500001 0.600118896875 0.7712106578125 0.60070064375 0.8045389140625 0.6046219390625 0.8169723718749999 0.64439433125 0.8141944921875 0.6870531546875001 0.8176171796875 0.7148267015624999 0.8171323906250001 0.7491534625 0.8207005171875 0.76393875 0.8188796999999999 0.7647645484375001 0.813135246875 0.725717965625 0.804440378125 0.680907609375 0.783865128125
10 0.253294971875 0.7970591734375 0.2561086859375 0.7990937109375 0.26071943124999997 0.7979714046875 0.2764941328125 0.79977970625 0.279116959375 0.790878409375 0.2762668875 0.78676085625 0.29010821249999996 0.783914690625 0.2882202828125 0.7818639953125001 0.276203259375 0.783115578125 0.26874244062499997 0.78012033125 0.2567072375 0.7803304078125 0.2492645984375 0.7783766671875 0.24456295468749997 0.774291434375 0.2297413078125 0.7740292328125 0.20108742500000001 0.777133953125 0.19377204374999998 0.78247076875 0.190050725 0.7814939015625 0.1799216296875 0.7847961812500001 0.1845869125 0.7867983984375 0.179994346875 0.7889622125 0.18741880625000001 0.78987444375 0.186547559375 0.7930151265625 0.2087936671875 0.7941895578125 0.224604728125 0.7980808765625 0.253294971875 0.7970591734375
10 0.6598754109375 0.693072528125 0.6403793906249999 0.69028735625 0.6255850109375001 0.69158741875 0.62276220625 0.689032128125 0.6172438578125 0.6912121015625 0.613504359375 0.6891937234375 0.6061253484375 0.6908852624999999 0.6089390625 0.6929198015625 0.6071238515624999 0.6950351359375 0.6340170640625 0.6971702765625001 0.6572525828125 0.7019738249999999 0.6636876296875001 0.6992569375000001 0.6849897703125001 0.6994060203125 0.6942203499999999 0.6976821625 0.6876580484375 0.6931084937499999 0.6598754109375 0.693072528125
10 0.2400403609375 0.6743551437499999 0.2624319046875 0.6838616375 0.27443983906249997 0.6820893 0.2818824765625 0.6840430390625001 0.301296690625 0.682141425 0.31335916406250003 0.6834936109374999 0.336449246875 0.679965096875 0.340188746875 0.681983475 0.37167452343749996 0.6819548015625 0.380070215625 0.6854546421875 0.40967715312499997 0.6838960265625 0.4189804515625 0.6863381984375 0.44863283750000005 0.687383353125 0.47648819218750005 0.69158535 0.4820156328125 0.6899261296875 0.500694946875 0.698976509375 0.5172590875 0.6929573421875 0.5190652078125 0.690321253125 0.5320443765625 0.6911365265625 0.535792965625 0.6936756578125001 0.55521626875 0.6922947984375 0.5549799328125 0.67875519375 0.5207531609375 0.6809153609374999 0.5123756484374999 0.678457028125 0.49758126875 0.679757090625 0.45866194531250004 0.6783527796875 0.395590403125 0.67268183125 0.384490075 0.673396503125 0.37333520781249996 0.670986646875 0.3381462921875 0.6710799609375 0.3242049796875 0.66819783125 0.2917752375 0.66720115625 0.2508770859375 0.6585386078125001 0.21103197499999998 0.6571504546875 0.1768142921875 0.659831378125 0.0979953203125 0.653914390625 0.085914665625 0.6515206953125 0.008992710937499999 0.648175159375 0.0025122171875 0.6482882765625 0.0026849234375 0.6581826046875 0.0073411171875 0.6596640671875 0.0685156390625 0.6627635625 0.1103486671875 0.6719307062500001 0.15016650625 0.6717565953125 0.20212862812500001 0.6776214578124999 0.2400403609375 0.6743551437499999
0 0.278039175 0.6649647546875 0.52386309375 0.682055753125 0.5286629796875 0.5608080578125 0.2922205109375 0.5355471734374999 0.278039175 0.6649647546875
10 0.6588168734375001 0.473265859375 0.67274000625 0.4751064796875 0.6765158625 0.4792078734375 0.6829599984375 0.4770117390625 0.6839221421875 0.479078596875 0.7015302343750001 0.4798130703125 0.7117684078125001 0.4827598390625 0.7247112171875 0.481492096875 0.73498575 0.48652187968750005 0.7553439281250001 0.485645615625 0.7477558515625 0.4753598109375 0.7485180203125 0.4659700796875 0.7335859218749999 0.40632576406250004 0.72884791875 0.40015751406250005 0.7204522250000001 0.396657671875 0.66293539375 0.3908897671875 0.641560534375 0.386574653125 0.597966834375 0.3826473703125 0.582246671875 0.3839635921875 0.5738691593749999 0.3815052578125 0.575820715625 0.38720123281249996 0.5842345875 0.39174258281249996 0.570402353125 0.3951095015625 0.567670446875 0.39776175 0.572599334375 0.4148658328125 0.564394528125 0.4223018265625 0.5645399640625001 0.43063389062499996 0.56973245625 0.46283984062499994 0.5725552609375 0.4653951328125 0.6226203640625 0.46868854375 0.62638713125 0.472269184375 0.630063003125 0.4706422828125 0.642161834375 0.4740774859375 0.6588168734375001 0.473265859375
10 0.182069884375 0.32427188125 0.17461815625 0.32179738750000003 0.14682642968749998 0.32124067031250003 0.12452578437499999 0.316941715625 0.12174842968749999 0.31699019375000004 0.12273784375 0.3206193125 0.136651884375 0.3219391796875 0.1385489046875 0.32451063125 0.15899798125 0.3288419046875 0.16274656875 0.3313810359375 0.20177497187500001 0.3390343953125 0.221216453125 0.33869504375 0.237027515625 0.3425863609375 0.2461944671875 0.337217225 0.26007215 0.33645407656250004 0.2814561015625 0.3412899453125 0.31020088281249997 0.3433927671875 0.34734135625 0.3489954296875 0.35014598124999996 0.3505092125 0.35123538125 0.359866625 0.393966925 0.3674553453125 0.40514906093749997 0.37142746249999997 0.43295896875000006 0.3730256890625 0.45599451249999995 0.36637265 0.4782315296875 0.3670263265625 0.4874621078125 0.36530246875 0.5125491984375 0.37007369843750004 0.5153629125 0.372108234375 0.526481421875 0.37243507343750004 0.5263996125 0.3677482875 0.5143644109375 0.36795836249999997 0.510570371875 0.3628154609375 0.486527234375 0.36479787343750003 0.4799831125 0.3612657125 0.4438229625 0.3587714140625 0.432649915625 0.355320053125 0.38901985625 0.349309753125 0.37877259375 0.34584223125 0.3500823515625 0.3468639328125 0.3462883140625 0.3417210328125 0.335151625 0.3403526859375 0.317425365625 0.33284840937500004 0.3237681390625 0.2717909125 0.3290047046875 0.25346756406250004 0.32953053906249996 0.23053822968749998 0.302582790625 0.2252785640625 0.29333403125 0.2259609140625 0.2860913671875 0.2354637625 0.280074453125 0.26213533437500003 0.2746560890625 0.27004360312500003 0.2599721625 0.3307257828125 0.23590175625 0.33114593281250004 0.21639664375 0.3278400078125 0.21358293125 0.32580546875 0.20896309531249999 0.32640702187500004 0.2014840984375 0.3223702671875 0.182069884375 0.32427188125
10 0.7762224437499999 0.24930773906249998 0.7782739875 0.2607320078125 0.790381909375 0.26468796562499997 0.7978790859375 0.269766228125 0.8173841984375001 0.273072153125 0.8574474640625 0.2869584015625 0.8787859656249999 0.2891904984375 0.8805284578125001 0.28290913125 0.846980671875 0.2178597140625 0.8468897734375 0.21265217343749998 0.8211936671875 0.172990425 0.81189036875 0.170548253125 0.8017158249999999 0.17124676249999998 0.7927034015625 0.1854687171875 0.7947276765625 0.1953307234375 0.8070355749999999 0.21074326875 0.8043400281249999 0.2154785328125 0.8090053109375 0.2174807515625 0.8100583531250001 0.22475514687499998 0.8157130499999999 0.230386484375 0.8065551890625 0.236276375 0.7732360234375 0.23737887500000002 0.7705586546875 0.2431556484375 0.7762224437499999 0.24930773906249998
10 0.9768541624999999 0.23069923124999997 0.9692660859375 0.220413428125 0.9469018124999999 0.21246919531250003 0.927478509375 0.21385005625 0.9200358703125 0.2118963171875 0.91081438125 0.2141409296875 0.9061400078125 0.2116179578125 0.8903743953125 0.21033040937499997 0.8708511046874999 0.205982975 0.8670207062499999 0.1987570578125 0.863335746875 0.19986320468750002 0.8616568843750001 0.20978985 0.8674570171875 0.22375325 0.8912561046875 0.260843546875 0.90377306875 0.2882334359375 0.9122051203125 0.29381629375 0.9910695421875 0.30233705 0.9956621078125 0.3001732359375 0.9949712828124999 0.2605959296875 0.9798678515624999 0.24419035781249998 0.9768541624999999 0.23069923124999997
9 0.9465409687499999 0.2979051734375 0.9158900796875 0.2927101453125 0.9112793343750001 0.293832453125 0.909582290625 0.3027175890625 0.925793303125 0.329522084375 0.929532803125 0.3315404625 0.956407834375 0.33263409374999997 0.9676354203124999 0.3392099796875 0.9731628609375 0.3375507609375 0.9908345828125 0.3419305140625 0.9963711109375 0.3407920484375 0.9956802874999999 0.30121474375 0.9465409687499999 0.2979051734375
9 0.8793495328125 0.32147724843750003 0.8978561421875 0.3206333015625 0.8900771796875 0.2994116640625 0.8779056296875 0.29181042968750004 0.8805920859375 0.2865544109375 0.87305855 0.27939313125 0.8713160578125001 0.28567449843750004 0.8657977062500001 0.287854471875 0.8248722859375001 0.2776296609375 0.822004034375 0.27247060156249997 0.8136174296875 0.2694915140625 0.8034428859375 0.2701900234375 0.79411231875 0.2661855890625 0.77366324375 0.2618543140625 0.7711404015625 0.2764839046875 0.7827679390625 0.3059729671875 0.7874604921875 0.309537446875 0.805032225 0.3081889078125 0.8106414750000001 0.3112164734375 0.8217599828125 0.3115433109375 0.8283404640625 0.3171584890625 0.857157965625 0.323427340625 0.873840271875 0.3241779765625 0.8793495328125 0.32147724843750003
9 0 0.1783856265625 0.0017285921874999998 0.1789596390625 0.023992878125 0.18117557812500001 0.0268702203125 0.1868553921875 0.0323885703125 0.18467541875 0.035202284375 0.18670995625 0.045395009375 0.1870529546875 0.050078471874999995 0.19009668125 0.054707396875 0.19001588281249998 0.05558773125000001 0.187395953125 0.0703184828125 0.1824506125 0.0701094171875 0.17047326875 0 0.15646865625 0 0.1783856265625
9 0.653783875 0.291034275 0.6741784125 0.292241025 0.685351459375 0.29569238750000004 0.6954714640625 0.291869353125 0.7007443906249999 0.275629021875 0.695107871875 0.27103919374999996 0.69021534375 0.256018125 0.6836439515625 0.250923703125 0.6408669609375 0.24073121249999999 0.616732925 0.23750608281250002 0.58788815625 0.22967496875 0.5749271671875 0.229901203125 0.5609858546875001 0.2270190734375 0.5434232109375 0.22888836875 0.5440231375 0.2632581328125 0.5506672484374999 0.2725185875 0.571070875 0.27424609218749996 0.5766074062500001 0.2731076265625 0.60537945625 0.276772709375 0.608247709375 0.28193177187499996 0.6341878640624999 0.2825208078125 0.63794554375 0.28558069375 0.6490822328125 0.28694904062500004 0.653783875 0.291034275
9 0.73867705 0.3796703515625 0.7355633734375 0.36045093125 0.7289192625 0.3511904765625 0.72155843125 0.3539235234375 0.711529325 0.36295409843750004 0.7097504734375 0.3671524484375 0.714815709375 0.39206784375 0.7343844484375001 0.399019046875 0.7425619859375 0.39002079218749997 0.74993190625 0.3878085 0.7572291078125 0.381430175 0.7570564015625 0.3715358484375 0.7524365671875 0.3721374 0.7442499406249999 0.3806149 0.73867705 0.3796703515625