9 0.36123904375000004 0.038255628125 0.3847888875 0.03284210625 0.387804171875 0.027684768749999998 0.3976727765625 0.024719971875 0.40136211718750003 0.0110526703125 0.4010721734375 0.008989612499999999 0.24611355937499999 0.0307676265625 0.24715376562500002 0.044822134375 0.251328828125 0.04791703125 0.2732622984375 0.04430853125 0.28011561875 0.0465010703125 0.314958384375 0.0416042390625 0.36123904375000004 0.038255628125
9 0.4650365953125 0 0.463422384375 0.0002268625 0.45963515624999995 0.006544593749999999 0.45123795 0.0066728390625 0.4487046640625 0.008606724999999999 0.43121079531250006 0.0105393765625 0.4276627046875 0.0052525578125 0.4239950453125 0.0057680140625 0.42829339843750003 0.0230462828125 0.4344472625 0.0269149796875 0.47170374531250003 0.0258865375 0.559100603125 0.0157075171875 0.564674578125 0.0154501 0.5668708375 0.01777119375 0.5957771968750001 0.0105529578125 0.6321892515624999 0.010169145312499999 0.6727509640625 0.0060464234375 0.6766360812500001 0.0070782609375 0.681075684375 0.0054024125 0.6840438875 0.0065631140625 0.6884110046874999 0.0043715015624999996 0.69236860625 0.005919103125 0.6967357234375 0.0037274890625 0.7080286453125 0.0042441796875 0.7355360921874999 0.000378259375 0.753392390625 0.0010244328125 0.7590290171875 0 0.4650365953125 0
9 0 0.1379379875 0.00488195 0.137251875 0.0114924078125 0.1310633171875 0.016294440625 0.131966290625 0.018465296875000002 0.12745358125 0.0160515796875 0.1235851921875 0.06076295 0.1157235625 0.084867278125 0.10760235468749998 0.0951708 0.10773214375 0.10419497656250001 0.10541197656250001 0.1109033234375 0.1065729859375 0.1113853234375 0.10334953437500001 0.117441296875 0.09986866250000001 0.16507378749999999 0.099485775 0.1607537546875 0.09535935 0.148761375 0.0965188171875 0.1409911421875 0.0944551421875 0 0.1060610828125 0 0.1379379875
9 0.2025619640625 0.0468814890625 0.21532628593749997 0.044561628125 0.2172071984375 0.0379858609375 0.22348063125 0.036052284375 0.22319068749999998 0.033989225 0.169092709375 0.0415922 0.169382653125 0.0436552578125 0.1735577140625 0.04675015625 0.1820998921875 0.0476534375 0.1866373828125 0.053327157812500005 0.1949621046875 0.0526831453125 0.2025619640625 0.0468814890625
9 1 0.716935590625 0.9900724999999999 0.720398325 0.97996475625 0.7349676734374999 0.9620613734375001 0.7406395406249999 0.9443500468750001 0.7410248968750001 0.9410919015625 0.7378011359375 0.9281101203125001 0.7385737031249999 0.908901990625 0.7349618062500001 0.9079379937500001 0.7414087109375 0.9190463078125 0.78718320625 0.92783506875 0.8164532343750001 0.9321551015624999 0.8205796609375 0.9413967375000001 0.819806784375 0.9455717984374999 0.82290168125 0.9500838875 0.821741596875 0.9570096937500001 0.8244499 0.9610143796875 0.819679465625 0.972452275 0.821227684375 0.9852165968750001 0.8189078234375 0.9955926046875 0.8195533796875001 1 0.818998653125 1 0.716935590625
9 0.617385034375 0.8495651046875 0.6268912109375 0.8440214828125001 0.640644934375 0.8420885234375 0.645664425 0.8445387906249999 0.6461718265624999 0.8481491437500001 0.66091495 0.846603084375 0.66520958125 0.84389570625 0.6700840984374999 0.8453144453125001 0.6839103078125001 0.84389725 0.688277425 0.8417056359374999 0.6913181140625 0.843382103125 0.7033104921875 0.8422226359374999 0.7114431578125 0.846865134375 0.7157377875 0.8441577562499999 0.73429354375 0.8431277703125 0.7505805546875 0.8392609234374999 0.7545381578125 0.8408085281250001 0.7735759109375 0.836555090625 0.7850138062500001 0.838103309375 0.7979231 0.836814978125 0.812158821875 0.8316585671875 0.826419946875 0.833335959375 0.8363610390625 0.8308869265625001 0.8670541453125 0.829729003125 0.8705043484375 0.8276662531250001 0.8834861281249999 0.8268936859375 0.8913034453125 0.8226393218749999 0.8723232859375001 0.7474659359375 0.8685577359375 0.740631821875 0.8578193000000001 0.73740744375 0.8532093218749999 0.7312179609375 0.8494691765625 0.731217653125 0.8461639468750001 0.7343119296875 0.8369223124999999 0.73508480625 0.8297790468749999 0.7308292078124999 0.818341153125 0.7292809890624999 0.7979515671875 0.7305687015625 0.77411178125 0.7339191656249999 0.7689002359375 0.7367554078125 0.7405483609375 0.7412659546875 0.737170646875 0.7438444703125 0.7249608078125 0.7434566421875 0.716081603125 0.7468083421875 0.7076373140625 0.753254628125 0.69480050625 0.7550587234374999 0.6881175609375 0.7607315171875 0.6604651421875001 0.76356590625 0.6461098515625 0.77452459375 0.6159241468750001 0.77929286875 0.6052111109375 0.782902296875 0.60197836875 0.7865123406250001 0.6030910625 0.8010826124999999 0.5983869171875 0.8075292078125 0.608907896875 0.8092062921875 0.6119052265625 0.8371864453125 0.6157178562500001 0.8377025171874999 0.6191209765625 0.8419578078125 0.6165876890625 0.8438916921875 0.6204003218749999 0.8444077671875 0.6161781765625001 0.8476309093750001 0.617385034375 0.8495651046875
10 0.7829655828125001 0.7237336625 0.8159020328125001 0.7185787953125 0.83911485 0.717420253125 0.846232709375 0.7148420484375 0.8375201578125001 0.7060734328125 0.828977978125 0.7051701484375 0.826491775 0.7007859953125 0.8194934843749999 0.6975619281250001 0.7817550015625 0.7018138203125 0.7560559828125 0.698588209375 0.7496375765625001 0.69949025625 0.73646374375 0.7055493328125 0.731734196875 0.7051621234375001 0.70714786875 0.716506784375 0.6945285203125 0.7198581749999999 0.6696268453124999 0.722305971875 0.646294459375 0.7292667875000001 0.643616203125 0.7301691453125 0.6465844046875 0.731329846875 0.6633063296875 0.7305575890625 0.6681808484375 0.731976328125 0.702251671875 0.7282398890625 0.707343646875 0.731205921875 0.739290696875 0.725664153125 0.7571469953125 0.726310325 0.7680050015625 0.723732428125 0.7829655828125001 0.7237336625
8 0.2166895109375 0.8858930171875 0.26704734375 0.8782897328124999 0.27213931874999997 0.881255765625 0.298175365625 0.8802263968749999 0.30773234843749997 0.888350384375 0.34264759843750003 0.8839693171875 0.347322615625 0.850703271875 0.350493384375 0.773468678125 0.34687280781249996 0.7676660937500001 0.3113305859375 0.7742390828125 0.28261628125 0.776170809375 0.2719503296875 0.7734621953125 0.2105895171875 0.782611846875 0.19379510625000002 0.7828683390625 0.18322704375 0.7875092953125 0.14724990625 0.790987696875 0.0994507625 0.8034908984375001 0.089219728125 0.8038768734374999 0.044725815625 0.8132857953125001 0.039659240624999995 0.8171535671875001 0.051401971874999994 0.9007074359375 0.0573383765625 0.9030288390625 0.10960252343750002 0.8956835921874999 0.118144703125 0.896586875 0.1565826421875 0.8906588234375 0.1632909890625 0.8918198328125 0.2166895109375 0.8858930171875
8 0.5092361624999999 0.8584530140625001 0.5117223656250001 0.8628371687499999 0.5164519125 0.8632243781250001 0.5456482171875 0.8580692015625001 0.55515439375 0.8525255796875 0.5617902546875 0.853170825 0.5705969734375 0.8493033640625001 0.5746270625000001 0.8513667296874999 0.5780772640625 0.8493039796874999 0.5821798406250001 0.8518831125 0.592410875 0.8514971375 0.607708484375 0.8472433921875 0.6137173765624999 0.850080559375 0.6229590109375 0.849307684375 0.6378941890625 0.842475115625 0.6446750234375 0.844151890625 0.6476178234375001 0.8384787890625001 0.651502940625 0.8395106265625 0.657558915625 0.83602975625 0.6571239984374999 0.8329351687500001 0.6660756906249999 0.830099234375 0.665133371875 0.8233942953125 0.64602313125 0.8271319671875 0.6429099578125 0.8249397359374999 0.645997728125 0.8202981625 0.641895153125 0.81771903125 0.6386840890625 0.8081772328125 0.64082954375 0.79683071875 0.6351576796875 0.7897385703124999 0.6378830203125 0.7825181734375 0.6477516265625 0.779553375 0.656195915625 0.7731070890625 0.6607550859375 0.765628965625 0.6763426390625 0.763438278125 0.6822790453125 0.7657596828125001 0.6953079078125 0.758669075 0.6976237375000001 0.7551878953125 0.7122218890625 0.7526103078124999 0.7143927453125001 0.7480975984375 0.7100727109375 0.7439711734375 0.717263059375 0.7419087328125 0.7231740609374999 0.73739633125 0.7287480375000001 0.7371389125000001 0.7330680703125 0.7412653390624999 0.7379896718750001 0.7363660375000001 0.7328976953125 0.73340000625 0.73789178125 0.72901646875 0.7263814015625 0.726952484375 0.7230761718750001 0.7300467640625 0.7056547906249999 0.7324951796875 0.6995009265625 0.72862648125 0.6961232109375 0.7312049953125 0.6777849140625001 0.733782275 0.667046475 0.730557896875 0.6637883296875 0.7273341375 0.660265640625 0.728881121875 0.6572974390625 0.7277204203125 0.5829331671875 0.75079448125 0.5689619859375 0.751180146875 0.54014979375 0.745762303125 0.5068509125 0.7483383484374999 0.48139475468750004 0.7534938343750001 0.4507741328125 0.755167521875 0.4468165296875 0.7536199203125 0.438491809375 0.75426393125 0.4350416078125 0.75632668125 0.43108400625 0.754779078125 0.4140975375 0.76032208125 0.396458696875 0.7612232031249999 0.39158417968750003 0.759804465625 0.38504620625 0.7665087890625 0.3823716703125 0.7873967921875 0.380190303125 0.8650182875000001 0.38443784999999997 0.8686289468749999 0.384753196875 0.8775258109375 0.393150403125 0.8773975640625 0.4189435890625 0.8679870968750001 0.4229011921875 0.8695347 0.42712333593749996 0.8663115578125 0.4641623609375 0.8637358203125001 0.4738859953125 0.85973949375 0.5092361624999999 0.8584530140625001
10 0.5785986750000001 0.0213824734375 0.579084396875 0.038144667187499995 0.5831398906249999 0.0470418390625 0.602634240625 0.0327311453125 0.61059653125 0.0295083125 0.62075508125 0.028606571874999997 0.6188704453125 0.0151966921875 0.614477925 0.0105545015625 0.5986004281249999 0.01068213125 0.5830853609375 0.013388584375000002 0.5785986750000001 0.0213824734375
10 0.7796824671875 0.06833310468750001 0.727128375 0.07361529375 0.7135196234375 0.0765797828125 0.7094895343750001 0.07451641406250001 0.6968701828125 0.0778678046875 0.691586153125 0.0801882828125 0.7111567125 0.0863790015625 0.74995708125 0.083029771875 0.7807697578125 0.07606957343750001 0.8113178921875001 0.07388012187500001 0.8194251546875 0.071688815625 0.813800371875 0.058278626562500005 0.7874272984374999 0.0635629765625 0.786800328125 0.0657548984375 0.7796824671875 0.06833310468750001
9 0.0517276046875 0.058086790624999995 0.05252495 0.0637602015625 0.05797935625 0.0693050578125 0.10565893125 0.0626041296875 0.14016466875 0.061962278125000006 0.148003665625 0.044556071875 0.0517276046875 0.058086790624999995
0 0.7835228078124999 0.0648097171875 0.7949316953125 0.06196167500000001 0.780319409375 0.026261915625 0.6271321859375 0.041648353124999996 0.6352430109375 0.0810854875 0.7556384734375 0.0712178328125 0.7835228078124999 0.0648097171875
9 0.61477225 0.1656689359375 0.6477811859375 0.1610298328125 0.654489534375 0.16219084374999998 0.670921515625 0.15935552656250002 0.6750965765625 0.162450425 0.6781843484375 0.1578088515625 0.685302209375 0.1552306453125 0.6936994140625 0.1551024 0.6979469625 0.158713059375 0.7082975671875 0.152524809375 0.7278427234375 0.151881725 0.732789728125 0.153816228125 0.733971184375 0.14891661875 0.7503306796875 0.1455655390625 0.7525269390625 0.1478866328125 0.7639648343750001 0.1494348515625 0.7709377234375 0.14582511874999998 0.7801068718749999 0.14453647812499998 0.7869601921875 0.14672901875 0.790265421875 0.1436347390625 0.7997499171875 0.1512429625 0.8031276328124999 0.148664446875 0.812441753125 0.1484073359375 0.814565528125 0.15021266718749998 0.8263404484375 0.14750590624999999 0.831432425 0.1504719390625 0.838622771875 0.148409496875 0.8426274593749999 0.1436390609375 0.856163725 0.1401588078125 0.852543146875 0.1343562234375 0.8452803140625 0.1359029 0.8432290265625 0.134613334375 0.8414168765625 0.12171921875 0.8340561546874999 0.11591632656249999 0.8334762671875 0.11179020937499999 0.8241621468749999 0.1120473203125 0.8208315125000001 0.10830779531250001 0.776674628125 0.11346173749999999 0.7469238375 0.1213246015625 0.7439556359374999 0.1201638984375 0.7466592984375 0.126095346875 0.7413027796875 0.12790005937499999 0.7437889828124999 0.1322842140625 0.7398567828125 0.137570415625 0.7343552953125 0.1383435984375 0.7101530765625 0.1391152390625 0.69936755625 0.1422089 0.69166980625 0.1406609890625 0.68821960625 0.1427237390625 0.6843344890624999 0.1416919 0.6568270421875 0.1455578203125 0.6550402953125001 0.139497509375 0.6666448421875 0.12892541562499998 0.6720738453124999 0.127636465625 0.670722015625 0.1246707421875 0.6574032078125 0.1296982890625 0.6544350046875 0.1285375875 0.6267101 0.1308562140625 0.619929265625 0.1291794390625 0.5627906 0.135105946875 0.5484569875 0.132912790625 0.539360325 0.13471719375 0.524254771875 0.1336844296875 0.43106648124999997 0.142573575 0.42508299374999997 0.1465702109375 0.41661330156250004 0.1461826921875 0.41362341875 0.15817383437500002 0.4149064875 0.180609440625 0.4257898953125 0.1848653484375 0.4371553046875 0.18589780312499998 0.45076405625 0.18293331562499998 0.48794805312499995 0.1813891078125 0.5071307796875 0.1781672 0.512005296875 0.17958593750000001 0.5510702078125 0.17146596249999999 0.596723896875 0.17030927499999998 0.61477225 0.1656689359375