10 0.4845498328125 1 0.4866524015625 0.9916091953124999 0.4632153921875 0.9858900140625 0.4607436984375 0.978578903125 0.4570962625 0.9779357624999999 0.45326050156250003 0.9730284687499999 0.4501482734375 0.9640178125000001 0.4539542703125 0.9477651343750001 0.452108228125 0.9315735859375 0.45455015468750004 0.9177247265625 0.44449737968749997 0.9000861109375 0.43692374218749996 0.8950485984375 0.4245194828125 0.890745921875 0.4076314859375 0.8745464109375 0.3847445703125 0.8710396984375001 0.3787307640625 0.8731525109374999 0.3603785296875 0.98256540625 0.45925502500000004 1 0.4845498328125 1
9 0.683685503125 0.8179774453125 0.7027441015625 0.8218668578124999 0.7066628625 0.8209712359375001 0.708622815625 0.7885270125 0.703596428125 0.7797077046875 0.7045912875 0.7740655765625 0.69719853125 0.768002221875 0.6916369375 0.7675504296875 0.6823300203125 0.7616784265625001 0.677770725 0.7608745 0.67339975625 0.7643347234375 0.6614551468750001 0.762757434375 0.6565340843749999 0.764005190625 0.649163653125 0.7738118125 0.6463525171875 0.7844223625 0.6289441953125 0.7871703546875 0.6067808109375 0.7795602749999999 0.603585584375 0.7763525312499999 0.5923719515625 0.77596186875 0.5797868078125 0.7726850328125 0.5626274859375 0.758024284375 0.5555209390625 0.7610021515625001 0.5504115515625 0.7579857578125 0.552061828125 0.7646231625000001 0.5472460906250001 0.7759379828124999 0.5511871765625 0.7909123390625 0.62696191875 0.8037446015624999 0.6301571453125 0.8069523468750001 0.6617104453125 0.8146315171875 0.6671890390625 0.8208862218749999 0.675207446875 0.8180691390625 0.6795858578125 0.8198989078125001 0.683685503125 0.8179774453125
9 0.7047338203125 0.8105826031250001 0.701900359375 0.8053231750000001 0.6840249453125 0.800055784375 0.68775538125 0.7948960125 0.68746173125 0.7805647984374999 0.683731296875 0.7857245703125 0.6734295218749999 0.78549469375 0.6663080921875 0.7778925765625 0.66985764375 0.773758646875 0.667755159375 0.7696858453125001 0.655637109375 0.774424390625 0.653853803125 0.7898702125 0.635975184375 0.7952853921874999 0.6295017281249999 0.7946728140625 0.6306923546875 0.79858483125 0.635982625 0.8005753828125 0.6377233437500001 0.8066998671875 0.6505798109375001 0.8084379421874999 0.652953621875 0.81097198125 0.7014630328125 0.8184677625000001 0.7047338203125 0.8105826031250001
9 0.9057343390625 0.865063665625 0.9220648015625 0.873760715625 0.94030198125 0.8769764234374999 0.938199496875 0.8729036203125 0.942110815625 0.8667180078125 0.94798953125 0.8333781625000001 0.9344925296875 0.8299405421875001 0.9332870203124999 0.815448540625 0.9222542703125001 0.8140320375 0.9180567421875001 0.811176428125 0.8904296453124999 0.8078916296875001 0.887143978125 0.8051968046875 0.8792160125 0.8075009671875 0.8757494609375 0.805831984375 0.8736693000000001 0.8176291609374999 0.8779647109375001 0.8252618406250001 0.873691625 0.8334991374999999 0.8777987109375 0.8368676671875 0.875997315625 0.8524160734375 0.87938086875 0.8598879703125 0.8906923859375 0.8650557046875 0.9057343390625 0.865063665625
9 0.9226074515624999 0.8706831921875 0.9347403859375 0.87652463125 0.9422012578125001 0.8662050875 0.945073071875 0.8339216484374999 0.9345829718750001 0.8294276203125 0.9317420703125 0.8188782 0.9218020609375 0.816596640625 0.9176949750000001 0.813228109375 0.9065717828125001 0.812324528125 0.903286115625 0.8096297031249999 0.8913415046875001 0.8080524140625001 0.8821399156249999 0.8122474734375 0.875478134375 0.807370746875 0.8727797640625001 0.833338353125 0.8819962390624999 0.839723278125 0.879456428125 0.848795065625 0.876449525 0.849851471875 0.8810992625 0.8501424765625 0.8794713109375 0.8593750484375 0.88804725 0.8640604265625 0.9092008921874999 0.86673265 0.9116651421874999 0.8687537671875001 0.9226074515624999 0.8706831921875
9 0.7942992109375 0.8411837015625 0.8223029578125001 0.852996803125 0.8456420843749999 0.8539389125 0.8493725218750001 0.848779140625 0.8470742703124999 0.835152196875 0.8496970812500001 0.8202774953124999 0.8460347609375001 0.80905436875 0.8411967 0.8044992125 0.8423724437500001 0.7978312437499999 0.8321611093750001 0.7970884453125 0.82731560625 0.787243296875 0.8154614406249999 0.7851530875 0.810352053125 0.7821366921874999 0.8128088625000001 0.7788678171875 0.7852722078125 0.7750700984375001 0.7831697234375 0.770997296875 0.7621065234375 0.76781215625 0.7532592593749999 0.764665540625 0.753161375 0.75988846875 0.741133765625 0.7641140921875 0.73740333125 0.7692738640625 0.7314416140625 0.8084166234374999 0.7370329765625 0.830028384375 0.75180360625 0.8315751078125 0.756001134375 0.8344307171875001 0.7621053796874999 0.831804984375 0.7680361828125 0.8354950859375 0.7879161984375 0.8400582046875 0.7902900093749999 0.8425922437500001 0.7942992109375 0.8411837015625
9 0.8476466859375 0.853234640625 0.85028438125 0.8489399265625 0.84996840625 0.8187387328125 0.8441057187500001 0.798665734375 0.8307895999999999 0.7942022718749999 0.8266825140625 0.790833740625 0.777796453125 0.77480965625 0.7745107828125 0.7721148328125 0.7695897203125 0.7733625890625 0.7550904187499999 0.770277103125 0.7486999640625001 0.7638616140625001 0.7373128890625 0.7697867859375 0.7313511734375 0.80892954375 0.7332876578125 0.824608171875 0.7370329765625 0.830028384375 0.7436947578125 0.8349051109375001 0.7598294531249999 0.8340480187500001 0.8023250609374999 0.8436566125 0.8056107296875 0.8463514359375001 0.8164625953125 0.84879378125 0.8240362359375 0.8538312937500001 0.8476466859375 0.853234640625
9 0.48736448593750004 0.78494735625 0.49786202656249995 0.7947313765625 0.508894778125 0.79614788125 0.5118186796875 0.8008943875 0.5183676937499999 0.7904140578125001 0.5165365328125 0.7848024953125 0.523989965625 0.769192959375 0.5279854296875001 0.6932116046875 0.5217833 0.691060265625 0.497050340625 0.6713620031249999 0.48071987812500006 0.6626649546875 0.4100545234375 0.6528490859375 0.3975661203125 0.7183421515624999 0.39496563125 0.7490868296875 0.3973394421875 0.7516208671875 0.41348157968750004 0.756053765625 0.4237003546875 0.76208655625 0.45461311875000004 0.768066178125 0.459443740625 0.76733134375 0.468110121875 0.7715038 0.4898138546875 0.7763884890625 0.48736448593750004 0.78494735625
9 0.03432735625 0.6665975453125 0.095915715625 0.6788353765624999 0.1428834421875 0.6905624125000001 0.1912168859375 0.7014966640625 0.2325935265625 0.710170625 0.271474490625 0.7190936031249999 0.2790793625 0.7176782609375 0.2771570546875 0.7042469031249999 0.2753631609375 0.6970398515625 0.27012555 0.6919818921875 0.25199187031250003 0.68706174375 0.164006265625 0.6681021515625 0.1103710453125 0.648997790625 0.078666740625 0.6306596 0.051487725 0.6179428609375 0.0374510359375 0.6106442890625 0.0297230375 0.609281634375 0.0235049109375 0.623689365625 0.015454996874999998 0.6450093875 0.017618231249999998 0.6605504421874999 0.03432735625 0.6665975453125
10 0.11783797031250001 0.596222128125 0.175506053125 0.6098359359375001 0.222730565625 0.63401158125 0.27762411875000004 0.6598840218750001 0.267743421875 0.6498729078125 0.2506060390625 0.6358259453125 0.21681324375000002 0.6119514484375 0.166605875 0.58035911875 0.15606653125 0.5671310359375 0.1294177890625 0.5514069578125 0.1262045046875 0.5487731499999999 0.11342094218750001 0.5447963796875 0.07827300312499999 0.528607284375 0.0597804765625 0.5222457234375 0.051420187500000006 0.5348975859375 0.039878217187499995 0.565593425 0.0453031203125 0.5765415390624999 0.0809171671875 0.5866111625 0.11783797031250001 0.596222128125
10 0 0.5544273671875 0.0185901703125 0.557705315625 0.030485654687500002 0.525004603125 0.0320175546875 0.516316759375 0 0.5136171171874999 0 0.5544273671875
9 0.30650385625 0.5309321765624999 0.30625485625 0.548340915625 0.29754268125 0.576421334375 0.282800675 0.660027409375 0.290012546875 0.6671166046875 0.2952953765625 0.663817165625 0.2973755359375 0.6520199890625 0.30566526875 0.6476641453124999 0.313683675 0.6448470625 0.3435866984375 0.6458888265625 0.3502112703125 0.62431559375 0.34773213593749996 0.6117144890625 0.35628575156250003 0.6005298906250001 0.36035563125 0.577448459375 0.369806221875 0.5558446609375001 0.38137418125 0.5488936468750001 0.3952329515625 0.5502795859375 0.3979610859375 0.54547195 0.40379400624999995 0.5443849796875 0.4025054984375 0.535695890625 0.4072456765625 0.5354739765625001 0.41942554843749996 0.4450697109375 0.41975755000000003 0.42185806093749995 0.4153791390625 0.4200282921875 0.4181828328125 0.40412774999999995 0.4227346859375 0.3996416828125 0.43249495624999995 0.33895625625000003 0.436527628125 0.2894248609375 0.4456622453125 0.237619871875 0.4461070125 0.22976527500000002 0.4427309015625 0.227583371875 0.42605355468750006 0.2315179890625 0.42294876875 0.2277973234375 0.42049195937499995 0.231066196875 0.41365673750000004 0.2325053046875 0.413581178125 0.24359820937499999 0.40656507187499996 0.24606315625000003 0.4034751703125 0.2529224765625 0.39704636249999997 0.28404985312500003 0.3991934953125 0.319862609375 0.39183794843749997 0.340249215625 0.373630534375 0.35819347968750004 0.3623339 0.3636057296875 0.354677259375 0.36437113125 0.35481273281250003 0.374267221875 0.346869503125 0.3873223421875 0.3437040421875 0.4052745671875 0.343183715625 0.42422206874999996 0.34712480156250003 0.439196425 0.33163808125 0.4470430578125 0.3238228828125 0.46470427656249996 0.3082606015625 0.483643815625 0.3035799546875 0.52618566875 0.30650385625 0.5309321765624999
10 0.3041643921875 0.293586790625 0.307178734375 0.2978203765625 0.31985431875 0.300584290625 0.333268321875 0.3098248265625 0.3486794828125 0.3130710984375 0.3694427359375 0.232642203125 0.3654186484375 0.2234707609375 0.3567448265625 0.2140083109375 0.3383193203125 0.206528453125 0.334302678125 0.2026470015625 0.3174295640625 0.1970274765625 0.3066606984375 0.18878221875 0.2949874140625 0.18566616875 0.27719499999999997 0.174595865625 0.26570260156250003 0.170453971875 0.262507371875 0.167246228125 0.2578576359375 0.166955221875 0.2479101859375 0.15938366875 0.24344133281250002 0.158066821875 0.2410749640625 0.160822775 0.23451106875 0.1607231203125 0.22173759999999998 0.15318213125 0.220283090625 0.1560988703125 0.2242092921875 0.16049324375000001 0.2209310671875 0.16308841093749998 0.210357965625 0.164397296875 0.205647553125 0.18577918124999998 0.2033716265625 0.1880222125 0.194803128125 0.188626828125 0.189256415625 0.198755021875 0.1908162484375 0.205905346875 0.1876284640625 0.20798759531250002 0.1808304484375 0.2358766625 0.20847242656249998 0.24974144531250003 0.2183294359375 0.25782591875 0.242406978125 0.265244646875 0.258737440625 0.2739416953125 0.2666802875 0.28221751875 0.29449570937499997 0.2897664671875 0.3041643921875 0.293586790625
10 0.5443885875000001 0.42955443750000005 0.54930965 0.42830668125000004 0.55157069375 0.4154836640625 0.5475540484375 0.41160221249999995 0.5521814609375 0.39602324218749996 0.5511568359375 0.3805054 0.5150219171875 0.3561523265625 0.5100104156249999 0.357913003125 0.502805984375 0.35611380000000004 0.49832968906249997 0.349506959375 0.5042530515625 0.34790706875 0.480801159375 0.33160790156250003 0.4619234453125 0.326692646875 0.46101902812500006 0.3318218546875 0.44990327656250007 0.33620826406250004 0.44059521718749994 0.3943290890625 0.45510196093750005 0.40270456875000005 0.4658633859375 0.4056598328125 0.47352746718749994 0.410184425 0.4782676453125 0.4099625109375 0.48821509374999994 0.41753406249999997 0.509647503125 0.423957515625 0.51430468125 0.4295385140625 0.54065815 0.43471420937499994 0.5443885875000001 0.42955443750000005
10 0.514395121875 0.42902559374999993 0.5286231 0.43364984062499995 0.54175089375 0.433849153125 0.549950184375 0.430006228125 0.55600978125 0.3956405421875 0.5542541812499999 0.3789360734375 0.53363575 0.367896334375 0.47569177187499995 0.3285915078125 0.454168921875 0.32268097500000004 0.447439025 0.3341871453125 0.44030900937500006 0.385287865625 0.4431499109375 0.39583728749999997 0.4495329234375 0.396962784375 0.46595382812499997 0.40514691249999996 0.470791890625 0.40970206875 0.481553315625 0.4126573359375 0.49514820000000004 0.4208720296875 0.499888378125 0.42065011406249997 0.510378478125 0.42514414218749996 0.514395121875 0.42902559374999993
10 0.9005997640625001 0.584915984375 0.91427765 0.5873277640625 0.9169983437499999 0.5772301343749999 0.9131253750000001 0.54587288125 0.904994203125 0.5333329078125 0.8787311750000001 0.527644290625 0.8665982390625 0.52180285 0.8477205265625001 0.516887596875 0.8456254828124999 0.5181047875 0.8432665546875 0.5261507328125 0.8458658984375 0.5593988859375 0.8535448609375 0.5745034625 0.8580137140625 0.575820309375 0.8562878796875 0.5802758109374999 0.8604854078124999 0.5831314203125 0.8696039984375 0.5847392734375 0.8782629390625001 0.5836217390625 0.8943146328125 0.5885675578125 0.9005997640625001 0.584915984375
10 0.8744580875000001 0.5358815859375 0.8687528140625 0.5629055984375 0.877607521875 0.57134220625 0.8770648718749999 0.57441973125 0.871322390625 0.57499378125 0.8769744296875001 0.5749326515625001 0.89120240625 0.5795569 0.89420186875 0.5732105015625 0.898211071875 0.571801959375 0.9027257171875 0.5408659328125001 0.8744580875000001 0.5358815859375
10 0.7928950734375 0.5558762484375 0.8236195140625 0.55759171875 0.8257752328124999 0.5347016390625 0.822361915625 0.5060697734375 0.8174259703125 0.49673754375 0.8062048953125001 0.4910568890625 0.7741993875000001 0.4859423234375 0.7594213171875001 0.47910560625 0.7448166921875 0.46595305624999994 0.7297672953125 0.46065510156249995 0.7246121140625 0.48989158125000004 0.7281158750000001 0.5180105265625 0.7323134046875001 0.5208661359375 0.7378749984375 0.5213179265625 0.7465488234375 0.5307803765625 0.7503771421875001 0.5303976765625 0.7678077890624999 0.5435196625 0.774831334375 0.5463447078125 0.7798428390625001 0.54458403125 0.7928950734375 0.5558762484375
10 0.805653659375 0.55283725 0.8103789546875 0.5420353515625 0.8152095750000001 0.5413005156249999 0.8101001875 0.5382841218750001 0.8146148343749999 0.50734809375 0.8082243796874999 0.500932603125 0.8149691609374999 0.50000641875 0.815602253125 0.49641597343750005 0.8088500312500001 0.4920521671875 0.77237566875 0.48562075312499997 0.734597915625 0.4599202671875 0.725660209375 0.45728657031250003 0.72778501875 0.4772293484375 0.7246121140625 0.48989158125000004 0.7296608265625 0.5145808671875 0.7695187406249999 0.5284841765625 0.77281185 0.53646899375 0.7766401703125 0.53608629375 0.780295046875 0.5420194265625 0.7840329265625 0.5421496484375 0.7939803750000001 0.5497212 0.805653659375 0.55283725
10 0.61937911875 0.46816295781250006 0.6278646171875 0.4733612546875 0.648656490625 0.47808516093750003 0.6527635765625 0.48145368906249997 0.66005845 0.48273997187499995 0.66315579375 0.481170646875 0.67491951875 0.48377377499999996 0.679931021875 0.48201309999999997 0.683578459375 0.4826562421875 0.6865023609375001 0.48740274687499996 0.6918756328125 0.48359038749999994 0.6982586453125 0.4847158859375 0.7014538734375 0.48792363125 0.7013411078125 0.4725665734375 0.6932173765625 0.46531659375 0.6965711625 0.4516285203125 0.68298371875 0.44870381718749996 0.6842573437499999 0.4468129203125 0.67814565625 0.44414866093749994 0.6688461828125 0.44356665 0.6674672312500001 0.4353904828125 0.6616343109375 0.436477453125 0.652236953125 0.4311183703125 0.6482277515625 0.4325269109375 0.63929004375 0.42989321562500005 0.637458884375 0.424281653125 0.6315280796875 0.42059155156249994 0.6268783421874999 0.42030054687499996 0.623592675 0.41760572187499995 0.6188524953125001 0.41782763593750005 0.6156572671875 0.41461989062500004 0.611919390625 0.414489671875 0.608905046875 0.410256084375 0.5973222046875 0.4066271125 0.593305559375 0.4027456609375 0.5887462640625001 0.40194173437499997 0.5875556390625001 0.39802971875000004 0.58299634375 0.3972257921875 0.5776602796875 0.42748811406250004 0.579317996875 0.43941551093750003 0.5749544671875 0.44816572812500005 0.5846231515625 0.4519860484375 0.6114288296875 0.45459714218749997 0.6156263578125001 0.45745275156250004 0.6278422921875 0.457491278125 0.63076619375 0.4622377859375 0.6197408859375 0.46611127343750003 0.61937911875 0.46816295781250006
10 0.7032924734375 0.49882518593749997 0.7048151015624999 0.47952554843749995 0.700851690625 0.448681215625 0.6935568187500001 0.44739493281250003 0.681423884375 0.44155349375 0.669012184375 0.431960821875 0.6493130515625001 0.42637186250000003 0.6311588703125001 0.4173532421875 0.6115501812499999 0.41125136093750003 0.6041574265625 0.40518800781250003 0.5868246625 0.3968430921875 0.5820844843749999 0.3970650078125 0.57422349375 0.44697909999999996 0.5887302375 0.45535457968750004 0.6144506140625 0.4641207203125 0.6192886765625001 0.468675878125 0.644006753125 0.47779415312499995 0.6472019812500001 0.48100189843749996 0.6782126296875 0.4917585921875 0.684874409375 0.4966353203125 0.6998333625 0.5024461953125 0.7032924734375 0.49882518593749997
9 0.1700787546875 0.1102257296875 0.14591076875 0.10331992187500001 0.13222544218750001 0.0956181484375 0.1214640171875 0.0926628828125 0.0978312421875 0.077389559375 0.0836032640625 0.07276531093750001 0.0707393546875 0.06573724375 0.06502664062499999 0.08747126250000001 0.0684027515625 0.08965316718750001 0.0854567484375 0.09424685000000001 0.10150100312500002 0.0939026765625 0.14455414375 0.1110137328125 0.1676368265625 0.12407458906249999 0.1828671046875 0.1283467015625 0.184404615625 0.11962705 0.173914515625 0.11513302343750001 0.1700787546875 0.1102257296875
9 0.259319809375 0 0.25390395625 0.013415221875 0.25273565468750003 0.025373181249999998 0.2623138953125 0.029706424999999998 0.26587833125000004 0.0361524796875 0.26970665 0.035769779687499996 0.300265090625 0.0490910765625 0.30948900625000003 0.060765993750000004 0.3152314859375 0.06019194375 0.3199791046875 0.06526002187499999 0.323166890625 0.063177775 0.33110229687500004 0.0661636046875 0.339226028125 0.0734135859375 0.350447103125 0.079094240625 0.3523761453125 0.08948287656250001 0.3751800640625 0.0987925015625 0.3797467984375 0.10488642031249999 0.38777264843750003 0.10735933125 0.40289015937499995 0.0962743875 0.405136321875 0.072871384375 0.40047914218749997 0.0672903859375 0.403749928125 0.05940522499999999 0.4021900953125 0.0522549015625 0.3933428296875 0.0491082859375 0.3712624453125 0.03569529375 0.3675171265625 0.030275081250000002 0.3417893078125 0.016218946875 0.333115484375 0.0067564984374999994 0.3214522578125 0 0.259319809375 0
9 0.8280769187500001 0.35635009375000004 0.83383428125 0.36635602968750003 0.8391245515625 0.36834658125 0.8440988484374999 0.34013594375 0.8532099953125 0.33645380468749997 0.8499168859375 0.32846898750000003 0.8417101546874999 0.3270219203125 0.834588725 0.319419803125 0.8316722640625 0.3199632890625 0.8280769187500001 0.35635009375000004
9 0.7704265921875 0.33137648125 0.7876689140625001 0.340234315625 0.7943232515624999 0.33982105156250003 0.8041728171875 0.34261553125 0.8073680453125001 0.3458232765625 0.81063883125 0.337938115625 0.8052134703125 0.304720528125 0.7979941562499999 0.292341340625 0.7719950109375 0.27982396875000004 0.7745422640624999 0.2760421734375 0.7687923421875 0.2713262328125 0.760676053125 0.26936624375 0.74908576875 0.260447278125 0.75254488125 0.2568262703125 0.7459809843749999 0.2567266125 0.7400501796875 0.2530365125 0.7318434484375 0.2515894453125 0.7223482078125001 0.2414532890625 0.7194317484375 0.241996775 0.7159800765625 0.25090777656249996 0.7190848640625 0.25462844218749997 0.714201009375 0.282326159375 0.7185038609375 0.295248834375 0.73912229375 0.306288571875 0.740953453125 0.3119001359375 0.7514435515625 0.3163941625 0.75610073125 0.3219751609375 0.7656789703125 0.326308403125 0.7704265921875 0.33137648125
9 0.694599759375 0.281514271875 0.698224871875 0.2662874359375 0.6985345484375001 0.22720580625000003 0.69160144375 0.223867840625 0.6812166687500001 0.2294408765625 0.675195421875 0.22626369687499998 0.669438059375 0.2162577609375 0.6624145140625 0.213432715625 0.6632284890625 0.2088164296875 0.6530097140625 0.202783640625 0.64133643125 0.19966758906249998 0.6385934109375 0.1938952421875 0.63184863125 0.1948214265625 0.62217995 0.1910011046875 0.6045684203125 0.1789049609375 0.60318946875 0.17072879375 0.5984492890625 0.170950709375 0.5914852749999999 0.21044560156249997 0.591402275 0.21624851562499997 0.5974309625 0.2247156890625 0.615766025 0.2327084671875 0.626173125 0.2430054078125 0.6308228625 0.24329641406250002 0.66257936875 0.26581971875 0.6654053875 0.26578915468750003 0.669060265625 0.2717222890625 0.694599759375 0.281514271875
9 0.5591935593749999 0.19628981406249998 0.5621174609375 0.2010363203125 0.5697815421875 0.20556091406250002 0.5752378140625 0.195945640625 0.5761050234375 0.164366471875 0.5687122671875 0.1583031171875 0.5741759796875 0.1539778375 0.56879526875 0.15250020312499998 0.5584786109375 0.1416903421875 0.5453433765625 0.1362010375 0.5390433625 0.1292726265625 0.52499626875 0.1236225375 0.5210700671875 0.11922816562500001 0.506020671875 0.1139302109375 0.49944933281250004 0.10854056249999999 0.49060206875 0.105393946875 0.48840914062499996 0.101834065625 0.481943128125 0.1065114828125 0.4784010171875 0.11593540468750001 0.4710677921875 0.1521919890625 0.501988 0.16346160468749998 0.5072857125 0.1707421515625 0.511483240625 0.17359776093749998 0.5170448359375001 0.1740495515625 0.5245354734375 0.18488997812500002 0.5395923109375 0.195477925 0.543511071875 0.19458230468749999 0.548439575 0.19862454062499998 0.5591935593749999 0.19628981406249998
5 0.77834310625 0.126513846875 0.7728645109375 0.12025914062500001 0.7787878734375 0.11865925 0.77696415625 0.1183376796875 0.775863971875 0.11391274375 0.770483259375 0.1124351109375 0.7692926328125 0.10852309375 0.76017404375 0.10691524062499999 0.758892975 0.1035161453125 0.761440228125 0.0997343515625 0.759887834375 0.09787401875 0.7477549015625 0.092032578125 0.7457503 0.09273685000000001 0.7426901625 0.1207561375 0.7462620390625 0.13249218437500002 0.7688999562500001 0.1534076375 0.77984970625 0.1606270546875 0.7870541359375001 0.16242625625 0.7910633406249999 0.161017715625 0.7894960640625001 0.1485773984375 0.7853815359375 0.139918875 0.7778078984375 0.1348813625 0.77834310625 0.126513846875
5 0.6966759109375 0.0724486140625 0.6922145000000001 0.076421759375 0.6971504453125 0.08575398749999999 0.6993284890625 0.0787338828125 0.705982828125 0.07832061875 0.713925675 0.0865964421875 0.7225016156249999 0.0912818203125 0.7283494203124999 0.10077483281249999 0.72426465625 0.11327627968750001 0.7315669703125 0.11985255624999999 0.73563685 0.0967711234375 0.7354262 0.0766369953125 0.7311307890625 0.0690043140625 0.7338514828125 0.0589066859375 0.7140693515625001 0.059120637499999996 0.6824937281250001 0.035571490625 0.6564041421875 0.023567040625 0.6533897984375 0.0193334546875 0.6205628734374999 0.01354518125 0.6202915484375 0.01508394375 0.657164884375 0.0459136359375 0.6651002890625 0.048899467187500004 0.67121941875 0.056853718750000004 0.68874050625 0.069462784375 0.6966759109375 0.0724486140625
9 0.4110475625 0 0.41278666406250003 0.0028231625 0.40987020156250004 0.0033666484375 0.4173533984375 0.008917082812500001 0.4190941171875 0.015041565625 0.4135771703125 0.0463297296875 0.425167453125 0.055248692187500004 0.4302693984375 0.0529750953125 0.436290646875 0.056152274999999995 0.44823525468750003 0.0577295640625 0.45124215625 0.0566731578125 0.45676654687499996 0.0306749875 0.46349644375 0.0191688171875 0.465227821875 0 0.4110475625 0
10 0.558591378125 0.15704739843749999 0.5631581125 0.16314131875 0.5716436109374999 0.168339615625 0.5769115578124999 0.1544601921875 0.5816070875 0.1224983234375 0.586062203125 0.04924235625 0.5845704875 0.025709134374999998 0.5743517109375 0.01967634375 0.565233121875 0.018068490625 0.5473874734375 0.0339610703125 0.5469650296874999 0.0576856421875 0.5432345953125 0.062845415625 0.5403478984375 0.0845488703125 0.5351555109375 0.0873353875 0.526308246875 0.084188771875 0.5182898406249999 0.08700585625 0.509352134375 0.0843721609375 0.5065186734375 0.0791127328125 0.5109800859375 0.07513958750000001 0.5029542375 0.072666678125 0.50069319375 0.0854896953125 0.4891177921875 0.087150715625 0.486947190625 0.0994608125 0.49014985937500005 0.10795855000000001 0.4941665046875 0.1118400015625 0.5082135984375 0.11749009218749999 0.506397321875 0.12245851249999999 0.5205422984375 0.1328856734375 0.5303014234375001 0.136193075 0.53724196875 0.1448210328125 0.5497441125 0.1539007828125 0.558591378125 0.15704739843749999
10 0.63585039375 0.1881228921875 0.6378624375 0.1927086140625 0.6473502343749999 0.1975547765625 0.6492718375 0.20265342031250003 0.6676973421875 0.210133278125 0.6738015890625 0.20750754374999997 0.6754369828125 0.20356496562499998 0.69239309375 0.2033815765625 0.6959426484375 0.19924764687500002 0.6967342984375 0.1787613828125 0.691805796875 0.174719146875 0.6885882453125001 0.155641425 0.69568735 0.1473735640625 0.69121105625 0.14076672343750002 0.6921984734375 0.129834603125 0.683795975 0.1188333921875 0.672303575 0.11469149999999999 0.6701106484375 0.11113162031249998 0.66436816875 0.1117056703125 0.647939825 0.09823154843750001 0.6422877859375 0.098292678125 0.640094859375 0.094732796875 0.6291525515624999 0.0928033734375 0.608164909375 0.078525325 0.604517475 0.077882184375 0.5974853421875 0.1337599765625 0.60114021875 0.1396931109375 0.598260965625 0.1666865578125 0.6046514203125 0.173102046875 0.6027447015625 0.1785833890625 0.615699053125 0.1850985359375 0.6193464890625 0.185741678125 0.6226247171875 0.18314650937500002 0.63585039375 0.1881228921875
8 0.8750797296874999 0.32973266875 0.8756904984375 0.310272246875 0.8484102874999999 0.29435578125 0.8370913281249999 0.283898053125 0.8271513203125 0.28161649375 0.8275354125 0.2954347890625 0.8318233828125001 0.297777478125 0.8279269453125 0.3145430765625 0.838514928125 0.323814175 0.8490050265625 0.32830820312500003 0.8604899859374999 0.327160103125 0.86477795625 0.3295027921875 0.8678753 0.32793346562500003 0.8719823874999999 0.3313019953125 0.8750797296874999 0.32973266875