10 0.63178548125 0.913741428125 0.6283834546875 0.9000966437500001 0.612025515625 0.8880717984375 0.6030577125 0.8865502781249999 0.5899758015625001 0.887664853125 0.5679589140625 0.8797348312500001 0.5456243671875 0.8858402375000001 0.540989840625 0.8902164234375001 0.5687264734374999 0.997634603125 0.6900134390625 0.9673943656249999 0.6877618359375 0.9545363046875 0.6640248609375 0.9588442625000001 0.6587931609375001 0.9531705593750001 0.6551994734375 0.9540665671875 0.6496993546875001 0.9511436765625 0.6431912296875 0.9441778875000001 0.6400576203125 0.927782290625 0.63178548125 0.913741428125
9 0.750098125 0.948119346875 0.746126434375 0.9474992671875 0.742138328125 0.9506407250000001 0.7421219125 0.9544022640625001 0.9119236640624999 0.9120659328125 0.9050539515624999 0.8998225171875 0.8802761390624999 0.9076106546875 0.8600068515625001 0.91051724375 0.8356070421874999 0.9198214671875 0.7866978390625 0.9341630125 0.7649932953125 0.9427952312500001 0.7531878078124999 0.9452018921875001 0.750098125 0.948119346875
9 1 0.8685755187499999 0.9851723375000001 0.8728686484375 0.96066294375 0.8779059703125001 0.9325434453125 0.8876008390625 0.9309986015625 0.889059565625 0.9361810578125 0.9060178859375 0.9712195140625 0.8972818171875 0.9716139328125 0.8950363640625 0.9802201500000001 0.891280259375 0.99639174375 0.887248228125 1 0.8855947421874999 1 0.8685755187499999
9 0.797138134375 0.715775225 0.8161309984375 0.71157655 0.8193466828125 0.70916445625 0.8079409343749999 0.6787279984375 0.7997619640625 0.672715575 0.798375953125 0.6671565890625 0.789156146875 0.66462434375 0.7838916171875 0.666473715625 0.7730009671875 0.6648948375 0.7685088578125 0.6660148453125 0.765923178125 0.67095375 0.7543696921875 0.6743711375 0.7503815859375 0.6775125953125001 0.747637075 0.689469215625 0.7493846750000001 0.7003058265625 0.7345990890625 0.70989684375 0.7112565328125 0.71195935 0.7070328406249999 0.710328546875 0.6966297796875 0.7145326546875 0.683799871875 0.7166579546875 0.6621609875 0.7102440203125 0.6568800421875001 0.7158549296875 0.6509855046874999 0.7151774921875 0.6551927828124999 0.720569834375 0.6553955390625 0.7328651749999999 0.665086521875 0.7449419453125 0.73952954375 0.7258444359375 0.7437532359375 0.7274752421875 0.775702009375 0.7216566296875 0.783250971875 0.7251422421875 0.789430340625 0.719307328125 0.794174453125 0.7191980453125 0.797138134375 0.715775225
9 0.8133589765625 0.7004585796875 0.8086312781249999 0.6968063250000001 0.7901588359375 0.6992649109375 0.791468090625 0.6930339187500001 0.7853707984375 0.680061140625 0.78406154375 0.6862921328125 0.7745569046874999 0.6902722390625 0.7649590953125001 0.68622390625 0.7665203515625 0.681003640625 0.7629430796875 0.6781381078125001 0.7538000296875 0.687395840625 0.7584532796875 0.7022316359375 0.7443229015624999 0.7144505375 0.738159946875 0.7165239125 0.7408387984375 0.7196134468750001 0.7464813312499999 0.719280159375 0.750562609375 0.724167140625 0.763014515625 0.7205257546875 0.7662137859375 0.7218751984375 0.8135781468750001 0.7089923796875001 0.8133589765625 0.7004585796875
9 1 0.6168631921875 0.9819060374999999 0.62247095625 0.9778083453124999 0.6213455125 0.9715029765625 0.6266750640625001 0.9676572875 0.6265603453125 0.970555309375 0.6381836796875 0.9775838531250001 0.6434093796875 0.9770306062499999 0.6526725453125 0.9821527203124999 0.6540793484375 0.986831171875 0.6690162171875 0.99296129375 0.6744659203125 1 0.6745339265625 1 0.6168631921875
9 1 0.6194124921874999 0.9984556359375001 0.6199550109375 0.9943579453125 0.6188295671875 0.982804459375 0.6222469546875 0.9761046734375001 0.6298219546875 0.968035290625 0.6280764328124999 0.9761321828125 0.6528965484375 0.987148834375 0.6549807890625 0.9885184296875 0.6643013140625 0.9862011671875001 0.66648940625 0.9905672750000001 0.6648640343750001 0.99283529375 0.6739605562500001 1 0.6745432499999999 1 0.6194124921874999
9 0.9076276218749999 0.691984546875 0.9380151375000001 0.691386203125 0.95971968125 0.682753984375 0.9610289359375 0.67652299375 0.9533868015625 0.66500894375 0.9497327734375001 0.650353434375 0.9418222203125 0.641590196875 0.9355496828125001 0.6393966718749999 0.9339116703125001 0.6328269625 0.9242810296874999 0.6363017046875 0.9158500593750001 0.6292785578125 0.904170575 0.6321905812499999 0.8982760390625 0.631513140625 0.8991908750000001 0.6275276015625 0.87249021875 0.6352583796875 0.868912946875 0.632392846875 0.8483752421874999 0.6380502515625001 0.83901301875 0.63877418125 0.8369805875 0.634449921875 0.8277115359374999 0.643202290625 0.82640228125 0.64943328125 0.8368767781249999 0.6876168203125 0.8507750359375 0.705085934375 0.8648977859375 0.70049118125 0.8698938999999999 0.7013926203125 0.8744024250000001 0.696511075 0.8813213828125 0.697469875 0.90133866875 0.693552559375 0.9045379390624999 0.6949020046875 0.9076276218749999 0.691984546875
9 0.9612645234375 0.68129525625 0.961927359375 0.676298990625 0.9493547703124999 0.6488373468749999 0.935834515625 0.6328843203125001 0.92185418125 0.634222896875 0.9167320671875 0.63281609375 0.8655548453125 0.6380611171874999 0.861457153125 0.6369356749999999 0.8574690468749999 0.6400771328125 0.8429682953125001 0.6431557984375 0.834520909375 0.639894190625 0.8265282828125 0.6499386453125 0.837002778125 0.68812218125 0.8451489171875 0.70165768125 0.8507750359375 0.705085934375 0.8588444187500001 0.70683145625 0.8732355859375 0.699485890625 0.915965421875 0.69097925625 0.9200631140625 0.6921046984375 0.930970178125 0.6899220406250001 0.939937984375 0.6914435609375 0.9612645234375 0.68129525625
9 0.604355415625 0.7654516890624999 0.6179249140625 0.770120103125 0.628579978125 0.76692671875 0.6331816734375 0.7700736109374999 0.6349017625 0.7578356296875 0.6309464859375 0.7534540125 0.6314065640625001 0.7361624078125 0.6041522015624999 0.6651248843750001 0.5976112453125 0.6656821703125 0.5670045578125 0.6577467140625 0.5485485296875 0.6564437625 0.4800000421875 0.676218709375 0.4952297484375 0.7411290937499999 0.5053590703124999 0.7702734671875 0.5085583406249999 0.7716229109375 0.525107940625 0.7691069671874999 0.5368970109375 0.7704618453125 0.567569359375 0.763351146875 0.5716834656249999 0.7607150515625001 0.581297690625 0.7610018453125 0.60311181875 0.756636528125 0.604355415625 0.7654516890624999
9 0.142348196875 0.841600559375 0.2035895390625 0.8277301312500001 0.25126650625 0.8193398171874999 0.299868665625 0.8096697687500001 0.341196125 0.80076443125 0.3803449546875 0.7931016640624999 0.3867166796875 0.7887155046875 0.3794975390625 0.777227221875 0.3749273640625 0.7713728953125 0.3680853109375 0.768882546875 0.34951816562500004 0.7717634015625 0.2614277546875 0.7902299203125 0.20465909999999998 0.794592628125 0.1682369609375 0.7907351593749999 0.13823533125 0.7901725421875 0.12244358281250001 0.7892142015625 0.11482946249999999 0.7911126140625 0.1150090734375 0.8068038703125 0.11632674531250001 0.8295548765625 0.12462407499999999 0.8428724687500001 0.142348196875 0.841600559375
10 0.190014678125 0.7433425890625001 0.24823432968749998 0.7323236984375 0.3012091890625 0.7352013109375 0.36188021406250004 0.7365097406250001 0.3487818609375 0.731382975 0.32741266874999997 0.7255208390625 0.28683078125 0.71745516875 0.228114309375 0.7090153156250001 0.21310579375 0.7012175968750001 0.1823653984375 0.6976919578125 0.1783586515625 0.6965928140625001 0.16506278593749998 0.6981593968750001 0.12636884843750001 0.697665878125 0.1068876046875 0.6993758921875 0.10439607656250001 0.714334378125 0.106337084375 0.7470709640625001 0.1157459796875 0.7548660578125 0.1523767140625 0.749579578125 0.190014678125 0.7433425890625001
10 0.04554053125 0.7440453765624999 0.048823917187499996 0.75721431875 0.083681103125 0.7485234468749999 0.081247590625 0.7138115296875001 0.0791133875 0.7052517109374999 0.0436207125 0.717597928125 0.0411900421875 0.7265965140625 0.04554053125 0.7440453765624999
9 0.33581372656249997 0.6069599218749999 0.342667025 0.6229648734375 0.34612939374999996 0.6521611734375 0.3666675546875 0.7345352375 0.3761393625 0.7380782078125 0.37962346406249997 0.7329152999999999 0.37672544218750004 0.7212919640625 0.38252680781250004 0.713940965625 0.388706175 0.7081060515625001 0.41644767031249996 0.696895096875 0.41372489375 0.6744925109375 0.4063347609375 0.663989184375 0.4095996921875 0.650292475 0.403929646875 0.6275511687499999 0.403776134375 0.6039712171875 0.4115167609375 0.5929160359375001 0.4247410875 0.5885452843750001 0.42527792187499996 0.5830436578125 0.4301644484375 0.5796781984375 0.42545316875 0.5722644046875 0.429693275 0.5701336734375 0.40404941406250006 0.4825912671875 0.394911684375 0.46125133125 0.390167571875 0.46136061406250006 0.38626154218750003 0.44569438124999994 0.38859521875 0.43974475 0.37282868125 0.38033599375 0.356366478125 0.333446578125 0.34364037812500003 0.28240498125 0.340851940625 0.2750485484375 0.33688025 0.2744284671875 0.3232450890625 0.2848062078125 0.3188953953125 0.282670040625 0.3179805578125 0.2866555796875 0.312321609375 0.2907504046875 0.3167644734375 0.3009150109375 0.31135752656250004 0.306020559375 0.311324696875 0.3135436359375 0.31811233437499997 0.344594740625 0.3346401984375 0.3764380046875 0.33621255156249996 0.3980538671875 0.326877840625 0.42185239062499996 0.3187592125 0.43139148125000004 0.312075840625 0.435204946875 0.316224703125 0.4441903734375 0.3142781984375 0.45934762031250004 0.31868823281249997 0.4770353046875 0.325919534375 0.49455634374999996 0.3356105140625 0.506633115625 0.3246542046875 0.5201003875 0.3246981296875 0.539413440625 0.31818468437499997 0.563045321875 0.33121203125 0.603813028125 0.33581372656249997 0.6069599218749999
10 0.237139453125 0.3910856671875 0.241615146875 0.393727196875 0.25431905625 0.391096534375 0.27033182031249997 0.3940822171875 0.2857309953125 0.39077955000000003 0.2719857921875 0.308858921875 0.26457924374999997 0.3021171359375 0.25280658749999996 0.2970007203125 0.2329317171875 0.2976618578125 0.22768360312499997 0.29574969218749997 0.20998357968749998 0.2974789125 0.1967920828125 0.29432658749999996 0.18486059531250001 0.2962278859375 0.16410371875000002 0.2933514890625 0.15192022968750002 0.2942420609375 0.1476965359375 0.29261125625 0.14333042812500002 0.294236628125 0.131163353125 0.29136566249999996 0.12654524218750002 0.291980309375 0.1255044046875 0.29546048593749996 0.119467453125 0.2980392234375 0.1047311125 0.2963456265625 0.10458869687500001 0.2996018015625 0.1099628140625 0.30201933125 0.1080235546875 0.30572350937500004 0.09889691874999999 0.311219703125 0.1032905390625 0.3326689234375 0.1021236984375 0.3356437390625 0.0945419046875 0.3396812046875 0.0935942390625 0.3511898203125 0.09792751562499999 0.3570875265625 0.09586225625 0.36028634375 0.10099546562499999 0.3885292765625 0.13188698593749998 0.38995238125 0.14418006249999998 0.39332870781249996 0.1691934609375 0.39031283437500003 0.1876494890625 0.3916157859375 0.198271721875 0.3959454796875 0.22675280625 0.3915282375 0.237139453125 0.3910856671875
10 0.5118982 0.41759031249999995 0.51588630625 0.414448853125 0.51273628125 0.40181479375 0.507488165625 0.3999026296875 0.5053789796875 0.3837883921875 0.4981312625 0.370028890625 0.45521508437499997 0.362478646875 0.45135298125 0.36612546562500003 0.44403960312499996 0.36741211875 0.43726305937500004 0.3631971421875 0.44202358750000004 0.359326321875 0.41396974999999997 0.3539750359375 0.3947248859375 0.3571629859375 0.3959848953125 0.3622166078125 0.387614265625 0.3707449765625 0.4027507984375 0.42762692187500007 0.4194099828125 0.42937787812500006 0.4304430484375 0.42770058125 0.4392848515625 0.4287167390625 0.443524959375 0.42658600625 0.455692034375 0.4294569703125 0.4778841671875 0.426607740625 0.4844087078125 0.42981199062500003 0.5105889453125 0.4238213015625 0.5118982 0.41759031249999995
10 0.48428270625 0.4293066296875 0.49916146250000004 0.42774405 0.5112353656249999 0.4225865765625 0.51716273125 0.4157409375 0.5087206656250001 0.3818816609375 0.500322525 0.3673354359375 0.476996384375 0.36563640468749997 0.4080752140625 0.353297596875 0.38600908125 0.35665218906249996 0.38454099531249997 0.3699008953125 0.3988119390625 0.4194837640625 0.4056980671875 0.427965640625 0.4119870203125 0.42639762968749995 0.4303170484375 0.42719521875 0.4365895875 0.42938874374999997 0.447622653125 0.4277114484375 0.4633834140625 0.42968640625 0.46762352187499995 0.4275556734375 0.479034590625 0.42739446406250003 0.48428270625 0.4293066296875
10 0.9005045375 0.41463600781250004 0.9139808671875 0.41127598125000003 0.9123592671875 0.4009447328125 0.8960669906250001 0.373873734375 0.8835383296874999 0.36572514375 0.857232090625 0.37121046875 0.843772175 0.3708089578125 0.8245273109375001 0.3739969078125 0.8231084703124999 0.37596099843749997 0.8242260640625 0.384270796875 0.8401239234375 0.413587246875 0.853282590625 0.42426265 0.8579007015625001 0.423648003125 0.8581362875 0.4284202671875 0.8631324015624999 0.42932170625 0.8721166203124999 0.42708168906250005 0.879572415625 0.4225388625 0.8962480140625001 0.4205282796875 0.9005045375 0.41463600781250004
10 0.856678840625 0.38047363437500004 0.8624584703125 0.40748184218750005 0.8739791265625 0.4115875328125 0.8747351312499999 0.41461970625 0.869722603125 0.4174798046875 0.8748611328125 0.41512506875 0.8897398875 0.41356249062500006 0.8898987203125 0.4065447765625 0.8929884031249999 0.4036273203125 0.884529921875 0.37352958125 0.856678840625 0.38047363437500004
10 0.7902998828125 0.43191433437500004 0.8190657984374999 0.4209847390625 0.8117249125000001 0.3991968 0.7969610625 0.374428609375 0.78865609375 0.367910825 0.7760946 0.3672853109375 0.7447758328125 0.3756307359375 0.7284946515625 0.375395865625 0.7098030359374999 0.36932065000000003 0.6938998562500001 0.37060186875 0.7010819125000001 0.39940752343749997 0.7157197625 0.4236703484375 0.7207158765624999 0.42457178906250004 0.7259804062499999 0.42272241718750003 0.7377530640625001 0.42783883281249996 0.74109475 0.4259321015625 0.7623556312499999 0.43082995 0.7699210078125 0.4305540234375 0.7737831125 0.42690720156250006 0.7902998828125 0.43191433437500004
10 0.8007193578124999 0.4239486859375 0.8006426015624999 0.41215871093749995 0.8047567078125001 0.4095226140625 0.7988621734375 0.40884517656249997 0.7904036921875 0.3787474359375 0.7819563046875 0.37548582656249996 0.78774125625 0.37189636406250004 0.78685925 0.368358828125 0.7789158671874999 0.36711866875 0.7429789890625 0.3760787390625 0.6980139640624999 0.36796577343750003 0.6887777421875 0.369195065625 0.6988303109375 0.3865494609375 0.7010819125000001 0.39940752343749997 0.715736178125 0.41990881093750004 0.7578031796875 0.4163984421875 0.764059303125 0.4223535078125 0.7674009890625 0.420446775 0.7731531078125 0.42438038906250003 0.7766207953125 0.4229790203125 0.7887878703125 0.4258499859375 0.8007193578124999 0.4239486859375
10 0.596108959375 0.4223595515625 0.6059751859375 0.42365707031250005 0.62689089375 0.41951575625000004 0.6320130078124999 0.42092255781250004 0.639200384375 0.41913054375 0.641391646875 0.41643708906250004 0.65319713125 0.41403042812499996 0.6570592375000001 0.410383609375 0.6606529250000001 0.4094876015625 0.6652546203124999 0.4126344921875 0.668612721875 0.40696622343750005 0.674901675 0.4053982109375 0.6791253687500001 0.40702901562499993 0.6727760734375 0.39304551249999997 0.66240584375 0.3897265453125 0.6599022390625 0.375857759375 0.6462999093749999 0.378712421875 0.6466943265625 0.376466971875 0.64002736875 0.376518896875 0.6312951515624999 0.3797696390625 0.6267098703125 0.372861209375 0.62182334375 0.37622666875 0.61105869375 0.37515315312499997 0.6079690109375 0.3780706078125 0.5987327890625 0.3792999 0.5947775125 0.3749182828125 0.5878585546874999 0.3739594828125 0.5834924453125 0.37558485468749997 0.5793947546875 0.3744594109375 0.575154646875 0.3765901453125 0.570930953125 0.37495934062499997 0.567463265625 0.3763607109375 0.562987571875 0.3737191796875 0.5509300828125 0.375115115625 0.5456819671875001 0.37320295 0.5411898578125001 0.37432295937500004 0.53851100625 0.3712334265625 0.5340188968749999 0.3723534359375 0.5414529546875 0.40216981562500004 0.5478186640625 0.4123917796875 0.547391415625 0.42216030781249997 0.5577780625 0.4217177375 0.5833282953125 0.4132002375 0.5883244078125001 0.4141016765625 0.599499890625 0.40916820468750004 0.6041015859375001 0.4123150984375 0.59560495625 0.4203381015625 0.596108959375 0.4223595515625
10 0.6852390765624999 0.41624025624999994 0.6787801953125 0.3979898515625 0.6626139203125 0.37142421406250004 0.65542654375 0.3732162296875 0.6419666296875 0.3728147171875 0.6267262859375 0.3690996703125 0.6064569984375 0.372006259375 0.5862041265625 0.3711513109375 0.5658088375 0.37355253906249997 0.5565890312499999 0.3710202921875 0.5373605828125 0.370446703125 0.533120475 0.3725774375 0.5462409921875 0.42137358437500005 0.5629001765625 0.42312454062500005 0.5899624218749999 0.4206713890625 0.5962349609375 0.42286491406250004 0.622524784375 0.4211411265625 0.626748478125 0.42277193124999995 0.6594532546874999 0.41998549374999994 0.6675226390625 0.421731015625 0.6835518171875 0.42095515937499994 0.6852390765624999 0.41624025624999994
9 0 0.28990928125000004 0.0170690828125 0.2892162171875 0.04346849375 0.29175932968749996 0.0591196703125 0.2894673875 0.056977653125000007 0.2808762265625 0.045566584375000004 0.28103743593749997 0.040066467187499996 0.2781145453125 0.01517906875 0.28163578125 0 0.28020901875000004 0 0.28990928125000004
9 0 0.164572378125 0.0037728625000000003 0.16316785625000002 0.015561934375 0.164522734375 0.0345712109375 0.156562521875 0.052665651562500006 0.1525878484375 0.055914167187499995 0.1426526765625 0.053476223437500005 0.1137377390625 0.038630296875 0.107777240625 0.02017426875 0.10647428750000001 0.018771842187500002 0.104676840625 0 0.10935718593749999 0 0.164572378125
9 0.1607833109375 0.17286754531249998 0.1692471109375 0.1723676171875 0.1796173421875 0.1756865859375 0.192178834375 0.1763120984375 0.198166540625 0.185017978125 0.22278552343750002 0.1842475546875 0.2294360640625 0.1879571671875 0.2377738640625 0.1869518765625 0.2470757453125 0.17067642968750002 0.23960885781250002 0.148383128125 0.23308431718749997 0.1451788765625 0.23286514375 0.1366450765625 0.2285318671875 0.13074737187500002 0.21916964375 0.1314713015625 0.1935426546875 0.128198825 0.1879165359375 0.1247705734375 0.158695859375 0.12239410312500001 0.146923203125 0.1172776875 0.12731675 0.1151880109375 0.11525926093750001 0.116583946875 0.0993724984375 0.11410362656249999 0.07937162812500001 0.1142594015625 0.076013528125 0.119927671875 0.07726821874999999 0.1555789640625 0.0810646609375 0.16697829687500002 0.091577309375 0.16704108906249998 0.0974554296875 0.1714800671875 0.100797115625 0.169573334375 0.1341319 0.1693137078125 0.14730698125 0.176227571875 0.1523195109375 0.1733674734375 0.15871805 0.17606636250000002 0.1607833109375 0.17286754531249998
9 0.7412854984374999 0.2353283765625 0.750614890625 0.2421275234375 0.7562574234375 0.2417942359375 0.7493273703125001 0.21399930781249998 0.7561531578125 0.20692966875000002 0.7498970328125 0.200974603125 0.7418112359375 0.20299061875 0.7322134265625 0.1989422875 0.7297701625 0.2006250171875 0.7412854984374999 0.2353283765625
9 0.6784616203125 0.235962346875 0.6978160703125 0.23704129687500003 0.703727021875 0.233957196875 0.7138616640625 0.23250390312500002 0.7180853578125 0.2341347078125 0.7178661859375 0.22560090625 0.6993990625000001 0.19746182343750002 0.687768821875 0.1890892328125 0.6589261484375 0.18822885 0.6597149828125 0.183737946875 0.6525440234375 0.1817684234375 0.644332225 0.1832790765625 0.630116303125 0.179845390625 0.6318035625 0.1751304859375 0.6257666093750001 0.177709221875 0.6188476515625 0.1767504234375 0.6107618546875 0.1787664390625 0.5979647734375 0.1733686625 0.5955215109374999 0.17505139218750002 0.5959926828125 0.18459591875 0.600342378125 0.1867320859375 0.60714643125 0.21402165312500002 0.6163334078125 0.224076975 0.6396595484375001 0.22577600625 0.643614825 0.230157625 0.6550258921875 0.22999641406250002 0.6615504343749999 0.233200665625 0.6720630796875 0.2332634578125 0.6784616203125 0.235962346875
9 0.588909575 0.22125250312500003 0.5860279671875 0.2058676296875 0.570414940625 0.1700388265625 0.5627235609375 0.1698093921875 0.5555033546875 0.17912448125 0.548710396875 0.1786710453125 0.5393810046875 0.1718718984375 0.5318156265625 0.172147825 0.5306816171875 0.1675995640625 0.5188925453125 0.16624468750000002 0.5069610578125 0.168145984375 0.502107359375 0.16398836875 0.496322409375 0.16757782968749999 0.485935765625 0.16802040000000001 0.4649268859375 0.1641332765625 0.4603416046875 0.157224846875 0.456101496875 0.15935558125 0.4658035734375 0.19826848125000002 0.46808800625 0.203603465625 0.47703939687499997 0.208886525 0.49704026562500003 0.20873075000000002 0.51073576875 0.213904525 0.5151018765625001 0.21227915312499998 0.5532739421875 0.21993868125 0.5558432078125 0.2187613140625 0.561595328125 0.222694928125 0.588909575 0.22125250312500003
9 0.43054594531249996 0.1984707484375 0.435147640625 0.2016176421875 0.44398944374999993 0.2026338 0.4450631140625 0.19163054531249998 0.43301094375 0.16242881250000002 0.42379113593750006 0.1598965671875 0.4270232375 0.1537229359375 0.4215067046875 0.15456158281250001 0.4076852015625 0.14888244687500002 0.3934528671875 0.1492102984375 0.3848794796875 0.1454433265625 0.369748721875 0.1459951796875 0.36437460625 0.14357765312499998 0.348471428125 0.1448588703125 0.34027604375 0.142607984375 0.3309138203125 0.143331915625 0.3274625484375 0.140971746875 0.323458028125 0.14787474375 0.324055203125 0.15792463125 0.3321028515625 0.1940293609375 0.36493363125 0.19174828593749998 0.372734596875 0.196244621875 0.3777307109375 0.1971460625 0.3829952421875 0.1952966890625 0.394247478125 0.20215319531249998 0.41230908906249997 0.2057015984375 0.4155247734375 0.20328950468749998 0.4216713109375 0.20497766718750002 0.43054594531249996 0.1984707484375
5 0.6023685765625 0.0455910796875 0.5948196125 0.0421054671875 0.5995801390625 0.038234646875 0.5977832953125 0.03868265 0.59497844375 0.0350877546875 0.5894619109375 0.035926403125 0.586783059375 0.03283686875 0.5777988390625 0.0350768859375 0.575245990625 0.032492715625 0.5760348265624999 0.0280018140625 0.5738599796875 0.02693373125 0.560400065625 0.026532217187500002 0.5588552234375 0.027990946875 0.5674561203125 0.0548325109375 0.575492671875 0.06410110937499999 0.6046805203125001 0.07400065624999999 0.617620015625 0.07614225625 0.6249333906250001 0.0748556046875 0.6280230765625 0.0719381484375 0.6215313640625 0.061210820312500004 0.61425081875 0.0549743953125 0.6052830140625 0.053452875 0.6023685765625 0.0455910796875
5 0.43860772187499997 0 0.412280665625 0.006564071874999999 0.41265866874999996 0.008080159375 0.458883703125 0.021246748437499997 0.46734750312499995 0.02074681875 0.47617289218750003 0.0255245171875 0.4973077703125 0.029917003125 0.5057715703125 0.029417073437500003 0.5033118921875 0.0348613421875 0.5116168609375 0.0413791265625 0.5107512703125 0.034080051562500005 0.5166622203125 0.030995951562500002 0.5272844531249999 0.035325646875 0.5370246796875 0.036117803125 0.5462280703125 0.0424115859375 0.54758125 0.0554936484375 0.556927059375 0.05853125625 0.5512570140624999 0.03578995 0.5428752890624999 0.0174821875 0.5358467453125 0.0122564875 0.5342251453125 0.0019252390625 0.5162402921875 0.0101668109375 0.4778162234375 0.001496559375 0.44909955156250003 0.0011415375 0.44716537812499996 0 0.43860772187499997 0
9 0.22475715625 0.0849888328125 0.2288384328125 0.0898758125 0.23652449375 0.1207029171875 0.2507404125 0.124136603125 0.2544765171875 0.1199844203125 0.26126947500000003 0.12043785625 0.272822959375 0.117020471875 0.2751402234375 0.1148323796875 0.26961259531250004 0.088834896875 0.27108068125 0.0755861921875 0.260447353125 0.04442036875 0.21103414375 0.056740465625 0.2120257375 0.0645449015625 0.21533459375000003 0.070161246875 0.21465534218750001 0.07891905 0.2181066140625 0.08127921875 0.21566334999999998 0.0829619484375 0.22475715625 0.0849888328125
10 0.414034496875 0.1628659484375 0.4206850375 0.1665755625 0.43055126406250005 0.16787308125 0.429718503125 0.1530509296875 0.42100801875 0.121942465625 0.395282084375 0.05320775 0.384347509375 0.0323158171875 0.3725584359375 0.030960940625 0.36357421875 0.0332009578125 0.3537355015625 0.0549780296875 0.3629992328125 0.0768233296875 0.3616899796875 0.0830543203125 0.3678804421875 0.10405553906250001 0.3642703390625 0.1087130828125 0.354908115625 0.10943701406249999 0.34872875 0.1152719265625 0.33949252812499997 0.11650121875 0.3347648296875 0.11284896562499999 0.33722450937500004 0.10740469687500001 0.328886709375 0.1084099875 0.33203673437500003 0.121044046875 0.32213767656250003 0.12726960468749998 0.3251617015625 0.1393983015625 0.331543825 0.145858728125 0.33679194218749997 0.14777089375000002 0.3519227 0.1472190390625 0.35228428749999996 0.1524966640625 0.36944747499999997 0.15626906875 0.3797081203125 0.1553211375 0.38955793125 0.1603801953125 0.4046722734375 0.163589878125 0.414034496875 0.1628659484375
10 0.4972536625 0.15983075156249998 0.5009569359375 0.1632016453125 0.5115955828125001 0.16376980000000002 0.5154248578125 0.16764605625 0.5352997265624999 0.16698491875000002 0.539808253125 0.1621033703125 0.5396986671875 0.157836471875 0.55511425625 0.15077226562499998 0.5566755140625 0.1455519984375 0.5490662078125 0.126514871875 0.542919671875 0.124826709375 0.5322206828125 0.10870703749999999 0.535343196875 0.0982665046875 0.5285666546875001 0.0940515296875 0.5250222109375 0.08366292187499999 0.5128715515625 0.07703041875 0.5006880625 0.07792099218750001 0.497236790625 0.07556082343750001 0.4922242609375 0.07842092187500001 0.47173580312499996 0.0727937078125 0.4665972734375 0.07514844375 0.46314599999999995 0.072788275 0.45236493749999995 0.075476296875 0.42738436718750006 0.0709690921875 0.42379068125 0.0718651 0.440094053125 0.125772228125 0.4458461734375 0.1297058453125 0.45419506875 0.1555366828125 0.4626424546875 0.1587982921875 0.46313004218750004 0.16458128125 0.4776143796875 0.165264153125 0.4812080671875 0.164368146875 0.483147328125 0.1606639671875 0.4972536625 0.15983075156249998
8 0.7733984203125 0.1918943828125 0.76604111875 0.17386798125 0.7346455953125 0.1704234265625 0.7200516703125001 0.165473653125 0.7100430296875 0.1674323109375 0.716014321875 0.1798997265625 0.720884434375 0.1802958046875 0.72414404375 0.197196765625 0.73758754375 0.2013598140625 0.7489986125 0.2011986046875 0.7590236703125 0.1954784109375 0.7638937828125 0.1958744890625 0.7660850453125 0.193181034375 0.7712071593750001 0.1945878359375 0.7733984203125 0.1918943828125