9 0.6683028234374999 0.15468922031250001 0.6723830671875 0.1476013828125 0.6720853515625 0.1355901734375 0.66615791875 0.12484856875000001 0.6552255859375 0.121146340625 0.6312935359375 0.11780592187500001 0.62865585625 0.11505994687500001 0.6157651765625001 0.11334127812499999 0.5993394171875 0.10830805624999999 0.5967017390625 0.10556208125 0.569125578125 0.1009875875 0.5656177578125 0.0971529125 0.5572685875000001 0.0972369 0.5556624734375 0.1101914296875 0.56044718125 0.12504553125 0.57249498125 0.1251553828125 0.586092253125 0.131083465625 0.60352444375 0.1346047890625 0.618046371875 0.14058133125 0.6337110234375001 0.142445378125 0.6372733609375001 0.1452398140625 0.646574446875 0.144684165625 0.6683028234374999 0.15468922031250001
9 0.090167640625 0 0.0913317484375 0.0003229984375 0.1591294234375 0.01587173125 0.163916259375 0.012993310937499999 0.17974446093750002 0.0117366390625 0.1820844234375 0.00247140625 0.185513084375 0 0.090167640625 0
9 0.20850012499999998 0 0.20533714062500003 0.0010822874999999999 0.1961702203125 0.0167698609375 0.20413777500000002 0.0239675484375 0.2044082328125 0.0364988765625 0.20786153437500002 0.041373790625000004 0.21392738437499997 0.0317822734375 0.2222220390625 0.032738526562499995 0.23103247656249998 0.041545031249999996 0.227985921875 0.046600848437499995 0.23266372343750003 0.04580290625 0.23891825625 0.05030307656250001 0.27130850781250004 0.0514790296875 0.2737826390625 0.057345723437499996 0.2793850953125 0.0565962390625 0.2837085390625 0.06255985 0.29042646250000004 0.058217989062499996 0.2985030515625 0.06333519843749999 0.29749661875 0.064847096875 0.3195520953125 0.068610715625 0.3437022109375 0.0677901765625 0.3513720484375 0.06297665625 0.3633380734375 0.0646468640625 0.3851482234375 0.073091559375 0.388683303125 0.0764061140625 0.38998745 0.08690542343749999 0.395698940625 0.0840754609375 0.396841665625 0.0799629640625 0.40339603906250004 0.0787418203125 0.4097323453125 0.0816816328125 0.42172562812500003 0.082831721875 0.426212621875 0.08567461562499999 0.422214153125 0.0912020921875 0.4393465015625 0.10044473125 0.4451670265625 0.09553429062499999 0.449844828125 0.09473634843749999 0.452509765625 0.09696220312500001 0.45631742812500004 0.0950755625 0.4633330671875 0.102744909375 0.46986018124999995 0.1020438859375 0.4751900578125 0.10649559687500001 0.487183340625 0.1076456875 0.4974636 0.10609825937499999 0.50469730625 0.10960665 0.5157931890625 0.11018816093749999 0.5371693343749999 0.1092222453125 0.5340703875 0.097585778125 0.5149524328124999 0.09084682031249999 0.5069576203125 0.0841692515625 0.47777747187499997 0.0748167640625 0.45787115156249997 0.06542874843749999 0.441390875 0.061435765625000006 0.430567575 0.0556530578125 0.42224566093749993 0.05521692499999999 0.39211359843750004 0.0463360984375 0.3828397703125 0.046371625 0.36818154999999997 0.042995679687499996 0.3657346796875 0.0366088671875 0.3244522140625 0.0281867671875 0.291682471875 0.016559965625 0.265085484375 0.010993690625 0.229894003125 0.0101924796875 0.2180097546875 0.0069619125 0.2128242640625 0 0.20850012499999998 0
9 0.7098429921875 0.282037790625 0.707934909375 0.318446159375 0.7104090390625 0.324312853125 0.717751778125 0.32574076406249997 0.7396730890625001 0.31437245625 0.7628734125000001 0.2962910546875 0.7659220921875 0.27350271249999997 0.76268685625 0.2644668453125 0.75461026875 0.2593496359375 0.750941025 0.2409031546875 0.7347060734374999 0.2322290953125 0.735523821875 0.21662550937499997 0.7263338953125 0.1973681546875 0.7251387796875 0.1847883671875 0.7207608203125 0.1798649953125 0.7185614 0.1510645828125 0.7136949140625 0.13777083750000002 0.7064339515625 0.13478256718749998 0.7032532312499999 0.1247064578125 0.6978960984375 0.1207748671875 0.6914507578125 0.1199155328125 0.6900375750000001 0.1114967 0.6839717265624999 0.12108821875 0.674857196875 0.1534680765625 0.6743392890625 0.163350346875 0.6783901484375 0.17451515312500002 0.6773543328125 0.194279696875 0.6808894109375 0.1975942515625 0.684449621875 0.218121209375 0.6917105859375 0.2211094796875 0.695924996875 0.22915356875 0.704840215625 0.27134464375 0.7098429921875 0.282037790625
9 0.706255521875 0.2620309515625 0.710199475 0.2575437125 0.7211590671875 0.26072582187500004 0.7251575375 0.25519834218750004 0.738184509375 0.25431641250000003 0.7412855796875 0.24822035625 0.7332635078124999 0.2420629078125 0.7337290249999999 0.21548835156249999 0.7216309609375 0.18095369375 0.715950978125 0.1477984875 0.7069246015624999 0.125420415625 0.69775980625 0.12337546562499999 0.6924571890625 0.11840363437500001 0.6904464499999999 0.10369490781249999 0.6821517953125 0.10273865625 0.67896895 0.110395071875 0.6794644359374999 0.13632459531250002 0.6725172328125 0.162733309375 0.6775472687499999 0.1729063359375 0.6781427 0.196928753125 0.6824934015624999 0.2023722453125 0.6843951046875001 0.219161446875 0.6898340140625 0.2215326828125 0.6976107609375 0.2323712046875 0.7018503046875 0.2576276984375 0.706255521875 0.2620309515625
9 0.5067327609375 0 0.5066411484375 0.0017480671875 0.5092243109375 0.0055342828125 0.515696909375 0.005873496875 0.5402537734374999 0.0149836890625 0.540742296875 0.0233540609375 0.5378047765625 0.026329399999999996 0.543950275 0.0329100484375 0.522056225 0.043758237500000005 0.5098993921874999 0.0457288640625 0.508783928125 0.049321242187499996 0.5169695484375 0.052357971875 0.5365236359375001 0.05077501875 0.5413104703125 0.0478965984375 0.5505025234375001 0.049421428125 0.606306915625 0.063820071875 0.614356246875 0.0694574 0.6168303749999999 0.07532409375 0.6262950125 0.071647728125 0.6503906109375001 0.071867428125 0.67587213125 0.0810260796875 0.684303078125 0.079381734375 0.694883178125 0.07211299374999999 0.7104933140624999 0.075017278125 0.7263760312499999 0.0727203671875 0.744869171875 0.0736895515625 0.74617331875 0.0841888609375 0.7515577109375 0.087600334375 0.7672223640625 0.0894643796875 0.7762508671874999 0.09410992812499999 0.7846272953125 0.0935058234375 0.8137801859374999 0.1033784296875 0.8360264703125001 0.1035012109375 0.854274284375 0.109151471875 0.861453475 0.11370010312500001 0.8706727859375001 0.1147048140625 0.8815778609375 0.11892716249999999 0.8853582640625 0.117560640625 0.889872515625 0.1198834140625 0.9009411421875001 0.12098504375000001 0.9127163578124999 0.1262960890625 0.9256070390625 0.1280147578125 0.9273473203125 0.1301921546875 0.943011971875 0.1320562015625 0.9501093859375 0.138165190625 0.9548417046875001 0.1363270078125 0.9583767812499999 0.1396415609375 0.9632453921874999 0.13520278125000001 0.9587311406250001 0.1328800078125 0.951306625 0.133012453125 0.9479350984374999 0.12657718125 0.9361326234374999 0.12178625624999999 0.9048850937499999 0.1164978046875 0.901377275 0.11266313125 0.8975696125000001 0.114549771875 0.8856581046875001 0.111839325 0.8877527453124999 0.10725516718749999 0.8759230125 0.1029843609375 0.8218861578125001 0.09024299531249999 0.8165017656250001 0.086831521875 0.7589025765625 0.071295721875 0.74990133125 0.0661300546875 0.7143031 0.055398114062500003 0.6685881593749999 0.0430928796875 0.6519715921875 0.0417004953125 0.65131951875 0.036450840625 0.6466417171875001 0.0372487828125 0.6255926734374999 0.031973265625000004 0.6165641703125 0.027327715625 0.5798777328125 0.0196680328125 0.5699518296874999 0.0144539046875 0.5579858062499999 0.012783696875 0.538949625 0.0044843796875 0.5306277125000001 0.0040482453125 0.5223875765625 0.0020517546875 0.5224693515625 0.0004913953125 0.5130929656250001 0 0.5067327609375 0
5 1 0.15585463906250002 0.9965309171875001 0.1546798375 0.9935661375 0.158175296875 0.986032590625 0.160388221875 0.9707222968749999 0.151762621875 0.9746935078125001 0.14675526249999998 0.9463289828124999 0.13953171250000002 0.9392588265624999 0.132902603125 0.9263681453125001 0.131183934375 0.9197592546875001 0.13344531875 0.900832109375 0.12306552343749999 0.896181565625 0.123343346875 0.8920468046875 0.131471421875 0.835481303125 0.113903603125 0.8188102203125001 0.11355145625 0.81396886875 0.1174701171875 0.7979226015625 0.12288774531249999 0.7602569890625 0.11621984062499999 0.7489702968749999 0.11927916718750001 0.7560131953125 0.1264283953125 0.84741581875 0.1515589796875 0.883232115625 0.15812996562499998 0.9233446000000001 0.17118468125 0.97186076875 0.18311517187499998 0.9801554234375001 0.1840714234375 0.9954405843749999 0.1754846203125 1 0.1744563890625 1 0.15585463906250002
9 0.26166331875000004 0.2001363015625 0.2770553875 0.20720154375000002 0.28450715781249997 0.206548978125 0.2918226390625 0.2084970109375 0.2971252578125 0.2134688421875 0.3168156359375 0.20928528906250002 0.32861811093750004 0.214076215625 0.3479268734375 0.2171743375 0.3541814046875 0.22167450937500002 0.3725109953125 0.22576441093750002 0.384586053125 0.225354140625 0.40185469375 0.23199618125 0.4116443046875 0.2398109078125 0.44735156875 0.2484623703125 0.461194165625 0.249709378125 0.46750321406250006 0.253169309375 0.47952375468749997 0.2537992796875 0.483004315625 0.25815407343749996 0.49774431249999995 0.2599696609375 0.51321815625 0.26547454375 0.5254840203125 0.2614234375 0.533805934375 0.2618595703125 0.5404965984375 0.258037828125 0.5392218343749999 0.22928587500000003 0.5320971609375 0.22369700468749998 0.5165688015625001 0.21923236250000003 0.5099871703125001 0.220973625 0.508355921875 0.2167157515625 0.4770538765625 0.21246753906250002 0.42761305 0.20048858906249997 0.39359155 0.1950547625 0.37735659843749997 0.186380703125 0.3726515390625 0.187698765625 0.36906194375 0.18542445000000002 0.36530879843749997 0.1862708515625 0.3377871578125 0.18065611875 0.3149978328125 0.17320320312499998 0.2874761890625 0.16758847187499998 0.273008778125 0.1605716890625 0.2545701546875 0.158562265625 0.23099246406249999 0.14846029375 0.2081213640625 0.1425677375 0.180517946875 0.1385133640625 0.1724141 0.1339162734375 0.15321437031250001 0.1287376734375 0.14853656875000001 0.1295356171875 0.14491971718750002 0.127781421875 0.13360576562499998 0.1313608671875 0.12422077812500001 0.15120939687499999 0.11951571875 0.152527459375 0.11625109843749999 0.16174423437500002 0.1206290578125 0.16666760625000002 0.12799905625000002 0.1675753984375 0.14246646875 0.17459218125 0.148096184375 0.1733225765625 0.1882904421875 0.184816934375 0.2241067390625 0.19138792031250002 0.233189759375 0.1949932296875 0.23574566406250003 0.1992995640625 0.26166331875000004 0.2001363015625
10 0.50313933125 0.17471851249999998 0.49498096875 0.1711616625 0.48391234375 0.17006003281249998 0.469335896875 0.165123728125 0.44086233906250005 0.15998065625 0.43727274375 0.157706340625 0.42519768750000003 0.1581166109375 0.43128867031249996 0.16573749843750002 0.4412418296875 0.17043150625 0.4871475796875 0.1790959015625 0.4991681203125 0.1797258703125 0.5338962109375001 0.1893691140625 0.5395531859375 0.1875793921875 0.5382217796875 0.177600203125 0.533707528125 0.175277428125 0.50313933125 0.17471851249999998
10 0.2903283296875 0.9852817015625 0.295628603125 0.9706363328125001 0.294737621875 0.9505707734375 0.2972085703125 0.9281335468749999 0.3028512578125 0.9069545 0.27274783281250004 0.90064510625 0.24623365000000003 0.899983525 0.19941657031249999 0.891342290625 0.135277096875 0.89198465625 0.13011101249999998 0.8917139125 0.12091819687500001 0.8941439765625001 0.1102806296875 0.911785459375 0.10904312187500001 0.9477545609375 0.11789146875 0.9766086609375 0.13204111406250002 0.9784421578125 0.190677821875 0.9839537375 0.2668774625 0.987947190625 0.2903283296875 0.9852817015625
10 0.408448415625 0.9554381812500001 0.4172047265625 0.94898145625 0.4210041890625 0.93826120625 0.42041652812499997 0.924763175 0.4135414453125 0.92003510625 0.38942006406249996 0.9231387203124999 0.3346288421875 0.9103291890625 0.32469292968749996 0.91028304375 0.3279397140625 0.9224645312499999 0.346267271875 0.9310685937500001 0.3474816875 0.9449634609374999 0.3506143359375 0.9593228234375 0.368637521875 0.9737346125 0.375531625 0.9780996890625 0.395095684375 0.96310990625 0.408448415625 0.9554381812500001
10 0.5604359953125 1 0.555266228125 0.93401421875 0.54795458125 0.9252594953125 0.5181735828125 0.925154678125 0.49678741875 0.9254897890624999 0.47553441406249997 0.9232840187500001 0.48286500156249995 0.9316757453125 0.485219753125 0.9361669140625001 0.49298791406250003 0.9362100375000001 0.4976964171875 0.9575676109375 0.4963277609375 0.9713270796875 0.47382028125 0.9807029187499999 0.4479137890625 0.9808011296875 0.4268890609375 0.9742395859374999 0.412226796875 0.9698313875 0.4059203546875 0.9789643390625 0.39957590781249996 0.9888232562500001 0.4082988375 0.9953587718750001 0.44510714218749997 0.9972878125 0.49685876875 1 0.5604359953125 1
9 0.7945188140624999 0.6124430234375 0.8048514656249999 0.62758788125 0.793862490625 0.6426584156249999 0.7937785890625 0.6619512984375 0.7871948328125 0.6814250859375 0.8015489578125001 0.72598739375 0.8093529640625 0.7363058 0.81674809375 0.754425996875 0.8343059484375001 0.8440093421875 0.8394995328125001 0.8510616499999999 0.840858196875 0.8605207203124999 0.8498594421875 0.8656863890625001 0.8487712343749999 0.868758646875 0.8523335718749999 0.8715530828125001 0.848444134375 0.87500008125 0.849393925 0.8922609453125 0.8532561031249999 0.8893340640625 0.8557051 0.877988353125 0.8613348171874999 0.87671875 0.868543390625 0.8630147375 0.8789871984375001 0.8583465921875 0.8854597984374999 0.8586858062499999 0.8880429609375 0.8624720218749999 0.89171433125 0.863185978125 0.901097190625 0.861069971875 0.905993059375 0.8561110734374999 0.90278508125 0.846555084375 0.9043366796875001 0.83464079375 0.897077840625 0.8139199984375001 0.8985476640625001 0.8035660671875 0.8915047656249999 0.7964168375 0.8894437625 0.7472833046875 0.8954278375 0.7392521484375 0.9166404312499999 0.7414069484375 0.9204753515625 0.7390001875000001 0.9117215562500001 0.71142091875 0.9123757546875 0.69893805 0.9024792375 0.6754712796875 0.9040580953124999 0.6630368703125 0.900143525 0.649271465625 0.8965811890625 0.6464770296875 0.8969900624999999 0.6386752375 0.8918509968749999 0.6305826890625 0.8855692062499999 0.6266026375 0.8834221765624999 0.6144945093749999 0.8782831078125 0.6064019609375 0.8769789609374999 0.595902653125 0.8836423671875 0.5926010296875 0.8841602749999999 0.5827187578124999 0.8815225968749999 0.5799727828125001 0.8911235234375001 0.573695821875 0.9039596890625001 0.576454728125 0.90833765 0.5813781 0.9600639234375 0.58513205625 0.9783662546875 0.5897420765625 0.9870152671874999 0.583936775 0.9954462124999999 0.5822924296875 0.99686364375 0.5552462140625 0.9809306609374999 0.523118315625 0.9397572296875 0.5126157375 0.9352974953125001 0.5092527234374999 0.9160977656249999 0.504074125 0.8888759625 0.4927380765625 0.8502584359375 0.4865418328125 0.845580634375 0.487339775 0.8392443281249999 0.4843999640625 0.8340528703125001 0.4596151296875 0.829077353125 0.4484018640625 0.82445406875 0.44815956874999996 0.8218981640624999 0.443853234375 0.8230681453124999 0.43922061718750005 0.8169226453125 0.43263996718750003 0.818092628125 0.4280073515625 0.8074622609375 0.400851284375 0.8037908921874999 0.400137328125 0.7998196796875 0.40514468593749997 0.7867927078125 0.406026615625 0.7800475265625 0.41088859843750003 0.7784120265625 0.44209577187500004 0.8038053953125001 0.506012353125 0.8050005109375 0.518592140625 0.8017904078125 0.526768675 0.7932504265625 0.5304934984375 0.7756798203125 0.5473052968750001 0.7829386578124999 0.5680260921875 0.7854379203125 0.591105190625 0.78900025625 0.5938996234375 0.7945188140624999 0.6124430234375
9 0.4437629765625 0.9184636046874999 0.4491201109375 0.922395196875 0.47131187812500003 0.92355821875 0.47772996093750003 0.924937671875 0.4794429828125 0.9276351875 0.491681590625 0.9241042015625001 0.4873036296875 0.9191808281249999 0.49682278281250003 0.9144642265625 0.497938246875 0.9108718484375 0.5090341328125 0.911453359375 0.510474571875 0.9193520718749999 0.5189055171875 0.917707725 0.52252236875 0.9194619203125001 0.5273092046875 0.9165835 0.5299741421874999 0.91880935625 0.540172628125 0.9188222875 0.5417766171875 0.92360028125 0.5474063328125001 0.922330678125 0.5500482640625 0.8896116062500001 0.5477168015625 0.8279467437499999 0.5453244484375 0.8205196921875 0.5344193734375 0.8162973453125 0.5279467734375001 0.81595813125 0.5250637703125001 0.81789323125 0.5168508890625 0.8153766203125 0.5128524203125 0.8209040984374999 0.495908753125 0.8257531468750001 0.48492190312499994 0.8230911578125 0.48054394218749996 0.8181677859375001 0.46574943125 0.8173924390625 0.46403640937499996 0.814694921875 0.45740025937500006 0.8174764250000001 0.4537561484375 0.8162423499999999 0.4517160265625 0.81978626875 0.4470109671875 0.8211043312499999 0.43779165625000005 0.8200996187499999 0.4333591796875 0.8162164859375001 0.4259346640625 0.8163489328125 0.41410280625 0.82981065 0.398002021875 0.836268515625 0.38614502968750003 0.8325178281250001 0.3732270921875 0.8313192796875001 0.370643928125 0.8275330656250001 0.35971159531249997 0.8238308375000001 0.35623103437500003 0.8194760437499999 0.3442104921875 0.8188460750000001 0.3390420421875 0.8290061703125 0.338033484375 0.8482505921874999 0.3336806578125 0.860539625 0.329977778125 0.8958108359375 0.343220690625 0.9085004734375 0.34700109375 0.9071339515625001 0.3506452046875 0.9083680281250001 0.35461641718750003 0.9033606703125001 0.3592397015625 0.903602965625 0.368920278125 0.91349816875 0.40587929999999994 0.9159566578125 0.41779080625000004 0.9186671046875 0.4437629765625 0.9184636046874999
9 0.743813103125 0.9430548828124999 0.7734839015625 0.9430452203125 0.7946964953125 0.945200021875 0.8047586890625 0.94781355 0.80649896875 0.949990946875 0.8167519703125 0.9489636390625 0.82686868125 0.9505369296874999 0.8409020859374999 0.9481431015625 0.8465611859375001 0.9286208531250001 0.8434077234374999 0.9180246265625 0.838866215625 0.916221971875 0.837752875 0.9020818265624999 0.8353877796875 0.8941346546875 0.83092804375 0.8907716421874999 0.829569378125 0.8813125718749999 0.8018590546875 0.8616061515625001 0.796365628125 0.86027515625 0.7694164109375 0.8437379140625 0.7383869484375001 0.8342885062500001 0.7290040875 0.8364045109375 0.710510946875 0.8354353265625001 0.6995513546875001 0.8322532203125 0.6634897328125 0.8303633109374999 0.635070690625 0.8241799984375 0.6091530390625 0.8233432593750001 0.605536184375 0.8215890640625 0.5961260640625 0.8242251890625001 0.5888651015625 0.8212369171875 0.58511195625 0.8220833203125 0.58122039375 0.84326284375 0.5823567421875 0.89234791875 0.5844743875 0.9227086874999999 0.588525246875 0.9338734953125 0.6043261906249999 0.9331369421875 0.619963584375 0.9355211078125001 0.6635042375 0.9362383328125 0.673593690625 0.9383317437500001 0.7254017390625 0.940525340625 0.743813103125 0.9430548828124999
9 0 0.882942025 0.016219221875000002 0.885104475 0.0200268828125 0.883217834375 0.047712075 0.8857118515625 0.06642328125 0.882520078125 0.069958359375 0.8858346328125 0.08393724687500001 0.8844810437499999 0.10049929843750001 0.8869136671875 0.10582917343750001 0.8913653781249999 0.12258203281249999 0.8901571671875 0.1326987421875 0.8917304578125 0.1393076328125 0.8894690734375 0.1495061171875 0.88948200625 0.161417625 0.892192453125 0.179910765625 0.8931616375000001 0.1982130953125 0.8977716593749999 0.206698559375 0.895087075 0.23063060625 0.8984274937500001 0.24567044375 0.894521765625 0.254944271875 0.8944862359375 0.2685960578125 0.8993740812500001 0.274171259375 0.89914471875 0.276836196875 0.9013705734374999 0.28518536875 0.9012865874999999 0.2890202890625 0.8988798265625 0.3022444453125 0.8411594890625 0.30347106875 0.8177541093749999 0.29563980624999997 0.8079558234374999 0.2994495921875 0.7883366578125 0.2964848140625 0.7918321171875 0.27268905625 0.7858911015625 0.263333453125 0.7874869875 0.228223746875 0.7851254171875001 0.20532538906250003 0.7797529812499999 0.1997229296875 0.7805024640625 0.1933866234375 0.7775626531250001 0.18498293593749998 0.778686878125 0.1777492296875 0.7751784875000001 0.1703792328125 0.77427069375 0.1665715703125 0.7761573359375 0.148378271875 0.7694668359375 0.13717335625 0.770965803125 0.12610473125 0.7698641734375 0.11163731875 0.762847390625 0.09782198125 0.7610802624999999 0.04924916875 0.7679225359374999 0 0.7696620249999999 0 0.882942025
10 0.547310053125 0.8180160140625 0.5492726515624999 0.78056740625 0.5380404765625 0.7825864921875 0.5289301984375 0.779501303125 0.52229405 0.78228280625 0.514108428125 0.779246075 0.5046165328125001 0.783442559375 0.5009451640625 0.782728603125 0.498959559375 0.78523228125 0.49267776874999997 0.7812522296875 0.47867162187499995 0.783125940625 0.47475492656249996 0.787093059375 0.48114575156250006 0.7889926328125 0.4806823609375 0.797834665625 0.4933277171875 0.804234409375 0.49797825937500007 0.803956584375 0.5005069062499999 0.8087830390624999 0.5281920984374999 0.8112770546875 0.531754434375 0.8140714906250001 0.543720459375 0.8157416984375001 0.547310053125 0.8180160140625
10 0.660665496875 0.7957931234375 0.6404593359375 0.7921264234375001 0.6287113765625 0.7862952578125 0.6086142484375 0.7805480796875 0.5809563140625 0.77753394375 0.57921178125 0.8108215953125001 0.582256209375 0.8234983 0.62212549375 0.82350156875 0.6644416484375 0.8298916484375001 0.6921813578125 0.831345425 0.7261756 0.8372993734374999 0.741051884375 0.8365143625 0.742276384375 0.83084150625 0.703931440625 0.8194440671875001 0.660665496875 0.7957931234375
10 0.23317413281250002 0.779126278125 0.2358390703125 0.7813521359375 0.240516871875 0.7805541921875 0.25612700625 0.7834584765625 0.2593643671875 0.7747618234375 0.2568084640625 0.7704554890625 0.2708146109375 0.768581778125 0.2690743296875 0.7664043828125 0.2569992734375 0.7668146515625 0.2497655671875 0.7633062609375 0.237745025 0.762676290625 0.230456803125 0.7602081375 0.226051584375 0.7558048859375 0.21128433124999998 0.75450941875 0.1824836734375 0.7556077812499999 0.174813834375 0.7604213015625 0.1711697234375 0.7591872265624999 0.160834946875 0.76177489375 0.1653491984375 0.7640976671875 0.1606168796875 0.7659358484375 0.1679596203125 0.7673637624999999 0.16687141249999998 0.7704360203125 0.1889814046875 0.7731594 0.20448250625000003 0.7781441640625 0.23317413281250002 0.779126278125
10 0.6460179046875 0.7037545578125 0.6267636578125 0.699616196875 0.6119146296875 0.6998810890625 0.60927695 0.6971351125 0.603619975 0.6989248375 0.6000303812500001 0.696650521875 0.59255135 0.69782320625 0.5952162875 0.7000490625 0.5932579390625 0.702032621875 0.6199367015624999 0.7060385375 0.6427805421875 0.7124512125 0.6493894328125001 0.7101898296875 0.670629284375 0.7118245125 0.6799576296875001 0.7107487453125 0.6737303546875 0.7057284546875 0.6460179046875 0.7037545578125
10 0 0.6252232078125 0.058212901562499995 0.6322682515625 0.0993045578125 0.6443311890625 0.1390375484375 0.6469350546875 0.19046398125 0.6564103234374999 0.228511209375 0.65579655625 0.25018506875 0.6668418484374999 0.262287384375 0.665911459375 0.26957560625 0.6683796109375 0.289075178125 0.6678368953125 0.3010139453125 0.6700272234375 0.32429391875 0.6681179875 0.3278835140625 0.6703923031250001 0.35929459218750004 0.6725600359375 0.367425696875 0.6766370046875 0.3970692359375 0.6771474609375 0.40617951406249997 0.68023265 0.43568676249999994 0.6833437046874999 0.46318114843749997 0.68947855625 0.4688108640625 0.688208953125 0.4868133546875 0.6985402890625 0.503757021875 0.6936912421875 0.5057426265625 0.6911875625 0.5186333078125 0.6929062296875 0.5221956453125001 0.6957006640625 0.5416679578125 0.6956780703125001 0.5423766734375 0.6821549609375 0.508082590625 0.681922328125 0.49989696875 0.678885596875 0.485047940625 0.6791504890625 0.44632138125000004 0.675034725 0.38379906406250003 0.6649779421875001 0.372675921875 0.6649165515625 0.36171633124999997 0.66173444375 0.32660662500000004 0.6593728734375001 0.3129003203125 0.6555252687500001 0.2806191 0.6522688375000001 0.24042484218750002 0.6407744796875 0.20077362499999998 0.6366102546875 0.16645228437499998 0.6368977421875 0.0882380578125 0.625497034375 0.0763538078125 0.622266465625 0 0.6135800437500001 0 0.6252232078125
0 0.2670725 0.6490797046875 0.511105396875 0.6832768796875001 0.5243514031250001 0.5626593609375 0.29024700625 0.5209666187499999 0.2670725 0.6490797046875
10 0.6602948828125 0.48440948749999996 0.6740557046875 0.48721685312499996 0.6775362640625 0.49157164687500005 0.684117896875 0.48983038125 0.6849335203125 0.4919593203125 0.7024474859375001 0.49392028281250006 0.7124551640625 0.49757405156249995 0.725454878125 0.49721224375000006 0.735353521875 0.5029464890625001 0.755723234375 0.5034924734375 0.74887114375 0.4927024078125 0.75028645 0.483388715625 0.7395513015625 0.4228480796875 0.7352551171874999 0.41636434843750003 0.7271240109375 0.412287378125 0.6701496359375 0.40252135312500004 0.6491278515625 0.39672571562500003 0.6059142984375 0.38976705625 0.5901406125 0.3899834890625 0.5819549921875 0.3869467578125 0.5835044640625 0.39276499062500003 0.5915810515625 0.3978822 0.577547646875 0.4002760296875 0.574637384375 0.40273124843749997 0.5783611453125 0.4201374890625 0.5696576171875 0.42698303125 0.5692214843750001 0.43530494375 0.572154753125 0.4677946515625 0.5747924328125 0.470540628125 0.62450584375 0.47731838125000003 0.6280136625 0.48115305625 0.6317940671875 0.47978653437499996 0.6436237984375001 0.484057340625 0.6602948828125 0.48440948749999996
10 0.1951025203125 0.3025222625 0.18784155625 0.29953399062499997 0.1601563625 0.2970399765625 0.13820992031249998 0.29119587812500003 0.13543595 0.2910505015625 0.1361697984375 0.29473979687499996 0.14995787656249998 0.29702704375 0.15167090156250002 0.2997245609375 0.1717680296875 0.3054717390625 0.17533036562499998 0.308266171875 0.213729825 0.3186233734375 0.23314762187500002 0.31964101718750004 0.24864872343750002 0.3246257796875 0.2581678765625 0.3199091765625 0.2720649890625 0.3201159453125 0.2930595171875 0.32643170312500003 0.3215875921875 0.3305345359375 0.358246771875 0.338714340625 0.36093896718749996 0.3404200765625 0.3613729734375 0.3498306875 0.4034710640625 0.3603817234375 0.4143488796875 0.365124190625 0.44197955625 0.3686584453125 0.46542307968749996 0.36362849062499997 0.48756033125 0.3658317515625 0.496888675 0.36475598593749997 0.5215818296875 0.3712655796875 0.52424676875 0.373491434375 0.53531539375 0.374593065625 0.53556071875 0.369911990625 0.523540178125 0.3692820203125 0.5201141328125 0.36388698750000004 0.49599127656249997 0.36418740625 0.4897094875 0.3602073546875 0.4538114140625 0.355196728125 0.4429063390625 0.35097438125 0.39980181875 0.34193524218750004 0.3898214 0.3377613546875 0.3611297765625 0.3367792390625 0.35770372968749997 0.33138420625 0.346689621875 0.3292423375 0.32953001406250004 0.32051981875 0.3401164921875 0.2600535046875 0.346618475 0.2421400765625 0.3487424984375 0.21930327656249998 0.32222728749999996 0.21217664374999998 0.31295345937499996 0.2122121703125 0.305065553125 0.22118664843750002 0.29720278125 0.24737353125 0.2912459640625 0.25488456875 0.27236483125 0.3143946296875 0.24832375 0.313134690625 0.2290967609375 0.3084762109375 0.226431825 0.306250353125 0.22178128125000002 0.306528178125 0.21460209218749998 0.301979546875 0.1951025203125 0.3025222625
10 0.7930369875000001 0.2691867171875 0.79428661875 0.2807262640625 0.806089090625 0.285517190625 0.8132137640625 0.291106059375 0.832440753125 0.295764540625 0.8714377703125 0.31241163437499997 0.8925685890624999 0.31612679374999997 0.8947450031249999 0.3099822765625 0.8658165546875001 0.2427511421875 0.8660891390625001 0.23754994687500003 0.8432222906250001 0.19619234218749998 0.8341120109375 0.193107153125 0.8239135281250001 0.1930942203125 0.8139309828125001 0.20665285625 0.8152623890624999 0.2166320453125 0.82646518125 0.2328656015625 0.823445884375 0.2374013 0.8279601359375001 0.23972407499999998 0.8285031765624999 0.24705420781249998 0.8337512765625 0.25306627812500004 0.8242048656250001 0.25830300156249997 0.7908899578125 0.2570785890625 0.78781614375 0.2626545265625 0.7930369875000001 0.2691867171875
10 1 0.28261232812500003 0.9965432968749999 0.2782873859375 0.994478040625 0.2646189 0.9876259515625 0.25382883437500003 0.9658703171875 0.2443439 0.9463980046874999 0.24436649687499998 0.93910978125 0.24189834375000002 0.929754178125 0.24349423125 0.9252671843750001 0.2406513359375 0.9096297921875 0.23826717187500002 0.8904573203125 0.2325684515625 0.8871403078125001 0.22509294062500002 0.8833871640625001 0.22593934375 0.8810199421875 0.2357246953125 0.885831909375 0.250058678125 0.9069857359375 0.2887187671875 0.9175615859375 0.31691507343750003 0.92558365625 0.323072521875 1 0.3364172125 1 0.28261232812500003
9 1 0.3351256546875 0.959550640625 0.3295465890625 0.9293368015624999 0.32222611875 0.9246589999999999 0.3230240625 0.9223462937500001 0.33176917499999997 0.9366480312500001 0.3596392 0.9402376265625 0.3619135140625 0.9669709031249999 0.364879190625 0.9777124296874999 0.3722222546875 0.983342146875 0.3709526515625 1 0.37633931249999997 1 0.3351256546875
9 0.890878575 0.34837420625000004 0.9093989718750001 0.348823271875 0.90311930625 0.3271106953125 0.891507640625 0.31867893281250004 0.8945541953125 0.313623115625 0.8875385546875 0.3059537671875 0.8853621421875 0.31209828281249996 0.879705165625 0.31388800625 0.8395926828125001 0.3008332890625 0.837091296875 0.2954867171875 0.8289329328124999 0.2919298671875 0.8187344484375 0.291916934375 0.8097059453125001 0.28727138750000003 0.7896088171875 0.2815242078125 0.7860716125 0.2959421765625 0.795613771875 0.3261705015625 0.8000462484374999 0.330053634375 0.8176692484375 0.329934121875 0.823053640625 0.33334559375 0.834122265625 0.3344472234375 0.8402950234375 0.3405077546875 0.8686050328125001 0.34877154374999997 0.8851943406249999 0.3506840484375 0.890878575 0.34837420625000004
9 0.078476453125 0.15715680781250002 0.093516290625 0.1532510796875 0.0941432328125 0.141288328125 0.02101568125 0.12128788593749999 0.018076034375 0.1419957484375 0.025337 0.1449840203125 0.047392475 0.148747640625 0.049866604687499996 0.1546143328125 0.055523579687500005 0.152824609375 0.0581885171875 0.155050465625 0.06833248593749999 0.1561036375 0.072792221875 0.15946665 0.07741550625 0.15970894687499998 0.078476453125 0.15715680781250002
9 0.667985978125 0.30227072499999996 0.68824665625 0.3048971875 0.69915173125 0.309119534375 0.709513765625 0.3060117484375 0.715906715625 0.2901787984375 0.7106040984375 0.2852069671875 0.706771303125 0.2698812046875 0.7005712890625 0.2643407953125 0.6586094921875 0.251189159375 0.6347592203125 0.24628838281249998 0.6065309859375 0.236464234375 0.5935857890625 0.23578580468750002 0.5798794828125 0.2319382 0.5622292265625 0.23257783281250002 0.5604301781250001 0.26690572343749996 0.5664121265625 0.276607090625 0.586645546875 0.2797536703125 0.59224800625 0.2790041875 0.6206943046875 0.284667378125 0.62319569375 0.290013953125 0.6490315718749999 0.2924110484375 0.65256665 0.295725603125 0.663580759375 0.29786747187499996 0.667985978125 0.30227072499999996
9 0.7464894171875 0.39661273750000003 0.744724003125 0.3772229359375 0.7387420546875 0.36752156875 0.73120850625 0.36973449375 0.7205738890625 0.378043475 0.7185065093749999 0.3821075125 0.7218213953125 0.40731554687499993 0.7408575749999999 0.41561486406250003 0.749642878125 0.4072089640625 0.7571491671875 0.40551616093750004 0.7648735234374999 0.39966240000000003 0.7653914312500001 0.3897801296875 0.7607408875 0.3900579515625 0.75198284375 0.39794373125 0.7464894171875 0.39661273750000003