9 0.61851851875 0 0.5555555562500001 0.014583332812499999 0.5361111109375 0.0229166671875 0.525 0.0229166671875 0.5175925921875 0.0265625 0.5148148140625 0.0364583328125 0.50555555625 0.0484375 0.5046296296875 0.05989583281250001 0.5111111109375 0.0609375 0.559259259375 0.0494791671875 0.58148148125 0.0463541671875 0.646296296875 0.0286458328125 0.6648148140625 0.021354167187500002 0.6555555562500001 0.0140625 0.6611111109375 0 0.61851851875 0
9 0.4861111109375 0 0.4074074078125 0.0234375 0.3768518515625 0.029166667187500002 0.375 0.0348958328125 0.3620370375 0.0484375 0.3611111109375 0.05625 0.3648148140625 0.05989583281250001 0.38055555625 0.060416667187499995 0.38333333281250004 0.05729166718749999 0.396296296875 0.0546875 0.4 0.0473958328125 0.43333333281249997 0.0473958328125 0.46666666718750005 0.0333333328125 0.47407407343749997 0.0322916671875 0.48703703750000005 0.0239583328125 0.5074074078125 0.0197916671875 0.5203703703125 0.0223958328125 0.534259259375 0.021354167187500002 0.5398148140625 0.0166666671875 0.575 0.0125 0.5833333328125 0.009375 0.5898148140624999 0.003125 0.5953703703125 0.0046875 0.6046296296875 0 0.4861111109375 0
9 0.290740740625 0.0760416671875 0.3009259265625 0.078125 0.3120370375 0.0760416671875 0.3111111109375 0.0692708328125 0.32592592656249997 0.060416667187499995 0.32685185156249996 0.05729166718749999 0.322222221875 0.0494791671875 0.3166666671875 0.050520832812500006 0.309259259375 0.06302083281250001 0.271296296875 0.0640625 0.2870370375 0.06979166718749999 0.290740740625 0.0760416671875
11 0 0.0660083328125 0.217646296875 0.0005885421875 0.196947221875 0 0 0.0599854171875 0 0.0660083328125
9 0.3453703703125 0.1276041671875 0.3546296296875 0.1244791671875 0.3611111109375 0.1270833328125 0.3703703703125 0.1244791671875 0.377777778125 0.125 0.44444444375 0.1088541671875 0.45277777812500003 0.1041666671875 0.45185185156249996 0.0953125 0.45555555625000005 0.09322916718749999 0.46388888906250003 0.090625 0.4703703703125 0.09322916718749999 0.4861111109375 0.0895833328125 0.5379629625 0.0713541671875 0.5768518515625 0.06302083281250001 0.5953703703125 0.061979167187499996 0.5990740734375 0.05989583281250001 0.60648148125 0.0609375 0.6129629624999999 0.058854167187499994 0.6259259265625 0.061979167187499996 0.627777778125 0.058333332812500006 0.6398148140625 0.056770832812500005 0.6425925921875 0.0609375 0.65 0.060416667187499995 0.672222221875 0.052604167187499995 0.6703703703125 0.0473958328125 0.665740740625 0.0463541671875 0.6675925921875 0.0427083328125 0.715740740625 0.025520832812499998 0.7240740734375 0.017708332812499998 0.7481481484375 0.0098958328125 0.7518518515625 0.0046875 0.74351851875 0.0046875 0.68148148125 0.01875 0.2731481484375 0.1177083328125 0.24907407343750002 0.12552083281249998 0.253703703125 0.1307291671875 0.3138888890625 0.1390625 0.3453703703125 0.1307291671875 0.3453703703125 0.1276041671875
9 0.17361111093749998 0.18307291718750002 0.2 0.1796875 0.20833333281250002 0.175 0.21296296250000002 0.1755208328125 0.23611111093749998 0.1692708328125 0.26851851875 0.1541666671875 0.25833333281250004 0.1536458328125 0.25555555625 0.15625 0.2296296296875 0.1578125 0.209259259375 0.1640625 0.18148148125000002 0.1677083328125 0.1740740734375 0.1666666671875 0.1611111109375 0.159375 0.15 0.1604166671875 0.14444444375 0.1630208328125 0.125 0.1848958328125 0.125 0.2130208328125 0.1425925921875 0.2166666671875 0.1518518515625 0.21354166718749998 0.17361111093749998 0.18307291718750002
9 0.1467796296875 0.1615135421875 0.1405851859375 0.155721875 0.1007351859375 0.1596130203125 0.10284722187499999 0.166265625 0.13199444375 0.1660276046875 0.1467796296875 0.1615135421875
9 0.1125629625 0.1973890625 0.123546296875 0.192875 0.12312314843750001 0.1828963546875 0.0766574078125 0.1912119796875 0.056380556250000005 0.200953125 0.08890740781249999 0.20166562500000002 0.1125629625 0.1973890625
9 0.8388888890624999 0 0.83148148125 0.0171875 0.8379629625 0.0182291671875 0.8481481484375 0.0348958328125 0.8453703703125001 0.0395833328125 0.8490740734375001 0.0546875 0.847222221875 0.0692708328125 0.8490740734375001 0.0760416671875 0.8574074078124999 0.0848958328125 0.8611111109375 0.0828125 0.8666666671875 0.0416666671875 0.8666666671875 0.0057291671875 0.8648148140625 0 0.8388888890624999 0
9 0.7194444437499999 0.05 0.75555555625 0.0416666671875 0.7675925921875 0.0432291671875 0.7870370375 0.0411458328125 0.7916666671875 0.0380208328125 0.79444444375 0.0286458328125 0.7824074078125001 0.029166667187500002 0.65 0.058854167187499994 0.6453703703125 0.061979167187499996 0.6453703703125 0.065625 0.652777778125 0.065625 0.6888888890625 0.05989583281250001 0.7194444437499999 0.05
9 0.878703703125 0.11041666718750001 0.9083333328125001 0.1057291671875 0.94351851875 0.09635416718749999 0.98148148125 0.0927083328125 0.9888888890624999 0.0880208328125 0.99444444375 0.07760416718749999 0.9990740734375001 0.0770833328125 0.9990740734375001 0.0557291671875 0.9888888890624999 0.0557291671875 0.9620370375 0.0614583328125 0.95 0.0671875 0.928703703125 0.07291666718749999 0.872222221875 0.0802083328125 0.8638888890624999 0.08333333281250001 0.8601851859374999 0.0875 0.8611111109375 0.0921875 0.86944444375 0.1046875 0.878703703125 0.11041666718750001
9 0.575 0.2630208328125 0.5925925921874999 0.2635416671875 0.590740740625 0.2614583328125 0.6009259265625 0.2541666671875 0.6796296296875 0.2427083328125 0.6851851859375 0.24375 0.6879629625 0.2416666671875 0.7546296296875 0.2286458328125 0.7703703703125 0.22135416718749998 0.7740740734375 0.2166666671875 0.7740740734375 0.20677083281250003 0.76944444375 0.2052083328125 0.61851851875 0.234375 0.5555555562500001 0.2442708328125 0.5490740734374999 0.2479166671875 0.47407407343749997 0.2604166671875 0.46666666718750005 0.265625 0.4509259265625 0.2640625 0.43981481406249995 0.26875 0.4388888890625 0.27291666718749996 0.459259259375 0.27395833281250004 0.5675925921875 0.265625 0.575 0.2630208328125
9 0.9990740734375001 0.20677083281250003 0.9990740734375001 0.2015625 0.99351851875 0.2 0.9620370375 0.2026041671875 0.897222221875 0.21770833281250002 0.8888888890625 0.2171875 0.86851851875 0.2244791671875 0.86851851875 0.23072916718749997 0.946296296875 0.225 0.9953703703125001 0.2088541671875 0.9990740734375001 0.20677083281250003
9 0.10185185156250001 0.334375 0.1268518515625 0.3338541671875 0.1324074078125 0.3291666671875 0.15370370312499998 0.3307291671875 0.1703703703125 0.3255208328125 0.1833333328125 0.3244791671875 0.1888888890625 0.3302083328125 0.196296296875 0.328125 0.2046296296875 0.3317708328125 0.21851851875 0.31875 0.246296296875 0.31197916718749996 0.252777778125 0.3026041671875 0.2398148140625 0.3 0.22870370312500002 0.303125 0.2203703703125 0.3026041671875 0.184259259375 0.3104166671875 0.16851851874999998 0.3104166671875 0.15092592656249998 0.3151041671875 0.1379629625 0.315625 0.058333332812500006 0.3302083328125 0.05648148125 0.3348958328125 0.072222221875 0.3348958328125 0.09074074062500001 0.3380208328125 0.10185185156250001 0.334375
3 0.277222221875 0.4079161453125 0.2946490734375 0.40573802031249995 0.30578333281250003 0.40369583281250004 0.31231851875 0.4005651046875 0.3154648140625 0.3982505203125 0.2980379625 0.3986588546875 0.28835648125 0.4000203125 0.278675 0.4004286453125 0.2660888890625 0.40342395781249996 0.26633055625 0.4075078125 0.277222221875 0.4079161453125
9 0.5620370375 0.3760416671875 0.584259259375 0.37447916718749996 0.60555555625 0.3703125 0.6425925921875 0.3729166671875 0.6629629625 0.36875 0.6796296296875 0.3619791671875 0.709259259375 0.35625 0.75648148125 0.35104166718749996 0.7601851859375001 0.3479166671875 0.7601851859375001 0.3411458328125 0.7481481484375 0.3401041671875 0.740740740625 0.34322916718749996 0.7324074078125 0.34322916718749996 0.7148148140624999 0.3505208328125 0.690740740625 0.3541666671875 0.6379629625 0.3536458328125 0.6351851859375001 0.3557291671875 0.6148148140624999 0.35885416718749996 0.60555555625 0.3625 0.5990740734375 0.3614583328125 0.584259259375 0.3661458328125 0.5287037031249999 0.3697916671875 0.522222221875 0.3734375 0.509259259375 0.3723958328125 0.4990740734375 0.37552083281250004 0.49259259218749996 0.3807291671875 0.502777778125 0.3828125 0.5527777781250001 0.3817708328125 0.5620370375 0.3760416671875
9 0.85 0.56875 0.8675925921875001 0.5682291671875 0.88055555625 0.5713541671875 0.9129629625 0.5697916671875001 0.9518518515625001 0.5708333328124999 0.9583333328125001 0.5682291671875 0.9990740734375001 0.5630208328124999 0.9990740734375001 0.5526041671875 0.859259259375 0.559375 0.8425925921875 0.553125 0.8416666671874999 0.5489583328125 0.8259259265625 0.5395833328124999 0.8231481484375 0.5401041671875 0.8222222218749999 0.5458333328125 0.828703703125 0.5510416671875 0.8296296296874999 0.5557291671875 0.85 0.56875
9 0.5287037031249999 0.5739583328125 0.5527777781250001 0.5692708328125 0.6416666671875 0.5666666671875 0.6805555562500001 0.5625 0.6833333328125 0.5609375 0.684259259375 0.5489583328125 0.68148148125 0.5458333328125 0.5703703703125 0.5520833328125 0.5490740734374999 0.5578125 0.5287037031249999 0.5572916671875 0.5138888890625 0.5598958328125 0.5 0.5583333328125 0.5 0.5614583328125 0.509259259375 0.5598958328125 0.5175925921875 0.5614583328125 0.5287037031249999 0.5739583328125
9 0.7361111109375 0.5458333328125 0.6990740734374999 0.5463541671875001 0.6944444437499999 0.5489583328125 0.6944444437499999 0.5614583328125 0.7361111109375 0.5625 0.7398148140624999 0.5489583328125 0.7361111109375 0.5458333328125
9 0.078703703125 0.740625 0.0861111109375 0.7520833328125 0.11388888906250001 0.7578125 0.140740740625 0.7578125 0.1546296296875 0.7609375 0.1620370375 0.7666666671875 0.17314814843749998 0.7703125 0.190740740625 0.7713541671875 0.2 0.7765625 0.2259259265625 0.7703125 0.24814814843750002 0.778125 0.2518518515625 0.7739583328124999 0.25555555625 0.775 0.26203703749999996 0.7729166671875001 0.2703703703125 0.7744791671875 0.33888888906250003 0.7729166671875001 0.3453703703125 0.7796875 0.352777778125 0.7776041671875 0.371296296875 0.7828125 0.42222222187499997 0.7838541671875 0.43055555625 0.7859375 0.44444444375 0.7848958328125 0.45370370312499997 0.7869791671875 0.5018518515625 0.7875 0.5101851859375001 0.7822916671875 0.515740740625 0.7869791671875 0.525 0.7875 0.5398148140625 0.7859375 0.540740740625 0.7875 0.5935185187500001 0.790625 0.628703703125 0.7885416671875001 0.6388888890625 0.790625 0.6629629625 0.7864583328125 0.665740740625 0.7895833328124999 0.7074074078125 0.7927083328125 0.7120370375 0.7875 0.7166666671875 0.759375 0.7166666671875 0.7088541671875 0.6925925921875 0.7041666671875 0.66944444375 0.7046875 0.6574074078125001 0.7072916671875 0.652777778125 0.7135416671875 0.3981481484375 0.7130208328125 0.396296296875 0.7109375 0.3648148140625 0.7057291671875 0.328703703125 0.7041666671875 0.3203703703125 0.7088541671875 0.3138888890625 0.7088541671875 0.302777778125 0.7166666671875 0.29722222187499997 0.7166666671875 0.296296296875 0.7328125 0.30648148124999997 0.734375 0.309259259375 0.7380208328125 0.303703703125 0.7427083328124999 0.296296296875 0.7447916671875 0.29351851875 0.7489583328125 0.2833333328125 0.7510416671875 0.27870370312500004 0.7572916671875001 0.25555555625 0.7541666671875 0.24259259218749998 0.7489583328125 0.2379629625 0.7432291671875 0.2259259265625 0.7447916671875 0.20833333281250002 0.7359375 0.1925925921875 0.7369791671875 0.18148148125000002 0.7307291671875 0.177777778125 0.7260416671875001 0.177777778125 0.7166666671875 0.16944444375 0.7098958328125 0.15648148125 0.7072916671875 0.15 0.7036458328124999 0.1351851859375 0.7083333328125 0.12407407343750002 0.715625 0.10648148125000001 0.7203125 0.10185185156250001 0.7322916671875 0.1046296296875 0.7380208328125 0.0981481484375 0.7427083328124999 0.078703703125 0.740625
8 0.815740740625 0.7828125 0.8194444437499999 0.7864583328125 0.8175925921875 0.790625 0.8231481484375 0.7947916671875 0.8333333328125001 0.7973958328124999 0.8379629625 0.8020833328125001 0.859259259375 0.7953125 0.8759259265624999 0.79375 0.9574074078124999 0.7984375 0.9925925921875001 0.7984375 0.9990740734375001 0.7947916671875 0.9990740734375001 0.696875 0.9851851859374999 0.6947916671875001 0.9685185187500001 0.6984375 0.9148148140625001 0.703125 0.9083333328125001 0.7052083328125 0.89444444375 0.7041666671875 0.8611111109375 0.7125 0.8490740734375001 0.7203125 0.8351851859374999 0.7640625 0.827777778125 0.7744791671875 0.83055555625 0.7791666671875 0.815740740625 0.7828125
8 0.253703703125 0 0.21574074062499998 0.0109375 0.2046296296875 0.0151041671875 0.1925925921875 0.0234375 0.1870370375 0.0276041671875 0.184259259375 0.0348958328125 0.175 0.0411458328125 0.1675925921875 0.0427083328125 0.15370370312499998 0.0411458328125 0.1481481484375 0.0442708328125 0.1490740734375 0.0546875 0.16944444375 0.05729166718749999 0.17314814843749998 0.0614583328125 0.21111111093749999 0.052604167187499995 0.21944444375 0.0364583328125 0.2388888890625 0.028125 0.24722222187499998 0.0276041671875 0.259259259375 0.0359375 0.2638888890625 0.0338541671875 0.25833333281250004 0.0229166671875 0.2731481484375 0.010416667187500001 0.275 0 0.253703703125 0