4 0.46171875 0.4515625 0.09375 0.03125
4 0.5078125 0.6375 0.09375 0.06796875
4 0.55 0.53046875 0.16484375 0.078125
4 0.5984375 0.67265625 0.0734375 0.0921875
4 0.5140625 0.790625 0.03515625 0.0640625
4 0.42109375 0.62890625 0.0453125 0.08828125
4 0.671875 0.6171875 0.06328125 0.046875
4 0.59453125 0.75625 0.11796875 0.07265625
4 0.43359375 0.53046875 0.059375 0.05234375
4 0.321875 0.6625 0.09765625 0.14609375
4 0.67265625 0.8734375 0.09453125 0.1421875
2 0.625 0.58984375 0.028125 0.03046875
2 0.74453125 0.778125 0.0359375 0.03203125
2 0.6375 0.70078125 0.03359375 0.01796875