4 0.21953125 0.36484375 0.428125 0.125
4 0.18046875 0.48203125 0.2234375 0.19375
4 0.38671875 0.4890625 0.1265625 0.14375
4 0.553125 0.27734375 0.259375 0.2203125
4 0.56640625 0.46484375 0.2375 0.20625
4 0.78984375 0.371875 0.265625 0.334375
4 0.971875 0.29609375 0.05625 0.1859375
4 0.9390625 0.49140625 0.121875 0.2171875
4 0.21953125 0.7890625 0.096875 0.0890625
4 0.3046875 0.79140625 0.06875 0.0703125
4 0.28203125 0.7 0.0140625 0.04375
4 0.1953125 0.8578125 0.05 0.046875
4 0.82890625 0.5609375 0.1265625 0.084375
4 0.73984375 0.55 0.0421875 0.0515625