4 0.5296875 0.45234375 0.07890625 0.0296875
4 0.48828125 0.5359375 0.090625 0.05859375
4 0.37890625 0.56953125 0.11015625 0.090625
4 0.49453125 0.6359375 0.075 0.05859375
4 0.41015625 0.66953125 0.07890625 0.08671875
4 0.4375 0.75234375 0.06640625 0.04375
4 0.4734375 0.81171875 0.103125 0.10625
4 0.67265625 0.66796875 0.0875 0.0953125
4 0.57421875 0.62890625 0.06640625 0.10390625
4 0.36796875 0.69921875 0.73515625 0.60078125
2 0.38125 0.58515625 0.04140625 0.02109375
2 0.36953125 0.690625 0.0296875 0.04453125
2 0.2640625 0.76796875 0.02578125 0.04296875