4 0.15234375 0.6765625 0.3046875 0.646875
4 0.90234375 0.81640625 0.1953125 0.3671875
4 0.55703125 0.678125 0.4828125 0.63125
4 0.9703125 0.55234375 0.059375 0.103125
5 0.8953125 0.16640625 0.209375 0.3328125
5 0.49921875 0.1453125 0.1078125 0.27421875
5 0.06875 0.25234375 0.12890625 0.16875
5 0.3421875 0.7890625 0.0625 0.2484375
5 0.5421875 0.7640625 0.08046875 0.34765625
5 0.690625 0.58203125 0.228125 0.084375
5 0.41171875 0.61640625 0.1921875 0.071875
5 0.390625 0.434375 0.215625 0.05546875
5 0.73828125 0.43359375 0.0890625 0.19921875
5 0.75 0.234375 0.078125 0.1953125