4 0.24296875 0.89140625 0.13203125 0.04140625
4 0.37734375 0.71484375 0.24140625 0.140625
4 0.3484375 0.49375 0.21953125 0.140625
4 0.59296875 0.39140625 0.28515625 0.3734375
4 0.38203125 0.14375 0.153125 0.26953125
4 0.30078125 0.36640625 0.21875 0.11640625
4 0.146875 0.525 0.1234375 0.18046875
4 0.60390625 0.65234375 0.203125 0.14609375
4 0.6859375 0.7640625 0.03984375 0.028125
4 0.86484375 0.19140625 0.0796875 0.08828125
4 0.78828125 0.484375 0.0953125 0.065625
4 0.1890625 0.7421875 0.1203125 0.10625
2 0.6265625 0.3609375 0.0625 0.08359375
2 0.87890625 0.19609375 0.0390625 0.03515625
2 0.615625 0.6140625 0.07265625 0.0515625