4 0.56328125 0.56015625 0.4015625 0.7515625
2 0.56171875 0.28984375 0.01484375 0.0171875
2 0.6 0.3734375 0.01953125 0.021875
2 0.5125 0.309375 0.015625 0.0171875
2 0.5328125 0.334375 0.01484375 0.01875
2 0.6796875 0.2546875 0.0234375 0.03046875
2 0.58125 0.440625 0.01484375 0.01484375
2 0.5875 0.46328125 0.0140625 0.01796875
2 0.603125 0.4671875 0.0109375 0.02265625
2 0.6875 0.671875 0.01640625 0.02109375
2 0.7328125 0.68515625 0.0140625 0.01875
2 0.74453125 0.725 0.01796875 0.021875
2 0.68125 0.75546875 0.01875 0.02421875
2 0.584375 0.7421875 0.021875 0.0171875
2 0.58203125 0.77421875 0.01484375 0.02109375
2 0.58671875 0.79140625 0.0171875 0.009375
2 0.53671875 0.7984375 0.0125 0.0140625
2 0.53203125 0.74296875 0.0140625 0.01875
2 0.60546875 0.790625 0.009375 0.01796875
2 0.61640625 0.8015625 0.01328125 0.0125
2 0.6125 0.884375 0.015625 0.01953125
2 0.6078125 0.71875 0.01328125 0.015625
2 0.59375 0.70546875 0.01328125 0.01796875
2 0.6078125 0.696875 0.01171875 0.01484375
2 0.640625 0.696875 0.015625 0.0109375
2 0.521875 0.6375 0.0203125 0.01328125
2 0.54140625 0.6125 0.0109375 0.015625
2 0.5375 0.590625 0.015625 0.0203125
2 0.4203125 0.64765625 0.01328125 0.0171875
2 0.4453125 0.63125 0.01015625 0.021875
2 0.484375 0.35390625 0.01015625 0.0140625
2 0.49453125 0.35859375 0.0109375 0.0125
2 0.47265625 0.4 0.0109375 0.0140625
2 0.4953125 0.40546875 0.0171875 0.01171875
2 0.51015625 0.43046875 0.0140625 0.01875
2 0.4796875 0.46953125 0.01328125 0.0203125
2 0.353125 0.48984375 0.0140625 0.01328125
2 0.56015625 0.49296875 0.01875 0.02421875
2 0.5390625 0.4453125 0.01328125 0.015625
2 0.56796875 0.52109375 0.0171875 0.02109375
2 0.56015625 0.55546875 0.02109375 0.0203125
2 0.50390625 0.5703125 0.015625 0.0140625
2 0.50703125 0.60078125 0.0140625 0.01328125
2 0.45703125 0.56875 0.02109375 0.01796875
2 0.446875 0.59140625 0.01953125 0.021875
2 0.471875 0.5921875 0.021875 0.0234375
2 0.45625 0.609375 0.01640625 0.01875
2 0.409375 0.61171875 0.01640625 0.021875
2 0.49921875 0.621875 0.01484375 0.02265625
2 0.56015625 0.421875 0.0109375 0.01171875
2 0.528125 0.428125 0.01484375 0.01640625
2 0.5765625 0.3390625 0.01796875 0.01171875
2 0.678125 0.10546875 0.02109375 0.0265625
2 0.6296875 0.478125 0.01796875 0.01328125
2 0.6421875 0.46484375 0.01796875 0.01796875
2 0.6609375 0.45546875 0.0125 0.02265625
2 0.48671875 0.66328125 0.0125 0.01328125
2 0.51484375 0.62109375 0.00859375 0.01640625
2 0.528125 0.62421875 0.0109375 0.0171875
2 0.48984375 0.52578125 0.0109375 0.01875
2 0.55 0.525 0.01328125 0.0125
4 0.32734375 0.11484375 0.09296875 0.07265625
4 0.81171875 0.41328125 0.03984375 0.05078125
4 0.78984375 0.915625 0.04921875 0.10703125
2 0.7015625 0.05859375 0.0328125 0.0359375