2 0.13125 0.71484375 0.046875 0.04296875
2 0.18203125 0.66484375 0.05546875 0.04375
2 0.9640625 0.353125 0.071875 0.05859375
2 0.89375 0.3234375 0.02265625 0.02578125
2 0.878125 0.4453125 0.0328125 0.03515625
2 0.82578125 0.51328125 0.0265625 0.03359375
2 0.76875 0.509375 0.02578125 0.025
2 0.83984375 0.75625 0.0359375 0.0265625
2 0.8828125 0.7796875 0.03984375 0.03515625
2 0.68046875 0.43828125 0.04453125 0.034375
2 0.56640625 0.40234375 0.025 0.028125
2 0.43671875 0.425 0.034375 0.0390625
2 0.43828125 0.484375 0.0390625 0.0359375
2 0.5203125 0.50625 0.0484375 0.04375
2 0.540625 0.56953125 0.02421875 0.02890625
2 0.56015625 0.68359375 0.03671875 0.040625
2 0.4734375 0.57734375 0.05703125 0.04375
2 0.41328125 0.6109375 0.04609375 0.0375
2 0.4046875 0.5328125 0.0234375 0.01953125
2 0.3859375 0.50859375 0.03046875 0.0296875
2 0.3421875 0.5390625 0.02890625 0.025