2 0.71484375 0.871875 0.03671875 0.03359375
2 0.66015625 0.81953125 0.03359375 0.03359375
2 0.54453125 0.65546875 0.0203125 0.0203125
2 0.53671875 0.59765625 0.02578125 0.03046875
2 0.60078125 0.58046875 0.03203125 0.03046875
2 0.5046875 0.61484375 0.04296875 0.03828125
2 0.4859375 0.55546875 0.0375 0.03359375
2 0.4265625 0.56484375 0.04296875 0.0375
2 0.5015625 0.47734375 0.03984375 0.03671875
2 0.56953125 0.46015625 0.03671875 0.021875
2 0.6828125 0.44296875 0.03671875 0.02734375
2 0.5828125 0.53671875 0.06328125 0.046875
2 0.43359375 0.32265625 0.04375 0.0453125
2 0.51015625 0.23515625 0.03671875 0.04296875
2 0.4046875 0.4390625 0.03125 0.03203125
2 0.7734375 0.12734375 0.02109375 0.02734375
2 0.75546875 0.1578125 0.01875 0.02578125
2 0.5140625 0.1703125 0.03359375 0.03359375
2 0.44296875 0.12890625 0.04453125 0.0296875
2 0.32734375 0.10390625 0.03203125 0.03046875
2 0.34453125 0.04375 0.03359375 0.0453125
2 0.36796875 0.01484375 0.0203125 0.0234375
2 0.57109375 0.5953125 0.021875 0.02421875
2 0.31796875 0.015625 0.021875 0.0171875
2 0.3375 0.34375 0.025 0.03359375