2 0.28515625 0.871875 0.03671875 0.03359375
2 0.33984375 0.81953125 0.03359375 0.03359375
2 0.45546875 0.65546875 0.0203125 0.0203125
2 0.46328125 0.59765625 0.02578125 0.03046875
2 0.39921875 0.58046875 0.03203125 0.03046875
2 0.4953125 0.61484375 0.04296875 0.03828125
2 0.5140625 0.55546875 0.0375 0.03359375
2 0.5734375 0.56484375 0.04296875 0.0375
2 0.4984375 0.47734375 0.03984375 0.03671875
2 0.43046875 0.46015625 0.03671875 0.021875
2 0.3171875 0.44296875 0.03671875 0.02734375
2 0.4171875 0.53671875 0.06328125 0.046875
2 0.56640625 0.32265625 0.04375 0.0453125
2 0.48984375 0.23515625 0.03671875 0.04296875
2 0.5953125 0.4390625 0.03125 0.03203125
2 0.2265625 0.12734375 0.02109375 0.02734375
2 0.24453125 0.1578125 0.01875 0.02578125
2 0.4859375 0.1703125 0.03359375 0.03359375
2 0.55703125 0.12890625 0.04453125 0.0296875
2 0.67265625 0.10390625 0.03203125 0.03046875
2 0.65546875 0.04375 0.03359375 0.0453125
2 0.63203125 0.01484375 0.0203125 0.0234375
2 0.42890625 0.5953125 0.021875 0.02421875
2 0.68203125 0.015625 0.021875 0.0171875
2 0.6625 0.34375 0.025 0.03359375