2 0.95390625 0.921875 0.0390625 0.08203125
2 0.94453125 0.75234375 0.03125 0.04609375
2 0.0828125 0.6421875 0.03359375 0.0453125
2 0.9875 0.9375 0.025 0.0625
2 0.0765625 0.3171875 0.03203125 0.0421875
2 0.90703125 0.70625 0.0296875 0.0390625
2 0.46875 0.1046875 0.03203125 0.03984375
2 0.2203125 0.88046875 0.0265625 0.034375
2 0.80859375 0.41328125 0.03046875 0.0390625
2 0.02421875 0.12265625 0.02734375 0.034375
2 0.07265625 0.8015625 0.02890625 0.034375
2 0.25234375 0.82421875 0.0234375 0.0296875
2 0.4390625 0.8828125 0.02421875 0.03046875
2 0.28671875 0.01640625 0.02265625 0.02578125
2 0.73515625 0.30703125 0.0203125 0.02578125
2 0.45546875 0.91796875 0.01953125 0.02265625
2 0.49140625 0.27890625 0.0296875 0.0234375
2 0.02265625 0.8703125 0.0203125 0.0265625
2 0.96953125 0.0203125 0.040625 0.03828125
2 0.17109375 0.4234375 0.01875 0.02421875
2 0.82734375 0.0296875 0.02890625 0.053125
2 0.20234375 0.44453125 0.01875 0.02421875
2 0.50234375 0.4078125 0.01875 0.0234375