2 0.45859375 0.26953125 0.03359375 0.04921875
2 0.08046875 0.51328125 0.03984375 0.04921875
2 0.7078125 0.5015625 0.04609375 0.0796875
2 0.55 0.22109375 0.03125 0.04921875
2 0.6578125 0.153125 0.03671875 0.04140625
2 0.11171875 0.45703125 0.03203125 0.03828125
2 0.44140625 0.54375 0.03125 0.04375
2 0.15625 0.15546875 0.03046875 0.0359375
2 0.39296875 0.959375 0.025 0.03984375
2 0.18515625 0.15625 0.0296875 0.03515625
2 0.490625 0.22734375 0.028125 0.03671875
2 0.09453125 0.340625 0.03125 0.04375
2 0.36484375 0.703125 0.021875 0.03046875
2 0.1203125 0.57890625 0.01875 0.025