2 0.86015625 0.375 0.034375 0.04765625
2 0.44140625 0.73203125 0.03984375 0.0484375
2 0.29375 0.5046875 0.034375 0.0453125
2 0.7265625 0.4875 0.03203125 0.04453125
2 0.1328125 0.9234375 0.0328125 0.04375
2 0.46328125 0.85703125 0.03359375 0.040625
2 0.68671875 0.9515625 0.0328125 0.040625
2 0.50859375 0.40234375 0.03046875 0.03828125
2 0.23046875 0.04921875 0.034375 0.03828125
2 0.06640625 0.98125 0.0203125 0.02734375
2 0.896875 0.6609375 0.02734375 0.03671875
2 0.5328125 0.14765625 0.025 0.03046875
2 0.1078125 0.98828125 0.02578125 0.02265625
2 0.55234375 0.25 0.03046875 0.0375
2 0.54609375 0.4578125 0.02578125 0.034375
2 0.73046875 0.80625 0.01953125 0.025
2 0.796875 0.990625 0.02109375 0.015625
2 0.88984375 0.5015625 0.01875 0.02578125
2 0.8859375 0.19140625 0.021875 0.02890625
2 0.02265625 0.98125 0.02265625 0.03671875