2 0.9015625 0.74921875 0.03984375 0.0484375
2 0.965625 0.70625 0.05234375 0.07578125
2 0.86953125 0.725 0.0296875 0.046875
2 0.9890625 0.528125 0.0203125 0.0375
2 0.51015625 0.95546875 0.02734375 0.03515625
2 0.55390625 0.759375 0.02578125 0.03203125
2 0.4859375 0.328125 0.0328125 0.03671875
2 0.8296875 0.634375 0.0296875 0.03828125
2 0.78046875 0.5875 0.028125 0.0359375
2 0.37265625 0.81875 0.01796875 0.025
2 0.05703125 0.9015625 0.02265625 0.02890625
2 0.58828125 0.59296875 0.021875 0.0296875
2 0.4296875 0.85625 0.01953125 0.025
2 0.5921875 0.84453125 0.02265625 0.0265625
2 0.79609375 0.47578125 0.028125 0.0359375
2 0.75078125 0.32890625 0.015625 0.02890625
2 0.77734375 0.3734375 0.01328125 0.02734375