2 0.76640625 0.76640625 0.03828125 0.059375
2 0.2890625 0.52578125 0.0296875 0.04375
2 0.78046875 0.41171875 0.03828125 0.06875
2 0.7484375 0.675 0.03203125 0.0484375
2 0.75078125 0.36796875 0.0328125 0.05234375
2 0.7984375 0.053125 0.028125 0.040625
2 0.30546875 0.67109375 0.03046875 0.04453125
2 0.403125 0.72265625 0.028125 0.04375
2 0.7109375 0.91953125 0.0296875 0.04140625
2 0.4875 0.34765625 0.03125 0.04140625
2 0.790625 0.15 0.01796875 0.0328125
2 0.5609375 0.59296875 0.02109375 0.03125
2 0.38359375 0.67109375 0.03046875 0.040625
2 0.82109375 0.18203125 0.01875 0.028125
2 0.76015625 0.1015625 0.0328125 0.0546875
2 0.63515625 0.38828125 0.0265625 0.0375
2 0.4265625 0.753125 0.0234375 0.0375
2 0.98515625 0.42109375 0.01640625 0.02578125
2 0.75234375 0.846875 0.0234375 0.03359375
2 0.01640625 0.5421875 0.02734375 0.0390625
2 0.30078125 0.76171875 0.02421875 0.0375
2 0.584375 0.775 0.028125 0.03515625
2 0.5953125 0.54609375 0.01875 0.02578125
2 0.56796875 0.978125 0.03515625 0.0390625
2 0.984375 0.29140625 0.01953125 0.03046875