2 0.846875 0.10078125 0.03671875 0.078125
2 0.27734375 0.6609375 0.0359375 0.05
2 0.6703125 0.5796875 0.040625 0.0640625
2 0.63203125 0.51484375 0.0296875 0.03828125
2 0.47578125 0.4234375 0.03359375 0.040625
2 0.6234375 0.96015625 0.0234375 0.02890625
2 0.1375 0.23203125 0.01953125 0.0296875
2 0.553125 0.42265625 0.02109375 0.0265625
2 0.6078125 0.359375 0.021875 0.0265625
2 0.30234375 0.3109375 0.02109375 0.02421875
2 0.5890625 0.77109375 0.0140625 0.0296875
2 0.559375 0.6625 0.01640625 0.02890625