2 0.6015625 0.54609375 0.0375 0.05078125
2 0.01640625 0.44375 0.03125 0.0453125
2 0.759375 0.19765625 0.03125 0.040625
2 0.853125 0.665625 0.053125 0.08515625
2 0.34609375 0.94375 0.02265625 0.04375
2 0.63203125 0.5046875 0.028125 0.0359375
2 0.9546875 0.4421875 0.02421875 0.034375
2 0.803125 0.6421875 0.03671875 0.05859375
2 0.4078125 0.8890625 0.01640625 0.021875
2 0.7984375 0.4578125 0.02734375 0.0390625
2 0.30234375 0.296875 0.025 0.03203125
2 0.65859375 0.5390625 0.02734375 0.03671875
2 0.084375 0.4546875 0.02890625 0.034375
2 0.078125 0.865625 0.02109375 0.0296875
2 0.91015625 0.34453125 0.025 0.0359375
2 0.759375 0.12265625 0.028125 0.03671875
2 0.36796875 0.89765625 0.01875 0.0328125
2 0.81015625 0.3203125 0.025 0.03515625
2 0.390625 0.8578125 0.015625 0.025
2 0.89296875 0.3546875 0.0203125 0.02890625
2 0.6640625 0.5796875 0.0203125 0.02734375
2 0.42578125 0.40703125 0.01875 0.028125
2 0.9203125 0.4515625 0.02109375 0.02890625
2 0.04921875 0.8265625 0.01953125 0.02578125
2 0.60703125 0.9125 0.0203125 0.0265625
2 0.43359375 0.4578125 0.0234375 0.03515625