2 0.47578125 0.690625 0.04375 0.06171875
2 0.35625 0.8578125 0.0421875 0.0609375
2 0.109375 0.42421875 0.0296875 0.04609375
2 0.02265625 0.49453125 0.034375 0.053125
2 0.14453125 0.45078125 0.028125 0.04453125
2 0.52890625 0.29296875 0.03984375 0.0546875
2 0.86796875 0.9515625 0.0328125 0.04296875
2 0.85859375 0.63828125 0.03359375 0.04140625
2 0.2625 0.353125 0.0296875 0.03984375
2 0.9015625 0.82421875 0.03125 0.0421875
2 0.21953125 0.31796875 0.021875 0.02890625
2 0.5671875 0.61796875 0.02890625 0.03671875
2 0.2953125 0.27578125 0.02265625 0.0296875
2 0.8078125 0.3875 0.02265625 0.0328125
2 0.2984375 0.75 0.0203125 0.03203125
2 0.37265625 0.9390625 0.01953125 0.02421875
2 0.03046875 0.9921875 0.0171875 0.0140625
2 0.3484375 0.525 0.02109375 0.02265625
2 0.9515625 0.63515625 0.0265625 0.03671875
2 0.03125 0.834375 0.01796875 0.025
2 0.2828125 0.88203125 0.01875 0.02421875
2 0.71015625 0.040625 0.034375 0.04375
2 0.88359375 0.546875 0.03046875 0.0390625