2 0.84921875 0.29453125 0.05390625 0.0890625
2 0.978125 0.02421875 0.034375 0.04765625
2 0.48125 0.25546875 0.0359375 0.05546875
2 0.73515625 0.51484375 0.046875 0.06328125
2 0.74375 0.71328125 0.034375 0.0453125
2 0.02734375 0.971875 0.03359375 0.046875
2 0.94609375 0.5109375 0.02890625 0.03984375
2 0.56953125 0.4109375 0.03203125 0.0546875
2 0.55078125 0.20390625 0.0203125 0.03046875
2 0.6890625 0.8546875 0.0265625 0.0359375
2 0.68515625 0.24765625 0.02734375 0.03671875
2 0.69140625 0.46171875 0.02265625 0.034375
2 0.6015625 0.2734375 0.02578125 0.02421875