2 0.03515625 0.05078125 0.0359375 0.04765625
2 0.6140625 0.6390625 0.0375 0.05703125
2 0.76328125 0.76640625 0.03359375 0.04453125
2 0.32109375 0.3796875 0.02890625 0.0390625
2 0.096875 0.23984375 0.02578125 0.034375
2 0.10625 0.12109375 0.01953125 0.03203125
2 0.22734375 0.5484375 0.0296875 0.03828125
2 0.82578125 0.52578125 0.02734375 0.0390625
2 0.10078125 0.16171875 0.0203125 0.03203125
2 0.540625 0.19140625 0.02578125 0.03203125
2 0.115625 0.05546875 0.01875 0.0328125
2 0.1515625 0.40859375 0.02109375 0.02578125
2 0.06640625 0.41484375 0.0203125 0.03046875