2 0.94765625 0.9578125 0.03046875 0.04140625
2 0.0640625 0.5359375 0.0390625 0.05546875
2 0.46015625 0.35390625 0.03125 0.0421875
2 0.63515625 0.640625 0.0390625 0.0515625
2 0.1609375 0.65625 0.03046875 0.04296875
2 0.54765625 0.5421875 0.03125 0.04375
2 0.346875 0.2796875 0.03359375 0.053125
2 0.196875 0.2765625 0.028125 0.040625
2 0.31640625 0.15390625 0.02890625 0.03984375
2 0.234375 0.6796875 0.0296875 0.040625
2 0.17890625 0.21171875 0.03046875 0.0453125
2 0.06796875 0.13125 0.0328125 0.0421875
2 0.521875 0.29921875 0.028125 0.03671875
2 0.3765625 0.20078125 0.028125 0.03984375
2 0.04609375 0.30625 0.02734375 0.03671875
2 0.25 0.321875 0.02890625 0.03828125
2 0.01015625 0.47421875 0.0203125 0.0453125
2 0.85078125 0.73828125 0.02734375 0.0375
2 0.97421875 0.94453125 0.0234375 0.0328125
2 0.278125 0.16953125 0.0265625 0.03984375
2 0.8765625 0.6671875 0.021875 0.03046875
2 0.1578125 0.76171875 0.0234375 0.02734375
2 0.2515625 0.14375 0.021875 0.0359375
2 0.36796875 0.1 0.02734375 0.05234375
2 0.74296875 0.69609375 0.01953125 0.02421875
2 0.446875 0.1765625 0.025 0.03359375
2 0.790625 0.4921875 0.02265625 0.02890625
2 0.9890625 0.415625 0.01484375 0.028125
2 0.00703125 0.29453125 0.0140625 0.0265625
2 0.35390625 0.15546875 0.01875 0.03828125
2 0.44296875 0.86015625 0.0265625 0.03515625
2 0.5375 0.9390625 0.02109375 0.0265625
2 0.37578125 0.32421875 0.0234375 0.034375
2 0.0359375 0.40078125 0.02578125 0.0328125
2 0.40078125 0.496875 0.025 0.03671875