2 0.20390625 0.07265625 0.03515625 0.04609375
2 0.55546875 0.36640625 0.04375 0.075
2 0.29921875 0.7671875 0.02890625 0.03984375
2 0.3609375 0.61796875 0.03125 0.03515625
2 0.9609375 0.8 0.0296875 0.03671875
2 0.95390625 0.3484375 0.0203125 0.02734375
2 0.0546875 0.2890625 0.021875 0.02578125
2 0.64140625 0.57265625 0.02109375 0.02421875
2 0.571875 0.48046875 0.02109375 0.02890625
2 0.45625 0.11875 0.021875 0.0234375
2 0.9796875 0.67109375 0.01953125 0.02421875
2 0.61796875 0.62109375 0.01796875 0.02578125
2 0.90390625 0.47578125 0.01796875 0.02421875
2 0.61640625 0.58359375 0.01875 0.0234375