2 0.05859375 0.64296875 0.03359375 0.0546875
2 0.6421875 0.33671875 0.03046875 0.0421875
2 0.95 0.246875 0.040625 0.0625
2 0.47109375 0.30625 0.034375 0.06171875
2 0.034375 0.9484375 0.03203125 0.05
2 0.4328125 0.309375 0.0375 0.0515625
2 0.015625 0.03984375 0.02265625 0.028125
2 0.63203125 0.46875 0.0234375 0.0296875
2 0.34375 0.88359375 0.01953125 0.02734375
2 0.32734375 0.63203125 0.01953125 0.0234375
2 0.8703125 0.85703125 0.0296875 0.0375
2 0.82109375 0.6765625 0.025 0.03046875
2 0.75390625 0.2828125 0.028125 0.0359375
2 0.4078125 0.775 0.028125 0.03828125
2 0.76484375 0.48359375 0.02265625 0.03046875
2 0.49609375 0.14609375 0.025 0.03125
2 0.33125 0.6640625 0.0203125 0.0265625
2 0.7828125 0.5265625 0.0234375 0.03125
2 0.22578125 0.3265625 0.0234375 0.02890625
2 0.22421875 0.68125 0.01953125 0.02578125
2 0.87109375 0.23125 0.025 0.03125
2 0.14453125 0.6984375 0.01796875 0.0234375
2 0.853125 0.3140625 0.01875 0.025
2 0.92890625 0.32734375 0.0203125 0.0265625
2 0.521875 0.0875 0.028125 0.0359375
2 0.76328125 0.2515625 0.0296875 0.03203125
2 0.48125 0.475 0.02109375 0.028125
2 0.2078125 0.76015625 0.01484375 0.01796875
2 0.959375 0.6265625 0.028125 0.0328125
2 0.146875 0.23671875 0.02265625 0.0359375
2 0.33203125 0.72265625 0.01953125 0.03203125
2 0.58046875 0.20625 0.02265625 0.028125
2 0.1875 0.02578125 0.02265625 0.034375
2 0.459375 0.37734375 0.025 0.03671875
2 0.69453125 0.4859375 0.01875 0.0265625
2 0.34765625 0.81875 0.01796875 0.01953125
2 0.01953125 0.953125 0.0234375 0.04296875
2 0.77578125 0.18359375 0.01953125 0.0328125
2 0.78984375 0.225 0.0171875 0.03828125
2 0.84375 0.93984375 0.01953125 0.02265625
2 0.98671875 0.01953125 0.02421875 0.0390625