2 0.715625 0.43828125 0.04609375 0.06015625
2 0.04765625 0.9703125 0.03359375 0.04609375
2 0.54140625 0.74921875 0.03515625 0.04375
2 0.64765625 0.43046875 0.03125 0.04140625
2 0.25859375 0.89765625 0.03359375 0.04453125
2 0.06015625 0.42890625 0.03203125 0.03984375
2 0.33671875 0.59765625 0.034375 0.0421875
2 0.18046875 0.18828125 0.03203125 0.04296875
2 0.75859375 0.20078125 0.03125 0.046875
2 0.215625 0.790625 0.02109375 0.0265625
2 0.4375 0.6421875 0.021875 0.028125
2 0.646875 0.79921875 0.025 0.03046875
2 0.51015625 0.5015625 0.03046875 0.0375
2 0.1203125 0.03203125 0.03046875 0.03828125
2 0.00625 0.98828125 0.01171875 0.01875
2 0.53515625 0.96015625 0.0234375 0.028125
2 0.24140625 0.79765625 0.02265625 0.02734375
2 0.671875 0.5171875 0.0203125 0.0296875
2 0.21796875 0.02578125 0.03984375 0.0453125
2 0.01015625 0.71328125 0.0171875 0.0296875
2 0.78359375 0.2046875 0.0171875 0.04140625
2 0.08515625 0.9203125 0.0171875 0.021875
2 0.88203125 0.840625 0.01953125 0.02734375
2 0.575 0.54765625 0.021875 0.03203125
2 0.26015625 0.0390625 0.01640625 0.078125
2 0.0140625 0.503125 0.0203125 0.0328125