2 0.5296875 0.3078125 0.0328125 0.0515625
2 0.1 0.24375 0.04609375 0.0640625
2 0.303125 0.7359375 0.03203125 0.04765625
2 0.13203125 0.73828125 0.03359375 0.046875
2 0.3859375 0.11640625 0.03125 0.04609375
2 0.1375 0.5625 0.05078125 0.090625
2 0.61328125 0.81328125 0.03125 0.0453125
2 0.578125 0.2984375 0.0453125 0.0859375
2 0.584375 0.4546875 0.025 0.03515625
2 0.07421875 0.053125 0.02578125 0.03828125
2 0.578125 0.12578125 0.0203125 0.0328125
2 0.37578125 0.8375 0.02109375 0.03515625
2 0.04609375 0.09140625 0.0171875 0.0265625
2 0.49296875 0.89375 0.021875 0.0296875
2 0.45 0.70546875 0.021875 0.028125
2 0.6125 0.98828125 0.0203125 0.0203125
2 0.98671875 0.35859375 0.01875 0.02734375
2 0.403125 0.3640625 0.02109375 0.028125
2 0.34296875 0.709375 0.01953125 0.03359375
2 0.56484375 0.67578125 0.025 0.034375
2 0.58984375 0.5015625 0.01796875 0.02734375
2 0.49921875 0.753125 0.0171875 0.02578125