2 0.61796875 0.90234375 0.03359375 0.04375
2 0.9796875 0.8484375 0.03671875 0.07890625
2 0.83671875 0.96953125 0.04375 0.05078125
2 0.56015625 0.38125 0.02734375 0.03671875
2 0.68046875 0.809375 0.02109375 0.0296875
2 0.2828125 0.65078125 0.021875 0.02890625
2 0.3328125 0.63203125 0.0203125 0.028125
2 0.32734375 0.37421875 0.02109375 0.02578125
2 0.34765625 0.86015625 0.02734375 0.03828125
2 0.60390625 0.3421875 0.02109375 0.0296875
2 0.753125 0.65 0.0234375 0.03046875
2 0.628125 0.97421875 0.0203125 0.0265625
2 0.35390625 0.33203125 0.02265625 0.02421875
2 0.7578125 0.3390625 0.0234375 0.0328125
2 0.17421875 0.1109375 0.025 0.0375
2 0.703125 0.078125 0.02578125 0.03125
2 0.3 0.9421875 0.01640625 0.02421875
2 0.09765625 0.509375 0.01875 0.0265625
2 0.58828125 0.31171875 0.0234375 0.03046875
2 0.3046875 0.35859375 0.01796875 0.02265625
2 0.96015625 0.7296875 0.01796875 0.0265625
2 0.5609375 0.4265625 0.0203125 0.0328125
2 0.84375 0.3828125 0.01796875 0.02734375
2 0.6640625 0.203125 0.021875 0.03046875
2 0.2 0.646875 0.01796875 0.02421875
2 0.2296875 0.6140625 0.01640625 0.021875
2 0.4921875 0.2453125 0.0203125 0.02734375
2 0.57734375 0.54375 0.01953125 0.0203125
2 0.703125 0.21484375 0.0203125 0.02421875