2 0.971875 0.82109375 0.05546875 0.08671875
2 0.74296875 0.96640625 0.0421875 0.0546875
2 0.44375 0.5625 0.0390625 0.0453125
2 0.6296875 0.3296875 0.034375 0.03984375
2 0.77734375 0.05390625 0.03359375 0.0421875
2 0.49140625 0.4609375 0.0296875 0.03671875
2 0.0125 0.79375 0.0203125 0.03125
2 0.22265625 0.44375 0.03203125 0.03984375
2 0.190625 0.5640625 0.02109375 0.0296875
2 0.053125 0.74453125 0.01953125 0.025
2 0.56640625 0.68984375 0.0234375 0.02890625
2 0.625 0.75546875 0.0234375 0.03046875
2 0.51875 0.49296875 0.021875 0.025
2 0.69609375 0.42109375 0.02890625 0.0328125
2 0.10703125 0.87421875 0.0234375 0.03359375
2 0.6453125 0.69296875 0.0234375 0.02890625
2 0.00859375 0.33046875 0.01640625 0.04140625
2 0.25 0.4953125 0.01640625 0.02421875
2 0.825 0.85546875 0.02109375 0.025
2 0.659375 0.784375 0.01875 0.02734375
2 0.4734375 0.52265625 0.01796875 0.02109375
2 0.34375 0.27421875 0.03046875 0.03515625
2 0.80625 0.86953125 0.0140625 0.02734375