2 0.1953125 0.9546875 0.034375 0.046875
2 0.74375 0.61484375 0.03359375 0.04765625
2 0.675 0.6640625 0.0453125 0.0859375
2 0.77109375 0.4296875 0.0296875 0.04140625
2 0.95703125 0.9203125 0.0296875 0.05546875
2 0.834375 0.77890625 0.0296875 0.03984375
2 0.34765625 0.1453125 0.02578125 0.03203125
2 0.9203125 0.903125 0.03203125 0.046875
2 0.66328125 0.525 0.02578125 0.034375
2 0.659375 0.4875 0.02734375 0.03359375
2 0.3609375 0.30390625 0.02890625 0.0359375
2 0.01171875 0.17734375 0.021875 0.0375
2 0.796875 0.459375 0.021875 0.0359375
2 0.38828125 0.1109375 0.02421875 0.03203125
2 0.43359375 0.68203125 0.01953125 0.02734375
2 0.46640625 0.10234375 0.028125 0.03359375
2 0.4796875 0.86875 0.02109375 0.02578125
2 0.78828125 0.98046875 0.0203125 0.025
2 0.25234375 0.65 0.021875 0.02890625
2 0.9140625 0.80390625 0.01953125 0.02734375
2 0.625 0.51328125 0.02265625 0.03203125
2 0.7140625 0.39296875 0.01796875 0.02421875
2 0.68203125 0.48984375 0.01796875 0.02109375
2 0.98515625 0.92890625 0.01953125 0.05078125
2 0.440625 0.63828125 0.01875 0.021875
2 0.3109375 0.2234375 0.01796875 0.021875
2 0.4828125 0.528125 0.03046875 0.03828125
2 0.79296875 0.33828125 0.01953125 0.02578125
2 0.26328125 0.471875 0.0203125 0.02421875
2 0.60859375 0.1109375 0.0203125 0.02734375
2 0.32109375 0.32578125 0.0171875 0.01953125
2 0.6625 0.37734375 0.0265625 0.0328125
2 0.71171875 0.20625 0.01640625 0.0328125
2 0.54453125 0.65390625 0.01640625 0.02890625