2 0.4265625 0.72109375 0.053125 0.0828125
2 0.903125 0.61484375 0.0328125 0.04765625
2 0.69921875 0.58828125 0.04140625 0.059375
2 0.88359375 0.2078125 0.0296875 0.03984375
2 0.475 0.37421875 0.03359375 0.04375
2 0.2453125 0.98125 0.028125 0.0359375
2 0.9703125 0.6046875 0.0265625 0.03125
2 0.928125 0.20390625 0.02421875 0.03671875
2 0.371875 0.82265625 0.021875 0.03125
2 0.68359375 0.8625 0.02109375 0.028125
2 0.371875 0.87890625 0.021875 0.0296875
2 0.6453125 0.93671875 0.02265625 0.02578125
2 0.43125 0.91640625 0.01953125 0.028125
2 0.59453125 0.646875 0.01953125 0.025
2 0.6265625 0.20390625 0.0265625 0.034375
2 0.45546875 0.45625 0.01875 0.02578125
2 0.02265625 0.71640625 0.021875 0.021875
2 0.7453125 0.6890625 0.0171875 0.0203125
2 0.809375 0.32890625 0.0203125 0.02734375
2 0.74140625 0.3046875 0.02109375 0.03046875
2 0.40859375 0.971875 0.025 0.03203125
2 0.73828125 0.6390625 0.0203125 0.025
2 0.81328125 0.50234375 0.01875 0.028125
2 0.54921875 0.6109375 0.025 0.03515625
2 0.39765625 0.971875 0.01796875 0.02578125
2 0.99375 0.21953125 0.0125 0.028125
2 0.8796875 0.7015625 0.01875 0.0265625
2 0.59375 0.67265625 0.01015625 0.02578125