2 0.53828125 0.8671875 0.03671875 0.04609375
2 0.20390625 0.73671875 0.03203125 0.04140625
2 0.78203125 0.24375 0.0359375 0.0515625
2 0.18046875 0.40703125 0.03359375 0.04453125
2 0.03359375 0.32109375 0.02578125 0.03828125
2 0.94609375 0.71796875 0.03125 0.040625
2 0.4546875 0.83671875 0.025 0.02890625
2 0.384375 0.81953125 0.02109375 0.0265625
2 0.334375 0.81640625 0.01953125 0.0265625
2 0.121875 0.91171875 0.02578125 0.03515625
2 0.9015625 0.98515625 0.03046875 0.0296875
2 0.91640625 0.478125 0.03359375 0.0390625
2 0.10078125 0.3265625 0.0203125 0.0265625
2 0.30234375 0.1921875 0.03203125 0.0421875
2 0.728125 0.44453125 0.02265625 0.0328125
2 0.7828125 0.78359375 0.02109375 0.0296875
2 0.77421875 0.2984375 0.03046875 0.03515625
2 0.121875 0.7921875 0.01875 0.02421875
2 0.13984375 0.7609375 0.01796875 0.02421875
2 0.3421875 0.29296875 0.01875 0.025
2 0.15234375 0.98984375 0.0171875 0.01484375
2 0.853125 0.5671875 0.02734375 0.02578125
2 0.8828125 0.603125 0.021875 0.02734375
2 0.30625 0.9046875 0.01640625 0.01953125
2 0.59296875 0.734375 0.02109375 0.025
2 0.453125 0.24609375 0.01328125 0.02734375
2 0.953125 0.87109375 0.0125 0.02109375