2 0.58828125 0.925 0.05390625 0.09140625
2 0.0140625 0.8234375 0.02734375 0.05078125
2 0.1671875 0.33046875 0.0296875 0.04140625
2 0.44609375 0.528125 0.03828125 0.05703125
2 0.65546875 0.5140625 0.0390625 0.0625
2 0.73515625 0.39609375 0.03671875 0.05390625
2 0.853125 0.97109375 0.04140625 0.0578125
2 0.09609375 0.7765625 0.04609375 0.0890625
2 0.0921875 0.253125 0.03046875 0.03984375
2 0.346875 0.65234375 0.0296875 0.03984375
2 0.13046875 0.76171875 0.0359375 0.0578125
2 0.08359375 0.5015625 0.0296875 0.03828125
2 0.55078125 0.29609375 0.0265625 0.04140625
2 0.98515625 0.23203125 0.01875 0.02578125
2 0.8140625 0.38984375 0.0203125 0.02890625
2 0.98828125 0.521875 0.01640625 0.028125
2 0.175 0.61171875 0.0265625 0.03984375
2 0.77109375 0.8125 0.02734375 0.0359375
2 0.7625 0.2546875 0.02734375 0.034375
2 0.203125 0.321875 0.01875 0.02265625
2 0.5296875 0.33984375 0.021875 0.0359375
2 0.4984375 0.1203125 0.028125 0.04296875
2 0.2359375 0.50234375 0.02109375 0.03046875
2 0.49609375 0.62734375 0.02421875 0.0265625
2 0.015625 0.65078125 0.02265625 0.03125
2 0.65 0.34375 0.0203125 0.03046875
2 0.8140625 0.24921875 0.01875 0.02890625
2 0.68203125 0.1078125 0.025 0.03515625
2 0.9140625 0.225 0.01875 0.02578125
2 0.12890625 0.2078125 0.02734375 0.0328125
2 0.728125 0.68203125 0.0203125 0.028125
2 0.52109375 0.67578125 0.02421875 0.034375
2 0.28046875 0.98515625 0.02109375 0.028125