2 0.85703125 0.68125 0.03984375 0.05390625
2 0.98359375 0.328125 0.02890625 0.04921875
2 0.67265625 0.2359375 0.034375 0.0578125
2 0.565625 0.37265625 0.02578125 0.04453125
2 0.8671875 0.94453125 0.03203125 0.04140625
2 0.88125 0.2015625 0.0296875 0.0390625
2 0.72734375 0.66640625 0.02734375 0.0328125
2 0.5890625 0.340625 0.01875 0.0375
2 0.93828125 0.20078125 0.0375 0.03984375
2 0.128125 0.1046875 0.02265625 0.02734375
2 0.925 0.2015625 0.02578125 0.034375
2 0.16171875 0.32890625 0.01953125 0.028125
2 0.57109375 0.16796875 0.02421875 0.0328125
2 0.94375 0.1859375 0.025 0.03203125
2 0.853125 0.21640625 0.02109375 0.02734375
2 0.58671875 0.4265625 0.021875 0.0296875
2 0.5515625 0.46484375 0.02265625 0.02734375
2 0.16171875 0.99140625 0.0234375 0.0140625
2 0.2 0.3296875 0.01796875 0.025
2 0.7890625 0.15703125 0.01953125 0.0265625
2 0.990625 0.1234375 0.01875 0.03671875
2 0.0171875 0.66328125 0.01875 0.02265625