2 0.690625 0.1265625 0.03515625 0.0546875
2 0.8890625 0.69765625 0.03359375 0.04765625
2 0.53125 0.81171875 0.03125 0.046875
2 0.584375 0.4921875 0.0390625 0.0546875
2 0.375 0.51953125 0.02734375 0.04375
2 0.23671875 0.64765625 0.03046875 0.04140625
2 0.290625 0.46796875 0.03046875 0.0421875
2 0.50234375 0.4171875 0.021875 0.034375
2 0.4359375 0.84375 0.02890625 0.04296875
2 0.38671875 0.92109375 0.02734375 0.03984375
2 0.52734375 0.5578125 0.01953125 0.0328125
2 0.47734375 0.5984375 0.01875 0.0359375
2 0.50390625 0.69296875 0.01875 0.028125
2 0.775 0.03828125 0.02578125 0.0375
2 0.31875 0.9046875 0.02109375 0.03046875
2 0.515625 0.60625 0.01796875 0.034375
2 0.76640625 0.38046875 0.05 0.0828125
2 0.4734375 0.41640625 0.01796875 0.0265625
2 0.98515625 0.67421875 0.02109375 0.0390625
2 0.50078125 0.57265625 0.01640625 0.02265625
2 0.46640625 0.13203125 0.01796875 0.02265625
2 0.51953125 0.71484375 0.01875 0.0359375
2 0.46640625 0.09296875 0.01875 0.0234375
2 0.51328125 0.93359375 0.0171875 0.02890625
2 0.86875 0.43046875 0.05078125 0.184375