2 0.38984375 0.371875 0.0359375 0.0515625
2 0.33046875 0.81953125 0.03984375 0.05078125
2 0.2703125 0.77578125 0.0484375 0.08984375
2 0.7671875 0.42578125 0.0328125 0.0484375
2 0.36953125 0.575 0.040625 0.0703125
2 0.5921875 0.59609375 0.02890625 0.040625
2 0.103125 0.48515625 0.02890625 0.03984375
2 0.2125 0.17734375 0.0328125 0.0375
2 0.70390625 0.97265625 0.03203125 0.04140625
2 0.1671875 0.17890625 0.021875 0.03359375
2 0.9546875 0.93203125 0.0203125 0.02265625
2 0.825 0.31640625 0.0203125 0.02890625
2 0.80390625 0.984375 0.02265625 0.0234375
2 0.49609375 0.20234375 0.02265625 0.03359375
2 0.4828125 0.3484375 0.01953125 0.0328125
2 0.43515625 0.5359375 0.0203125 0.02578125