2 0.43984375 0.9578125 0.03515625 0.05
2 0.3203125 0.95234375 0.0390625 0.0546875
2 0.72265625 0.85078125 0.0359375 0.05234375
2 0.94609375 0.77734375 0.02734375 0.04296875
2 0.128125 0.68125 0.02890625 0.0375
2 0.9 0.68046875 0.03671875 0.0609375
2 0.84921875 0.7375 0.025 0.03359375
2 0.6296875 0.30859375 0.02265625 0.0296875
2 0.02734375 0.98671875 0.0265625 0.0234375
2 0.7546875 0.75625 0.01875 0.02421875
2 0.4765625 0.853125 0.02109375 0.0328125
2 0.5015625 0.45625 0.0234375 0.0359375
2 0.52578125 0.1921875 0.025 0.0359375
2 0.15703125 0.9234375 0.0234375 0.0296875
2 0.23515625 0.68671875 0.0234375 0.03046875
2 0.1078125 0.75625 0.01953125 0.0296875
2 0.921875 0.47890625 0.025 0.03359375
2 0.7 0.209375 0.03046875 0.03828125
2 0.42109375 0.70859375 0.01875 0.02265625
2 0.4953125 0.85859375 0.0203125 0.0265625
2 0.93984375 0.42109375 0.0203125 0.02734375
2 0.3140625 0.6578125 0.01953125 0.02578125
2 0.52265625 0.5328125 0.01953125 0.02734375