2 0.59609375 0.68671875 0.0375 0.04453125
2 0.040625 0.97734375 0.034375 0.0421875
2 0.228125 0.48515625 0.0359375 0.0484375
2 0.11953125 0.68359375 0.03984375 0.06484375
2 0.325 0.73671875 0.03046875 0.04296875
2 0.0546875 0.63203125 0.02734375 0.0390625
2 0.18046875 0.71015625 0.02734375 0.034375
2 0.78203125 0.675 0.0265625 0.03671875
2 0.5296875 0.76640625 0.02421875 0.0328125
2 0.41328125 0.3828125 0.02734375 0.03125
2 0.06015625 0.496875 0.03046875 0.03671875
2 0.7140625 0.73125 0.0234375 0.03359375
2 0.5546875 0.4890625 0.0296875 0.0390625
2 0.33828125 0.98984375 0.03359375 0.01796875
2 0.66640625 0.7125 0.0203125 0.02578125
2 0.28828125 0.784375 0.0296875 0.03359375
2 0.85234375 0.46953125 0.01875 0.021875
2 0.4 0.51015625 0.015625 0.02265625
2 0.4671875 0.6109375 0.0140625 0.0328125
2 0.2484375 0.75234375 0.01640625 0.02734375
2 0.11640625 0.58828125 0.01640625 0.034375
2 0.16640625 0.74765625 0.0125 0.02109375