2 0.2546875 0.821875 0.03828125 0.06171875
2 0.90625 0.509375 0.03203125 0.04453125
2 0.9390625 0.44453125 0.02578125 0.0375
2 0.59296875 0.5859375 0.03125 0.040625
2 0.43359375 0.8109375 0.0359375 0.04921875
2 0.13984375 0.5375 0.021875 0.03046875
2 0.6046875 0.6421875 0.02421875 0.03046875
2 0.52578125 0.84453125 0.0421875 0.07890625
2 0.7890625 0.5421875 0.025 0.03125
2 0.60859375 0.69609375 0.01875 0.0265625
2 0.771875 0.959375 0.02890625 0.03359375
2 0.4734375 0.41171875 0.02109375 0.02578125
2 0.465625 0.81484375 0.0390625 0.08203125
2 0.46640625 0.9875 0.01796875 0.02109375
2 0.38828125 0.52734375 0.02109375 0.025
2 0.840625 0.346875 0.03125 0.03671875
2 0.42265625 0.64140625 0.01875 0.02734375
2 0.41796875 0.30390625 0.02734375 0.03359375
2 0.66015625 0.7046875 0.01796875 0.02578125
2 0.9671875 0.45703125 0.0203125 0.02578125
2 0.7484375 0.41484375 0.01640625 0.0328125