2 0.1140625 0.86328125 0.05703125 0.0796875
2 0.29140625 0.61953125 0.03515625 0.04765625
2 0.0578125 0.40703125 0.0375 0.05078125
2 0.30390625 0.7828125 0.03359375 0.04609375
2 0.7125 0.8703125 0.034375 0.05234375
2 0.40859375 0.934375 0.06015625 0.0890625
2 0.94765625 0.59296875 0.0296875 0.04609375
2 0.1125 0.3453125 0.0375 0.0484375
2 0.57421875 0.77265625 0.02890625 0.03984375
2 0.01875 0.35859375 0.025 0.03203125
2 0.9546875 0.42890625 0.0234375 0.0328125
2 0.56640625 0.68515625 0.0265625 0.040625
2 0.734375 0.41953125 0.025 0.03359375
2 0.9453125 0.7765625 0.02421875 0.03046875
2 0.46640625 0.63828125 0.025 0.03671875
2 0.7484375 0.8328125 0.01953125 0.02890625
2 0.2265625 0.48125 0.02421875 0.03046875
2 0.4203125 0.60859375 0.01953125 0.02578125
2 0.56875 0.6359375 0.01953125 0.0234375
2 0.90078125 0.4625 0.01875 0.02578125