2 0.46484375 0.45390625 0.0453125 0.06796875
2 0.64453125 0.7671875 0.03359375 0.0484375
2 0.0484375 0.30703125 0.04140625 0.053125
2 0.0296875 0.703125 0.0328125 0.04375
2 0.43359375 0.5671875 0.0328125 0.04375
2 0.12421875 0.19609375 0.03828125 0.059375
2 0.43984375 0.26640625 0.03125 0.04296875
2 0.1421875 0.84375 0.03984375 0.06171875
2 0.7 0.784375 0.0296875 0.0421875
2 0.0828125 0.22109375 0.034375 0.04375
2 0.575 0.58984375 0.03125 0.04453125
2 0.19140625 0.2296875 0.0375 0.04921875
2 0.15625 0.7203125 0.03671875 0.04921875
2 0.609375 0.6609375 0.02890625 0.03828125
2 0.240625 0.11640625 0.02734375 0.0390625
2 0.18359375 0.3609375 0.040625 0.06484375
2 0.30390625 0.15390625 0.02421875 0.0328125
2 0.71015625 0.275 0.03125 0.03828125
2 0.234375 0.515625 0.02890625 0.040625
2 0.3859375 0.18984375 0.034375 0.04609375
2 0.11875 0.76015625 0.03671875 0.08125
2 0.37109375 0.62890625 0.0265625 0.0390625
2 0.28359375 0.50234375 0.0296875 0.0390625
2 0.06953125 0.290625 0.0265625 0.0375
2 0.571875 0.35703125 0.02109375 0.02890625
2 0.20546875 0.640625 0.025 0.02734375
2 0.5234375 0.68203125 0.01953125 0.028125
2 0.740625 0.48828125 0.01953125 0.028125
2 0.11640625 0.65 0.0265625 0.025
2 0.18203125 0.83359375 0.02578125 0.03984375
2 0.63984375 0.6125 0.01796875 0.03046875
2 0.21796875 0.9109375 0.01875 0.028125
2 0.71640625 0.49453125 0.02265625 0.03046875
2 0.33359375 0.6046875 0.02421875 0.03359375
2 0.778125 0.3625 0.0203125 0.0265625
2 0.2625 0.56796875 0.0203125 0.034375
2 0.7359375 0.04921875 0.03046875 0.0359375
2 0.56171875 0.60078125 0.025 0.03515625
2 0.07890625 0.38359375 0.01953125 0.03203125
2 0.1421875 0.446875 0.01875 0.0234375