2 0.29140625 0.52421875 0.03359375 0.0484375
2 0.8203125 0.540625 0.03359375 0.04921875
2 0.0515625 0.4921875 0.040625 0.0515625
2 0.378125 0.940625 0.034375 0.06484375
2 0.69921875 0.559375 0.03359375 0.05
2 0.22890625 0.821875 0.0328125 0.04921875
2 0.596875 0.17890625 0.03671875 0.053125
2 0.74765625 0.8671875 0.0328125 0.05703125
2 0.39296875 0.08046875 0.03125 0.0453125
2 0.4125 0.178125 0.02734375 0.040625
2 0.865625 0.75625 0.02734375 0.03515625
2 0.75859375 0.6015625 0.02734375 0.03984375
2 0.49375 0.25703125 0.03515625 0.05703125
2 0.603125 0.93671875 0.02578125 0.034375
2 0.85546875 0.89375 0.0265625 0.034375
2 0.3859375 0.55078125 0.02578125 0.0375
2 0.62734375 0.3125 0.02109375 0.02734375
2 0.390625 0.31484375 0.01953125 0.0265625
2 0.8921875 0.2828125 0.01796875 0.02265625
2 0.27265625 0.625 0.02578125 0.0375
2 0.58984375 0.6609375 0.0203125 0.02578125
2 0.4453125 0.1015625 0.02578125 0.0421875
2 0.33984375 0.615625 0.01953125 0.0359375
2 0.4828125 0.71796875 0.0203125 0.02890625
2 0.41640625 0.4078125 0.0234375 0.03203125
2 0.34453125 0.66015625 0.02109375 0.0296875
2 0.74765625 0.35234375 0.01953125 0.02421875
2 0.42734375 0.4234375 0.01875 0.028125
2 0.82421875 0.325 0.01953125 0.0265625
2 0.41328125 0.08046875 0.0203125 0.03359375
2 0.43828125 0.19375 0.02421875 0.03984375
2 0.3640625 0.29609375 0.015625 0.0234375
2 0.01015625 0.20859375 0.01953125 0.03671875
2 0.57734375 0.1390625 0.0171875 0.0234375
2 0.5765625 0.01484375 0.0265625 0.0296875
2 0.821875 0.18828125 0.01796875 0.02421875
2 0.75390625 0.3171875 0.0171875 0.02265625
2 0.7859375 0.3609375 0.01484375 0.02265625
2 0.42578125 0.87265625 0.01953125 0.03046875
2 0.3609375 0.57734375 0.0171875 0.025
2 0.81953125 0.77890625 0.01796875 0.02734375
2 0.33984375 0.334375 0.0171875 0.02578125
2 0.81328125 0.2640625 0.01875 0.025
2 0.40390625 0.8203125 0.01953125 0.03203125
2 0.39140625 0.77265625 0.0171875 0.03125
2 0.48203125 0.6375 0.01328125 0.02578125
2 0.48984375 0.46484375 0.01015625 0.02734375