2 0.50546875 0.103125 0.03046875 0.046875
2 0.678125 0.04296875 0.0375 0.059375
2 0.475 0.96328125 0.03046875 0.05
2 0.48203125 0.74375 0.028125 0.0453125
2 0.55390625 0.32109375 0.03515625 0.0546875
2 0.471875 0.32109375 0.02734375 0.040625
2 0.4125 0.22265625 0.0390625 0.0671875
2 0.71015625 0.8046875 0.034375 0.053125
2 0.5015625 0.359375 0.034375 0.065625
2 0.73125 0.75078125 0.021875 0.03359375
2 0.4390625 0.85859375 0.025 0.0359375
2 0.51015625 0.70390625 0.02734375 0.0375
2 0.5015625 0.61484375 0.02890625 0.04140625
2 0.446875 0.5234375 0.03125 0.05390625
2 0.365625 0.096875 0.01953125 0.025
2 0.4671875 0.88984375 0.03046875 0.04375
2 0.025 0.30234375 0.028125 0.040625
2 0.05078125 0.0953125 0.02265625 0.03203125
2 0.48203125 0.0984375 0.0265625 0.04453125
2 0.71015625 0.04296875 0.02890625 0.04921875
2 0.38125 0.55 0.034375 0.05546875
2 0.503125 0.27421875 0.01953125 0.03046875
2 0.38984375 0.59453125 0.02109375 0.03671875
2 0.43671875 0.63828125 0.01953125 0.03203125
2 0.60078125 0.11171875 0.01875 0.02890625
2 0.62109375 0.6265625 0.021875 0.03359375
2 0.453125 0.25703125 0.01875 0.02890625
2 0.359375 0.646875 0.02578125 0.0359375
2 0.4875 0.19609375 0.01953125 0.0296875
2 0.4421875 0.9890625 0.0265625 0.02109375
2 0.3234375 0.40234375 0.0203125 0.03359375
2 0.84921875 0.69140625 0.02109375 0.03125
2 0.390625 0.41484375 0.02421875 0.03671875
2 0.09375 0.1046875 0.01875 0.0265625
2 0.4 0.85546875 0.021875 0.034375
2 0.46015625 0.61484375 0.01640625 0.02578125
2 0.06484375 0.840625 0.0296875 0.0359375
2 0.00859375 0.11875 0.01640625 0.04140625