2 0.41953125 0.384375 0.0515625 0.10078125
2 0.5125 0.4015625 0.034375 0.04921875
2 0.8609375 0.028125 0.040625 0.05625
2 0.375 0.1640625 0.02890625 0.0453125
2 0.371875 0.08203125 0.02578125 0.03828125
2 0.82578125 0.9046875 0.03046875 0.04375
2 0.975 0.29375 0.02421875 0.0421875
2 0.53671875 0.46484375 0.021875 0.03203125
2 0.903125 0.775 0.0265625 0.03671875
2 0.33515625 0.1609375 0.01953125 0.0265625
2 0.91796875 0.68828125 0.02734375 0.03515625
2 0.62734375 0.984375 0.0765625 0.03125
2 0.8 0.921875 0.01953125 0.02734375
2 0.85234375 0.98515625 0.02265625 0.0234375
2 0.828125 0.809375 0.01875 0.028125
2 0.85078125 0.74765625 0.021875 0.0265625
2 0.67734375 0.55234375 0.01953125 0.02890625
2 0.9359375 0.28125 0.015625 0.0203125