2 0.4921875 0.72890625 0.03828125 0.053125
2 0.44375 0.796875 0.03203125 0.04765625
2 0.91953125 0.91484375 0.03046875 0.04453125
2 0.590625 0.54921875 0.03671875 0.0625
2 0.5171875 0.3765625 0.0328125 0.040625
2 0.0140625 0.85 0.02734375 0.04765625
2 0.18515625 0.46328125 0.04453125 0.07265625
2 0.1828125 0.66171875 0.0328125 0.0421875
2 0.01953125 0.68125 0.02421875 0.03203125
2 0.34765625 0.2265625 0.03203125 0.0390625
2 0.903125 0.196875 0.02578125 0.03671875
2 0.63984375 0.7328125 0.021875 0.034375
2 0.78515625 0.14375 0.021875 0.0296875
2 0.04609375 0.67109375 0.01875 0.02734375
2 0.31640625 0.409375 0.02421875 0.0328125
2 0.63515625 0.690625 0.01953125 0.028125
2 0.3171875 0.290625 0.02265625 0.03515625
2 0.9234375 0.99140625 0.0234375 0.015625
2 0.5578125 0.67109375 0.021875 0.02734375
2 0.584375 0.20078125 0.0203125 0.03046875
2 0.00703125 0.89375 0.0140625 0.02734375
2 0.90234375 0.64609375 0.0203125 0.0265625
2 0.98359375 0.87890625 0.01640625 0.0234375
2 0.80390625 0.46953125 0.02109375 0.02890625
2 0.6171875 0.475 0.01875 0.02734375
2 0.0078125 0.73359375 0.0125 0.0203125
2 0.10703125 0.0453125 0.01875 0.025
2 0.81875 0.74921875 0.01875 0.0265625