2 0.83359375 0.47734375 0.040625 0.05546875
2 0.43515625 0.475 0.046875 0.0875
2 0.95625 0.40546875 0.03125 0.0421875
2 0.5203125 0.83828125 0.03125 0.046875
2 0.340625 0.8 0.0296875 0.04296875
2 0.0125 0.69921875 0.025 0.06171875
2 0.678125 0.665625 0.028125 0.04140625
2 0.74609375 0.90390625 0.03046875 0.04765625
2 0.815625 0.025 0.03203125 0.0375
2 0.96640625 0.85234375 0.02890625 0.0390625
2 0.2234375 0.7109375 0.028125 0.04296875
2 0.18515625 0.2296875 0.02109375 0.03046875
2 0.73984375 0.8609375 0.021875 0.0296875