2 0.91484375 0.03203125 0.05 0.0640625
2 0.39140625 0.4546875 0.04765625 0.06875
2 0.38359375 0.10078125 0.05 0.0859375
2 0.93203125 0.18671875 0.04140625 0.06796875
2 0.0515625 0.29921875 0.01953125 0.025
2 0.35390625 0.50234375 0.02890625 0.03828125
2 0.5984375 0.0828125 0.0203125 0.028125
2 0.09609375 0.20078125 0.021875 0.03359375
2 0.259375 0.103125 0.02265625 0.0359375
2 0.746875 0.58671875 0.03046875 0.03828125
2 0.03359375 0.25078125 0.01875 0.03046875
2 0.4328125 0.1671875 0.02109375 0.0296875
2 0.97578125 0.2359375 0.028125 0.04296875
2 0.98984375 0.3734375 0.0171875 0.0296875
2 0.5703125 0.07734375 0.01953125 0.02890625
2 0.62421875 0.38515625 0.025 0.02734375
2 0.0640625 0.2453125 0.0171875 0.02265625
2 0.47421875 0.75390625 0.02109375 0.02421875
2 0.54140625 0.2671875 0.00859375 0.02265625
2 0.67890625 0.26796875 0.01171875 0.02734375
2 0.19921875 0.47734375 0.0125 0.02265625