2 0.2421875 0.85546875 0.046875 0.0703125
2 0.7171875 0.64140625 0.04140625 0.05859375
2 0.47890625 0.6921875 0.0390625 0.053125
2 0.64375 0.784375 0.03515625 0.05
2 0.828125 0.6359375 0.03359375 0.04609375
2 0.409375 0.46171875 0.0328125 0.0421875
2 0.6953125 0.77421875 0.02890625 0.034375
2 0.92734375 0.3921875 0.01953125 0.02734375
2 0.59765625 0.70859375 0.021875 0.03046875
2 0.053125 0.98828125 0.028125 0.0234375
2 0.9640625 0.42421875 0.02109375 0.028125
2 0.896875 0.990625 0.03359375 0.015625
2 0.83828125 0.8296875 0.0296875 0.034375
2 0.34609375 0.9671875 0.03046875 0.04140625
2 0.4578125 0.87578125 0.0265625 0.03515625
2 0.34609375 0.3765625 0.02265625 0.03359375
2 0.2171875 0.51171875 0.028125 0.0359375
2 0.25078125 0.95625 0.0234375 0.03984375
2 0.35234375 0.9609375 0.0234375 0.0375
2 0.87578125 0.4671875 0.01875 0.034375
2 0.18671875 0.7375 0.02578125 0.03515625
2 0.1078125 0.9359375 0.0203125 0.02734375
2 0.334375 0.9765625 0.0234375 0.0328125
2 0.821875 0.9765625 0.01796875 0.02578125
2 0.22890625 0.6578125 0.0125 0.02421875
2 0.3484375 0.59453125 0.0171875 0.03984375