2 0.109375 0.43046875 0.03203125 0.04296875
2 0.36796875 0.4546875 0.03046875 0.05859375
2 0.87734375 0.51328125 0.0328125 0.05078125
2 0.7109375 0.31875 0.03359375 0.04609375
2 0.85625 0.309375 0.0265625 0.0328125
2 0.46484375 0.66875 0.03984375 0.07109375
2 0.47734375 0.33515625 0.02890625 0.04140625
2 0.07265625 0.24921875 0.0296875 0.03671875
2 0.1171875 0.2984375 0.028125 0.0375
2 0.38671875 0.175 0.03046875 0.03828125
2 0.634375 0.93671875 0.028125 0.034375
2 0.478125 0.98515625 0.02265625 0.025
2 0.41015625 0.3671875 0.021875 0.02578125
2 0.47265625 0.91328125 0.02578125 0.03984375
2 0.18828125 0.67109375 0.01953125 0.03984375
2 0.9140625 0.21171875 0.01953125 0.028125
2 0.503125 0.90234375 0.0203125 0.025
2 0.90546875 0.49609375 0.01875 0.03125
2 0.8921875 0.22109375 0.01875 0.028125
2 0.4921875 0.22890625 0.01953125 0.02734375
2 0.5 0.821875 0.02265625 0.028125
2 0.209375 0.31328125 0.021875 0.03203125
2 0.9875 0.25234375 0.01953125 0.03203125
2 0.340625 0.46484375 0.0234375 0.0375