2 0.66015625 0.51484375 0.0375 0.053125
2 0.55703125 0.43671875 0.03203125 0.0421875
2 0.35859375 0.4578125 0.03125 0.0515625
2 0.76015625 0.51484375 0.03046875 0.0421875
2 0.96328125 0.49375 0.046875 0.05859375
2 0.41640625 0.50859375 0.034375 0.0484375
2 0.97265625 0.20390625 0.0328125 0.04140625
2 0.9375 0.31640625 0.0375 0.05078125
2 0.478125 0.44296875 0.03125 0.04765625
2 0.7 0.44609375 0.0296875 0.04296875
2 0.7609375 0.40859375 0.03515625 0.04140625
2 0.7484375 0.6125 0.03125 0.04140625
2 0.278125 0.50078125 0.03046875 0.0453125
2 0.803125 0.3625 0.02734375 0.03984375
2 0.56328125 0.3234375 0.0296875 0.0390625
2 0.3140625 0.5828125 0.02265625 0.03984375
2 0.93359375 0.74765625 0.0296875 0.0375
2 0.20703125 0.75546875 0.01953125 0.02734375
2 0.83828125 0.66328125 0.03046875 0.0359375
2 0.14296875 0.5265625 0.0234375 0.03046875
2 0.84375 0.1859375 0.03046875 0.0359375
2 0.6046875 0.3875 0.02890625 0.04140625
2 0.18515625 0.7046875 0.01875 0.0296875
2 0.83125 0.32890625 0.01875 0.0296875
2 0.30390625 0.10390625 0.01953125 0.0265625
2 0.73671875 0.365625 0.0203125 0.0296875
2 0.709375 0.36875 0.01796875 0.02890625
2 0.31328125 0.46328125 0.02734375 0.0484375
2 0.775 0.29296875 0.01875 0.02734375
2 0.83515625 0.40234375 0.01953125 0.0265625
2 0.30625 0.3625 0.03359375 0.05546875
2 0.1328125 0.478125 0.01796875 0.02734375
2 0.33515625 0.37578125 0.01640625 0.02421875
2 0.65234375 0.84921875 0.02578125 0.0359375
2 0.40390625 0.4109375 0.01875 0.0265625
2 0.80234375 0.0953125 0.01953125 0.02578125
2 0.24765625 0.2515625 0.015625 0.0234375
2 0.75 0.1234375 0.025 0.0359375
2 0.96796875 0.321875 0.01875 0.040625
2 0.8046875 0.30546875 0.01875 0.03203125
2 0.63046875 0.3609375 0.02109375 0.02578125
2 0.9109375 0.8046875 0.02421875 0.03203125
2 0.0453125 0.48671875 0.015625 0.025
2 0.0359375 0.46484375 0.015625 0.02578125
2 0.90703125 0.26484375 0.01953125 0.02890625
2 0.784375 0.26640625 0.01953125 0.0234375