2 0.81796875 0.31171875 0.03828125 0.0609375
2 0.278125 0.59296875 0.04609375 0.1
2 0.0109375 0.946875 0.02109375 0.06015625
2 0.87578125 0.35625 0.0296875 0.03828125
2 0.528125 0.81953125 0.02109375 0.03203125
2 0.53203125 0.63203125 0.02890625 0.0375
2 0.49921875 0.83125 0.0234375 0.0359375
2 0.58125 0.82578125 0.02421875 0.04375
2 0.83125 0.9359375 0.028125 0.040625
2 0.87578125 0.76640625 0.0234375 0.03203125
2 0.43359375 0.2 0.02578125 0.03125
2 0.98828125 0.35234375 0.02265625 0.0359375
2 0.85078125 0.9734375 0.0296875 0.0421875
2 0.54375 0.459375 0.02578125 0.0375
2 0.5078125 0.9828125 0.0203125 0.03203125
2 0.53046875 0.77109375 0.02109375 0.0359375
2 0.4859375 0.88671875 0.0265625 0.03515625
2 0.971875 0.5171875 0.01953125 0.02421875
2 0.5828125 0.915625 0.01953125 0.0359375
2 0.52265625 0.82421875 0.025 0.03828125
2 0.228125 0.85 0.02890625 0.04296875
2 0.878125 0.21015625 0.0171875 0.02578125
2 0.57890625 0.4046875 0.01640625 0.0234375
2 0.5453125 0.5421875 0.01953125 0.028125
2 0.5484375 0.98359375 0.02109375 0.03125
2 0.4875 0.68515625 0.02265625 0.03359375
2 0.975 0.5125 0.0296875 0.03046875
2 0.515625 0.0859375 0.0203125 0.0265625
2 0.915625 0.184375 0.0125 0.02578125