2 0.92421875 0.33359375 0.04296875 0.0796875
2 0.1484375 0.15625 0.04765625 0.0796875
2 0.32890625 0.146875 0.03984375 0.06484375
2 0.53203125 0.203125 0.03125 0.04609375
2 0.43203125 0.965625 0.034375 0.04921875
2 0.4640625 0.596875 0.03046875 0.05
2 0.4734375 0.31171875 0.0328125 0.04921875
2 0.4171875 0.55 0.03828125 0.0640625
2 0.38828125 0.96875 0.03125 0.046875
2 0.61328125 0.12734375 0.03203125 0.04296875
2 0.92421875 0.5078125 0.040625 0.078125
2 0.4109375 0.64765625 0.0296875 0.04296875
2 0.46640625 0.82578125 0.02421875 0.03671875
2 0.81171875 0.0171875 0.028125 0.03359375
2 0.3625 0.0171875 0.02734375 0.034375
2 0.48359375 0.23359375 0.02265625 0.03125
2 0.46796875 0.17890625 0.02265625 0.03359375
2 0.43125 0.78125 0.0234375 0.03515625
2 0.83984375 0.2328125 0.021875 0.02578125