2 0.91171875 0.575 0.03828125 0.053125
2 0.79921875 0.46640625 0.0390625 0.059375
2 0.96328125 0.396875 0.04296875 0.05546875
2 0.565625 0.47109375 0.0359375 0.04375
2 0.22421875 0.575 0.03203125 0.04296875
2 0.846875 0.7859375 0.03359375 0.04453125
2 0.31640625 0.60546875 0.0296875 0.03515625
2 0.64375 0.36953125 0.0296875 0.0359375
2 0.4765625 0.35703125 0.02421875 0.0296875
2 0.615625 0.4046875 0.02890625 0.034375
2 0.47421875 0.8 0.04375 0.05859375
2 0.18671875 0.6984375 0.0234375 0.03203125
2 0.2765625 0.55859375 0.01875 0.025
2 0.0546875 0.84921875 0.01875 0.02421875
2 0.41015625 0.49375 0.01796875 0.02265625
2 0.41953125 0.93984375 0.0203125 0.0296875
2 0.99140625 0.59609375 0.01484375 0.03046875
2 0.70390625 0.4171875 0.0203125 0.0234375
2 0.3328125 0.48203125 0.01640625 0.0234375
2 0.51796875 0.475 0.0171875 0.025
2 0.8921875 0.37421875 0.025 0.03515625