2 0.0828125 0.51875 0.040625 0.05703125
2 0.23359375 0.5546875 0.040625 0.0625
2 0.2484375 0.70078125 0.04765625 0.06953125
2 0.084375 0.634375 0.0375 0.0546875
2 0.1515625 0.29609375 0.03203125 0.04609375
2 0.53828125 0.4953125 0.0265625 0.040625
2 0.81796875 0.3046875 0.03203125 0.04140625
2 0.22265625 0.45546875 0.0296875 0.0484375
2 0.3234375 0.31953125 0.03203125 0.0453125
2 0.62734375 0.6265625 0.028125 0.040625
2 0.034375 0.334375 0.0328125 0.040625
2 0.5796875 0.53125 0.0296875 0.0421875
2 0.075 0.75078125 0.02890625 0.0375
2 0.66953125 0.79453125 0.021875 0.0328125
2 0.8765625 0.596875 0.01953125 0.03046875
2 0.3640625 0.91015625 0.01953125 0.02890625
2 0.92734375 0.75625 0.01953125 0.02734375
2 0.80390625 0.52109375 0.02109375 0.0296875
2 0.6703125 0.375 0.02265625 0.03203125
2 0.6984375 0.4765625 0.02109375 0.03046875
2 0.5640625 0.55625 0.028125 0.0328125
2 0.484375 0.49375 0.01953125 0.028125
2 0.196875 0.36484375 0.02109375 0.02890625
2 0.303125 0.37890625 0.01953125 0.0296875
2 0.32734375 0.434375 0.0203125 0.0328125
2 0.59296875 0.6078125 0.01875 0.0265625
2 0.27734375 0.35703125 0.0171875 0.02265625
2 0.0734375 0.85 0.02734375 0.03515625
2 0.83203125 0.9625 0.01875 0.028125
2 0.3140625 0.9453125 0.0203125 0.02578125