2 0.515625 0.7796875 0.0375 0.06953125
2 0.54375 0.42265625 0.034375 0.03984375
2 0.31796875 0.23203125 0.028125 0.0375
2 0.61171875 0.8734375 0.03359375 0.03984375
2 0.42109375 0.790625 0.02890625 0.03671875
2 0.42734375 0.15078125 0.0265625 0.03203125
2 0.75234375 0.53125 0.0265625 0.02890625
2 0.42421875 0.95078125 0.02109375 0.03203125
2 0.17890625 0.2421875 0.02109375 0.02578125
2 0.64765625 0.8609375 0.021875 0.02421875
2 0.41015625 0.6796875 0.02109375 0.028125
2 0.53515625 0.96953125 0.02421875 0.03046875
2 0.77265625 0.72265625 0.02890625 0.03671875
2 0.4171875 0.46640625 0.01875 0.02421875
2 0.38984375 0.8625 0.01953125 0.0234375
2 0.2234375 0.56953125 0.02421875 0.02890625
2 0.4046875 0.18125 0.01875 0.025
2 0.990625 0.5953125 0.01328125 0.03125
2 0.3890625 0.5203125 0.021875 0.02265625
2 0.503125 0.7234375 0.0171875 0.025
2 0.40625 0.53515625 0.02109375 0.02265625
2 0.57421875 0.37109375 0.01171875 0.0203125