2 0.01953125 0.61328125 0.03515625 0.05
2 0.48359375 0.51484375 0.03828125 0.05625
2 0.27421875 0.39921875 0.034375 0.04375
2 0.53125 0.69765625 0.0359375 0.0609375
2 0.26796875 0.53046875 0.03125 0.03984375
2 0.275 0.2953125 0.03359375 0.04375
2 0.69453125 0.93046875 0.03125 0.03984375
2 0.4046875 0.36796875 0.02265625 0.0296875
2 0.2046875 0.7671875 0.0234375 0.0296875
2 0.27109375 0.734375 0.01953125 0.02421875
2 0.33671875 0.4 0.02109375 0.03203125
2 0.47265625 0.68984375 0.0203125 0.02421875
2 0.36171875 0.41640625 0.02265625 0.02734375
2 0.20859375 0.571875 0.01796875 0.021875
2 0.09140625 0.7015625 0.01796875 0.01875
2 0.4703125 0.81640625 0.02265625 0.028125
2 0.4203125 0.69609375 0.01875 0.02421875
2 0.1375 0.7265625 0.01953125 0.02578125
2 0.4296875 0.44609375 0.01015625 0.02578125
2 0.303125 0.5859375 0.01015625 0.02890625
2 0.3671875 0.5875 0.0125 0.02578125
2 0.71328125 0.44140625 0.009375 0.02265625