2 0.94140625 0.91484375 0.04921875 0.0765625
2 0.40390625 0.47421875 0.03515625 0.0515625
2 0.69140625 0.46640625 0.03203125 0.0453125
2 0.64453125 0.97734375 0.03828125 0.04453125
2 0.49921875 0.2125 0.04140625 0.05625
2 0.13984375 0.1953125 0.03203125 0.03984375
2 0.9765625 0.98515625 0.02734375 0.0296875
2 0.7546875 0.65859375 0.028125 0.0375
2 0.0203125 0.8984375 0.03515625 0.06328125
2 0.48828125 0.6 0.0265625 0.03828125
2 0.92734375 0.9890625 0.025 0.021875
2 0.715625 0.7375 0.0203125 0.02734375
2 0.18203125 0.4921875 0.0203125 0.02890625
2 0.2015625 0.3359375 0.025 0.034375
2 0.15078125 0.5375 0.02109375 0.03046875
2 0.18515625 0.18984375 0.02109375 0.0265625