2 0.25859375 0.12421875 0.03828125 0.059375
2 0.30390625 0.246875 0.04140625 0.06640625
2 0.59140625 0.59921875 0.03671875 0.04921875
2 0.51875 0.13203125 0.03046875 0.04140625
2 0.5328125 0.49765625 0.03515625 0.06953125
2 0.528125 0.86796875 0.0359375 0.06953125
2 0.78046875 0.69296875 0.028125 0.03984375
2 0.671875 0.39296875 0.02890625 0.04375
2 0.75234375 0.1421875 0.0265625 0.03515625
2 0.3890625 0.13828125 0.025 0.0390625
2 0.76328125 0.6375 0.02421875 0.03671875
2 0.7875 0.52578125 0.0296875 0.0375
2 0.62890625 0.68828125 0.02109375 0.03359375
2 0.5734375 0.5109375 0.025 0.0390625
2 0.81328125 0.98515625 0.02421875 0.0296875
2 0.4921875 0.8421875 0.0203125 0.0390625
2 0.740625 0.27265625 0.0234375 0.03515625
2 0.5421875 0.990625 0.021875 0.01640625
2 0.571875 0.31015625 0.01953125 0.03125
2 0.00625 0.1984375 0.01171875 0.0234375