2 0.0390625 0.978125 0.03359375 0.04375
2 0.209375 0.98125 0.03828125 0.0375
2 0.190625 0.9453125 0.02890625 0.03828125
2 0.6921875 0.94921875 0.03515625 0.04375
2 0.9703125 0.28828125 0.03359375 0.046875
2 0.80625 0.6453125 0.02578125 0.0328125
2 0.87265625 0.2796875 0.03046875 0.03828125
2 0.1359375 0.69765625 0.01953125 0.02734375
2 0.659375 0.765625 0.03046875 0.03828125
2 0.22265625 0.89765625 0.02109375 0.0265625
2 0.1 0.45625 0.02109375 0.028125
2 0.02734375 0.60390625 0.0203125 0.025
2 0.02734375 0.8734375 0.02109375 0.0265625
2 0.24921875 0.74296875 0.01953125 0.0265625
2 0.159375 0.59453125 0.01796875 0.02421875
2 0.2109375 0.56640625 0.021875 0.02734375
2 0.26171875 0.66328125 0.0203125 0.02734375
2 0.978125 0.38203125 0.0234375 0.034375
2 0.17734375 0.50234375 0.0203125 0.025
2 0.69765625 0.22421875 0.02578125 0.03203125
2 0.88515625 0.7875 0.02578125 0.03203125
2 0.328125 0.721875 0.02265625 0.0234375
2 0.73359375 0.63671875 0.03046875 0.0375
2 0.084375 0.74296875 0.015625 0.028125