2 0.81171875 0.64609375 0.0515625 0.07578125
2 0.84765625 0.5203125 0.03359375 0.04921875
2 0.17265625 0.9734375 0.0375 0.053125
2 0.90546875 0.4921875 0.03359375 0.04296875
2 0.0703125 0.55 0.04453125 0.0640625
2 0.796875 0.459375 0.03046875 0.04609375
2 0.553125 0.9328125 0.03359375 0.046875
2 0.1984375 0.6 0.03046875 0.03984375
2 0.4328125 0.8484375 0.03125 0.0453125
2 0.05625 0.6734375 0.028125 0.0390625
2 0.44921875 0.64296875 0.02890625 0.04375
2 0.12734375 0.646875 0.02734375 0.03359375
2 0.9671875 0.62890625 0.02734375 0.0359375
2 0.459375 0.728125 0.02421875 0.03125
2 0.121875 0.91484375 0.0265625 0.0421875
2 0.94765625 0.2171875 0.0296875 0.0390625
2 0.42578125 0.55625 0.02421875 0.040625
2 0.65234375 0.915625 0.01953125 0.0234375
2 0.81484375 0.3203125 0.02265625 0.02578125
2 0.18671875 0.53359375 0.0234375 0.03046875
2 0.27734375 0.37265625 0.02734375 0.0328125
2 0.57890625 0.021875 0.02421875 0.03203125
2 0.56015625 0.4765625 0.021875 0.0296875
2 0.56640625 0.409375 0.0203125 0.025
2 0.7359375 0.4234375 0.0265625 0.03515625
2 0.93359375 0.3765625 0.01796875 0.02421875
2 0.0984375 0.78125 0.025 0.0375
2 0.18984375 0.48984375 0.02109375 0.0296875
2 0.3734375 0.6515625 0.02109375 0.02890625
2 0.09765625 0.98203125 0.0203125 0.02734375
2 0.915625 0.98203125 0.01640625 0.0203125
2 0.0359375 0.478125 0.0171875 0.0234375
2 0.321875 0.8 0.021875 0.0234375