2 0.8578125 0.92421875 0.0296875 0.0484375
2 0.878125 0.8453125 0.02890625 0.03828125
2 0.91796875 0.25390625 0.0296875 0.0375
2 0.8171875 0.78046875 0.02734375 0.0375
2 0.2890625 0.2046875 0.04609375 0.078125
2 0.85703125 0.6734375 0.02578125 0.0375
2 0.05546875 0.8390625 0.034375 0.04140625
2 0.3078125 0.32109375 0.02421875 0.0328125
2 0.2765625 0.85078125 0.021875 0.03046875
2 0.8984375 0.403125 0.02109375 0.03046875
2 0.82265625 0.9171875 0.0203125 0.0296875
2 0.8921875 0.6875 0.0203125 0.03203125
2 0.87421875 0.7203125 0.01953125 0.02890625
2 0.0203125 0.175 0.01953125 0.028125
2 0.5875 0.5953125 0.03203125 0.05703125
2 0.90703125 0.32265625 0.01875 0.025
2 0.28984375 0.41640625 0.02109375 0.0328125
2 0.8796875 0.265625 0.01796875 0.021875
2 0.41484375 0.4140625 0.021875 0.03359375
2 0.46015625 0.25078125 0.03203125 0.0609375
2 0.5625 0.98671875 0.02890625 0.0203125
2 0.8953125 0.57734375 0.0265625 0.034375
2 0.88046875 0.48828125 0.01875 0.02421875
2 0.09296875 0.34140625 0.028125 0.03046875
2 0.3296875 0.1609375 0.01875 0.02890625
2 0.3359375 0.584375 0.01171875 0.0375
2 0.3265625 0.72109375 0.0171875 0.03984375