2 0.078125 0.29765625 0.04921875 0.0828125
2 0.55859375 0.3265625 0.04609375 0.08125
2 0.06953125 0.09375 0.05234375 0.11640625
2 0.64296875 0.6546875 0.03046875 0.0390625
2 0.18203125 0.7359375 0.03125 0.0453125
2 0.571875 0.51328125 0.03125 0.0453125
2 0.58046875 0.20625 0.02890625 0.0359375
2 0.61875 0.17734375 0.02578125 0.03046875
2 0.721875 0.8265625 0.021875 0.0296875
2 0.7109375 0.43125 0.02421875 0.02734375
2 0.23359375 0.36484375 0.02890625 0.03828125
2 0.234375 0.221875 0.0203125 0.0265625
2 0.99140625 0.58203125 0.01484375 0.028125
2 0.33828125 0.51015625 0.0265625 0.03359375
2 0.228125 0.36640625 0.021875 0.0265625