2 0.5921875 0.3515625 0.04375 0.07265625
2 0.86796875 0.1984375 0.03984375 0.05703125
2 0.75703125 0.5734375 0.040625 0.04921875
2 0.565625 0.43984375 0.03359375 0.04375
2 0.1453125 0.771875 0.0296875 0.04140625
2 0.5640625 0.2125 0.03515625 0.090625
2 0.5796875 0.771875 0.03203125 0.040625
2 0.10859375 0.73125 0.02109375 0.0265625
2 0.10390625 0.48359375 0.01875 0.02421875
2 0.5546875 0.02109375 0.03203125 0.034375
2 0.88125 0.30078125 0.0265625 0.0359375
2 0.97109375 0.675 0.028125 0.03359375
2 0.1609375 0.37265625 0.01875 0.0265625
2 0.553125 0.2765625 0.0265625 0.10390625
2 0.75078125 0.25234375 0.0125 0.02734375
2 0.47109375 0.91171875 0.01171875 0.02890625
2 0.46796875 0.3171875 0.009375 0.02265625
2 0.4984375 0.3140625 0.0140625 0.03984375