2 0.10703125 0.95625 0.04765625 0.06796875
2 0.109375 0.3578125 0.03359375 0.04296875
2 0.9453125 0.11796875 0.034375 0.04140625
2 0.059375 0.146875 0.02578125 0.034375
2 0.61484375 0.61328125 0.02890625 0.03515625
2 0.0890625 0.5671875 0.0203125 0.025
2 0.60625 0.1015625 0.01875 0.021875
2 0.58671875 0.428125 0.0203125 0.02421875
2 0.071875 0.6359375 0.01875 0.025
2 0.6734375 0.0671875 0.02578125 0.02734375
2 0.57578125 0.70703125 0.025 0.028125
2 0.1984375 0.0125 0.02109375 0.025
2 0.57421875 0.57734375 0.02265625 0.02578125
2 0.571875 0.15 0.01796875 0.0234375
2 0.08984375 0.2984375 0.01796875 0.02265625
2 0.00625 0.559375 0.01171875 0.02421875
2 0.553125 0.42890625 0.0203125 0.02109375
2 0.14375 0.31796875 0.0203125 0.02734375
2 0.62890625 0.41171875 0.01953125 0.021875
2 0.6203125 0.27109375 0.0234375 0.02265625
2 0.790625 0.0140625 0.02109375 0.02578125
2 0.5859375 0.128125 0.01796875 0.0234375
2 0.6359375 0.15078125 0.0171875 0.0296875
2 0.75 0.84609375 0.0140625 0.03125
2 0.95078125 0.58828125 0.0140625 0.03125