2 0.98203125 0.84765625 0.03359375 0.05234375
2 0.21796875 0.76015625 0.0375 0.05546875
2 0.86484375 0.62421875 0.034375 0.04296875
2 0.3875 0.55625 0.03125 0.040625
2 0.5265625 0.45625 0.0265625 0.0375
2 0.57734375 0.6234375 0.02578125 0.028125
2 0.33828125 0.81875 0.02265625 0.02890625
2 0.915625 0.9875 0.01953125 0.025
2 0.38515625 0.79375 0.02890625 0.0390625
2 0.84453125 0.2546875 0.0203125 0.02890625
2 0.009375 0.525 0.01875 0.0375
2 0.87109375 0.4265625 0.021875 0.03203125
2 0.94609375 0.56953125 0.02109375 0.0265625
2 0.3390625 0.625 0.0296875 0.0375
2 0.77109375 0.9875 0.02421875 0.025
2 0.64609375 0.56875 0.02109375 0.03125
2 0.49140625 0.6671875 0.01953125 0.03046875
2 0.5953125 0.390625 0.02578125 0.034375