2 0.590625 0.5578125 0.03046875 0.04296875
2 0.4640625 0.621875 0.03359375 0.05
2 0.15703125 0.64140625 0.03828125 0.053125
2 0.58984375 0.35390625 0.03984375 0.05546875
2 0.98828125 0.69765625 0.0234375 0.03984375
2 0.32421875 0.2203125 0.03359375 0.04453125
2 0.32578125 0.5421875 0.0296875 0.04375
2 0.43125 0.253125 0.03046875 0.04296875
2 0.67421875 0.41484375 0.03984375 0.05234375
2 0.27578125 0.62421875 0.0328125 0.04453125
2 0.69765625 0.63671875 0.02734375 0.03984375
2 0.38359375 0.60234375 0.025 0.0359375
2 0.40390625 0.80625 0.0296875 0.03828125
2 0.2265625 0.6359375 0.025 0.03984375
2 0.49765625 0.26875 0.028125 0.040625
2 0.50234375 0.71015625 0.03359375 0.04375
2 0.2375 0.17265625 0.03125 0.040625
2 0.696875 0.378125 0.02265625 0.02890625
2 0.09609375 0.134375 0.0265625 0.03359375
2 0.10703125 0.18515625 0.034375 0.05703125
2 0.1109375 0.246875 0.02578125 0.03515625
2 0.11484375 0.3171875 0.0265625 0.03359375
2 0.6890625 0.73359375 0.02578125 0.034375
2 0.6390625 0.58828125 0.01875 0.02578125