2 0.0984375 0.74921875 0.03984375 0.0484375
2 0.034375 0.70625 0.05234375 0.07578125
2 0.13046875 0.725 0.0296875 0.046875
2 0.0109375 0.528125 0.0203125 0.0375
2 0.48984375 0.95546875 0.02734375 0.03515625
2 0.44609375 0.759375 0.02578125 0.03203125
2 0.5140625 0.328125 0.0328125 0.03671875
2 0.1703125 0.634375 0.0296875 0.03828125
2 0.21953125 0.5875 0.028125 0.0359375
2 0.62734375 0.81875 0.01796875 0.025
2 0.94296875 0.9015625 0.02265625 0.02890625
2 0.41171875 0.59296875 0.021875 0.0296875
2 0.5703125 0.85625 0.01953125 0.025
2 0.4078125 0.84453125 0.02265625 0.0265625
2 0.20390625 0.47578125 0.028125 0.0359375
2 0.24921875 0.32890625 0.015625 0.02890625
2 0.22265625 0.3734375 0.01328125 0.02734375