2 0.77734375 0.5546875 0.03515625 0.0515625
2 0.1265625 0.62109375 0.03828125 0.0578125
2 0.29296875 0.9125 0.03671875 0.05390625
2 0.79609375 0.48984375 0.03125 0.0484375
2 0.3546875 0.246875 0.02890625 0.040625
2 0.03984375 0.6828125 0.028125 0.0375
2 0.7015625 0.5578125 0.0390625 0.0625
2 0.6171875 0.971875 0.028125 0.03828125
2 0.25625 0.3296875 0.0203125 0.03203125
2 0.18125 0.36640625 0.02265625 0.03203125
2 0.1359375 0.31640625 0.02734375 0.03671875
2 0.1109375 0.4265625 0.02421875 0.03046875
2 0.76796875 0.28828125 0.0265625 0.0328125
2 0.32734375 0.8890625 0.02109375 0.0328125
2 0.2359375 0.290625 0.025 0.03125
2 0.6234375 0.23828125 0.021875 0.03359375
2 0.5703125 0.553125 0.02421875 0.03203125
2 0.865625 0.9015625 0.0203125 0.02578125
2 0.93515625 0.52265625 0.01796875 0.034375
2 0.3515625 0.325 0.0109375 0.03828125