2 0.128125 0.58671875 0.04375 0.0609375
2 0.10703125 0.82265625 0.034375 0.05
2 0.396875 0.57578125 0.0359375 0.05
2 0.79375 0.30703125 0.03359375 0.04375
2 0.303125 0.58203125 0.02890625 0.040625
2 0.88984375 0.2296875 0.034375 0.040625
2 0.19453125 0.4421875 0.03046875 0.03984375
2 0.4453125 0.47734375 0.03125 0.03828125
2 0.2546875 0.21484375 0.03125 0.04296875
2 0.209375 0.54765625 0.0265625 0.03828125
2 0.1859375 0.58203125 0.02421875 0.034375
2 0.02890625 0.37421875 0.0234375 0.0296875
2 0.1078125 0.403125 0.01953125 0.02734375
2 0.78671875 0.42578125 0.028125 0.0359375
2 0.7703125 0.21796875 0.02890625 0.0390625
2 0.47734375 0.246875 0.0296875 0.03828125
2 0.35390625 0.92578125 0.02421875 0.0375
2 0.340625 0.58671875 0.025 0.0359375
2 0.7578125 0.2953125 0.0234375 0.03984375
2 0.86171875 0.31484375 0.02109375 0.0265625
2 0.2015625 0.27421875 0.0203125 0.0265625
2 0.2703125 0.3375 0.01875 0.02890625
2 0.2421875 0.4875 0.0203125 0.02890625