2 0.253125 0.70234375 0.046875 0.08203125
2 0.28515625 0.37578125 0.0328125 0.0453125
2 0.78515625 0.62265625 0.03203125 0.04140625
2 0.20625 0.4125 0.03203125 0.04140625
2 0.32578125 0.64765625 0.0328125 0.05
2 0.7296875 0.378125 0.0265625 0.03203125
2 0.33203125 0.19765625 0.03203125 0.04296875
2 0.13515625 0.14609375 0.0328125 0.0390625
2 0.23671875 0.2546875 0.02890625 0.03671875
2 0.8328125 0.35234375 0.01796875 0.03359375
2 0.86171875 0.30078125 0.02109375 0.03203125
2 0.98828125 0.25546875 0.015625 0.0265625
2 0.5234375 0.88984375 0.0265625 0.03671875
2 0.25859375 0.18828125 0.0265625 0.0359375
2 0.52890625 0.625 0.01875 0.02734375
2 0.4765625 0.86953125 0.0203125 0.03203125
2 0.39921875 0.61328125 0.02421875 0.0390625
2 0.91875 0.8546875 0.0171875 0.0234375
2 0.92578125 0.22421875 0.01953125 0.02421875
2 0.1828125 0.49609375 0.01953125 0.025
2 0.35546875 0.421875 0.0203125 0.0265625
2 0.753125 0.90078125 0.0171875 0.025