2 0.19375 0.5046875 0.04140625 0.06953125
2 0.61953125 0.2625 0.028125 0.0390625
2 0.89765625 0.67578125 0.03125 0.04296875
2 0.2109375 0.30234375 0.0640625 0.10390625
2 0.828125 0.6015625 0.0328125 0.04765625
2 0.54140625 0.80390625 0.03125 0.0359375
2 0.78671875 0.43046875 0.0265625 0.03203125
2 0.9796875 0.828125 0.02890625 0.040625
2 0.45703125 0.59140625 0.028125 0.03984375
2 0.76640625 0.2890625 0.021875 0.02578125
2 0.45625 0.25703125 0.03984375 0.075
2 0.88046875 0.8515625 0.02265625 0.03359375
2 0.5578125 0.978125 0.02265625 0.02890625
2 0.85703125 0.8734375 0.0171875 0.0359375
2 0.471875 0.371875 0.01796875 0.03515625
2 0.67734375 0.31640625 0.02265625 0.028125
2 0.48828125 0.21875 0.0171875 0.02578125
2 0.74765625 0.4421875 0.02109375 0.02734375
2 0.44375 0.96953125 0.028125 0.0375
2 0.5546875 0.3578125 0.0171875 0.02578125
2 0.5015625 0.25 0.01640625 0.021875
2 0.75234375 0.47734375 0.01875 0.028125
2 0.5171875 0.37109375 0.01328125 0.01875
2 0.525 0.39453125 0.0140625 0.0203125
2 0.4859375 0.4421875 0.0125 0.01875
2 0.30078125 0.525 0.01796875 0.03828125