2 0.15078125 0.553125 0.03984375 0.05546875
2 0.734375 0.384375 0.0328125 0.04140625
2 0.20234375 0.028125 0.03046875 0.040625
2 0.78203125 0.5875 0.0234375 0.03203125
2 0.33515625 0.66953125 0.0484375 0.0984375
2 0.96796875 0.33046875 0.0234375 0.03125
2 0.66953125 0.46875 0.01875 0.02734375
2 0.77890625 0.6640625 0.021875 0.0296875
2 0.78515625 0.34921875 0.015625 0.025
2 0.7984375 0.32109375 0.0171875 0.02421875
2 0.7890625 0.25390625 0.01875 0.028125
2 0.88046875 0.54453125 0.0171875 0.02421875