2 0.653125 0.846875 0.0421875 0.06640625
2 0.06328125 0.39921875 0.034375 0.04453125
2 0.1953125 0.5109375 0.04609375 0.084375
2 0.25 0.41484375 0.0296875 0.0421875
2 0.2984375 0.296875 0.03359375 0.04609375
2 0.51953125 0.58828125 0.03046875 0.0375
2 0.14296875 0.93671875 0.028125 0.03984375
2 0.73203125 0.55546875 0.0265625 0.0359375
2 0.18515625 0.2296875 0.03203125 0.03671875
2 0.1875 0.740625 0.02734375 0.0390625
2 0.41796875 0.40546875 0.02265625 0.03359375
2 0.82109375 0.7828125 0.025 0.03046875
2 0.2421875 0.52109375 0.02578125 0.0390625
2 0.1359375 0.53359375 0.01796875 0.02578125
2 0.0328125 0.51484375 0.01953125 0.028125
2 0.27421875 0.6328125 0.025 0.03828125
2 0.40546875 0.90390625 0.01953125 0.02109375
2 0.0453125 0.28984375 0.025 0.03515625
2 0.11796875 0.45390625 0.0171875 0.025
2 0.57890625 0.48828125 0.01953125 0.0234375
2 0.2234375 0.98671875 0.0203125 0.02578125
2 0.1640625 0.559375 0.0203125 0.02890625
2 0.771875 0.44375 0.01953125 0.02578125
2 0.734375 0.21171875 0.01875 0.025
2 0.278125 0.19765625 0.0203125 0.0296875
2 0.4453125 0.9875 0.01796875 0.0203125
2 0.40234375 0.903125 0.0265625 0.03203125