2 0.309375 0.1265625 0.03515625 0.0546875
2 0.1109375 0.69765625 0.03359375 0.04765625
2 0.46875 0.81171875 0.03125 0.046875
2 0.415625 0.4921875 0.0390625 0.0546875
2 0.625 0.51953125 0.02734375 0.04375
2 0.76328125 0.64765625 0.03046875 0.04140625
2 0.709375 0.46796875 0.03046875 0.0421875
2 0.49765625 0.4171875 0.021875 0.034375
2 0.5640625 0.84375 0.02890625 0.04296875
2 0.61328125 0.92109375 0.02734375 0.03984375
2 0.47265625 0.5578125 0.01953125 0.0328125
2 0.52265625 0.5984375 0.01875 0.0359375
2 0.49609375 0.69296875 0.01875 0.028125
2 0.225 0.03828125 0.02578125 0.0375
2 0.68125 0.9046875 0.02109375 0.03046875
2 0.484375 0.60625 0.01796875 0.034375
2 0.23359375 0.38046875 0.05 0.0828125
2 0.5265625 0.41640625 0.01796875 0.0265625
2 0.01484375 0.67421875 0.02109375 0.0390625
2 0.49921875 0.57265625 0.01640625 0.02265625
2 0.53359375 0.13203125 0.01796875 0.02265625
2 0.48046875 0.71484375 0.01875 0.0359375
2 0.53359375 0.09296875 0.01875 0.0234375
2 0.48671875 0.93359375 0.0171875 0.02890625
2 0.13125 0.43046875 0.05078125 0.184375