2 0.62890625 0.52421875 0.03203125 0.040625
2 0.578125 0.96015625 0.02734375 0.03359375
2 0.0578125 0.54453125 0.0234375 0.03046875
2 0.1375 0.75859375 0.025 0.03359375
2 0.271875 0.68203125 0.02265625 0.03125
2 0.22109375 0.5921875 0.025 0.03671875
2 0.24921875 0.58984375 0.0234375 0.0328125
2 0.13828125 0.553125 0.01953125 0.02578125
2 0.4890625 0.73046875 0.02109375 0.0265625
2 0.15859375 0.51484375 0.01953125 0.02578125
2 0.23515625 0.5359375 0.0203125 0.028125
2 0.14296875 0.703125 0.01953125 0.0265625
2 0.95234375 0.01640625 0.03125 0.0296875
2 0.5375 0.9640625 0.021875 0.02578125
2 0.55390625 0.88203125 0.01953125 0.0265625
2 0.35859375 0.76953125 0.0140625 0.04140625
2 0.390625 0.68125 0.01328125 0.02890625
2 0.41796875 0.78125 0.015625 0.034375
2 0.52265625 0.7 0.01015625 0.02890625