2 0.2078125 0.8203125 0.03828125 0.05078125
2 0.33828125 0.17578125 0.0328125 0.0484375
2 0.23984375 0.46171875 0.03984375 0.06796875
2 0.20390625 0.353125 0.03515625 0.04921875
2 0.2125 0.62734375 0.03828125 0.05234375
2 0.184375 0.07578125 0.034375 0.04921875
2 0.23125 0.7515625 0.03046875 0.040625
2 0.53671875 0.49140625 0.0328125 0.040625
2 0.853125 0.07109375 0.034375 0.04375
2 0.55703125 0.98515625 0.0296875 0.02890625
2 0.19765625 0.4296875 0.02890625 0.0359375
2 0.3609375 0.10234375 0.03046875 0.0359375
2 0.47578125 0.61953125 0.02421875 0.03046875
2 0.0421875 0.86015625 0.0265625 0.0359375
2 0.534375 0.35625 0.03046875 0.03515625
2 0.4734375 0.53125 0.025 0.0328125
2 0.19921875 0.98828125 0.028125 0.0234375
2 0.16328125 0.50390625 0.0203125 0.0296875
2 0.0390625 0.771875 0.021875 0.0296875
2 0.6265625 0.8171875 0.02578125 0.03125
2 0.2125 0.2140625 0.01953125 0.02890625
2 0.52734375 0.2375 0.02265625 0.02734375
2 0.94140625 0.51328125 0.028125 0.03671875
2 0.52890625 0.43671875 0.0203125 0.025
2 0.26171875 0.16796875 0.01484375 0.02109375
2 0.490625 0.6671875 0.01953125 0.025
2 0.4875 0.046875 0.02265625 0.02578125
2 0.51796875 0.09375 0.01953125 0.02890625
2 0.42890625 0.053125 0.01796875 0.02265625
2 0.56875 0.609375 0.01875 0.025
2 0.04375 0.0078125 0.01875 0.015625
2 0.7953125 0.0140625 0.02734375 0.028125
2 0.04375 0.04609375 0.015625 0.0234375
2 0.79296875 0.5359375 0.0203125 0.02421875
2 0.9203125 0.01015625 0.025 0.0203125
2 0.209375 0.08203125 0.0171875 0.0234375
2 0.546875 0.0359375 0.01796875 0.02265625