2 0.50234375 0.6265625 0.0390625 0.0515625
2 0.9421875 0.5171875 0.03984375 0.0578125
2 0.7953125 0.034375 0.046875 0.06640625
2 0.4421875 0.77421875 0.03203125 0.0453125
2 0.38125 0.53515625 0.03671875 0.053125
2 0.68359375 0.31484375 0.034375 0.04296875
2 0.72421875 0.37734375 0.0328125 0.04296875
2 0.60859375 0.22890625 0.03046875 0.03984375
2 0.6109375 0.58125 0.0375 0.0390625
2 0.5671875 0.16015625 0.02890625 0.03515625
2 0.53359375 0.78359375 0.02265625 0.028125
2 0.05234375 0.64921875 0.02578125 0.0328125
2 0.36171875 0.68203125 0.02265625 0.02578125
2 0.1796875 0.7 0.025 0.03125
2 0.984375 0.20234375 0.0265625 0.03828125
2 0.07734375 0.67890625 0.02421875 0.0328125
2 0.8515625 0.20234375 0.0234375 0.02890625
2 0.96015625 0.8796875 0.03046875 0.0359375
2 0.490625 0.78046875 0.01875 0.02109375
2 0.42890625 0.3921875 0.021875 0.02265625
2 0.690625 0.0546875 0.01953125 0.02421875
2 0.04765625 0.928125 0.0234375 0.02890625
2 0.53359375 0.30390625 0.01953125 0.02734375
2 0.93359375 0.09453125 0.02109375 0.0234375
2 0.796875 0.33125 0.021875 0.0234375
2 0.84921875 0.69375 0.0234375 0.02265625
2 0.365625 0.84765625 0.01953125 0.02578125
2 0.5578125 0.58046875 0.00859375 0.01875
2 0.33828125 0.10625 0.01953125 0.0234375
2 0.3828125 0.3171875 0.01875 0.021875
2 0.57734375 0.71171875 0.02109375 0.025
2 0.8203125 0.571875 0.01953125 0.02265625
2 0.3921875 0.6671875 0.01796875 0.02265625
2 0.54375 0.6125 0.0078125 0.01796875
2 0.54765625 0.59140625 0.0078125 0.01796875
2 0.39296875 0.78125 0.00703125 0.01875
2 0.4984375 0.878125 0.009375 0.0140625
2 0.4109375 0.88359375 0.009375 0.0125
2 0.4984375 0.92734375 0.00859375 0.0234375
2 0.4359375 0.9390625 0.009375 0.021875