2 0.6578125 0.7734375 0.04375 0.0859375
2 0.19296875 0.7265625 0.04765625 0.07265625
2 0.2953125 0.19609375 0.034375 0.04765625
2 0.73359375 0.65234375 0.03125 0.0421875
2 0.253125 0.57421875 0.0375 0.05234375
2 0.35546875 0.321875 0.0328125 0.04765625
2 0.57734375 0.7734375 0.04140625 0.0734375
2 0.65 0.46796875 0.034375 0.05
2 0.25234375 0.38203125 0.02734375 0.0390625
2 0.84296875 0.90703125 0.0453125 0.078125
2 0.5765625 0.85234375 0.02890625 0.03984375
2 0.1921875 0.3046875 0.028125 0.03671875
2 0.20859375 0.18203125 0.02421875 0.03203125
2 0.07734375 0.190625 0.02890625 0.03828125
2 0.45625 0.5078125 0.0296875 0.03984375
2 0.80625 0.93359375 0.02265625 0.03515625
2 0.55234375 0.53515625 0.0203125 0.02734375
2 0.1296875 0.4140625 0.0203125 0.02734375
2 0.7734375 0.515625 0.02265625 0.03515625
2 0.8953125 0.96171875 0.01953125 0.028125
2 0.2390625 0.48125 0.02265625 0.0296875
2 0.690625 0.76328125 0.02109375 0.0328125
2 0.62578125 0.62890625 0.021875 0.0328125
2 0.17265625 0.1984375 0.01953125 0.03046875
2 0.97734375 0.61953125 0.021875 0.028125