2 0.67734375 0.6640625 0.0375 0.05
2 0.05 0.62109375 0.0359375 0.05
2 0.46484375 0.453125 0.03203125 0.0390625
2 0.409375 0.21953125 0.0375 0.040625
2 0.478125 0.28125 0.034375 0.04140625
2 0.40859375 0.43359375 0.03515625 0.04453125
2 0.57578125 0.23359375 0.034375 0.04453125
2 0.37578125 0.88203125 0.0390625 0.06015625
2 0.6734375 0.2125 0.0296875 0.04296875
2 0.33984375 0.4765625 0.0296875 0.03515625
2 0.2953125 0.9890625 0.03203125 0.021875
2 0.790625 0.165625 0.03515625 0.0484375
2 0.759375 0.86875 0.01953125 0.02578125
2 0.8609375 0.9203125 0.0203125 0.025
2 0.790625 0.37890625 0.02421875 0.028125
2 0.734375 0.86875 0.01953125 0.02734375
2 0.1640625 0.83515625 0.01953125 0.02734375
2 0.634375 0.40390625 0.02890625 0.034375
2 0.68046875 0.94765625 0.01875 0.025
2 0.63828125 0.2140625 0.03125 0.03515625
2 0.19296875 0.56875 0.01953125 0.02578125
2 0.41796875 0.08515625 0.02890625 0.03671875
2 0.915625 0.86875 0.01953125 0.02421875
2 0.99140625 0.64921875 0.0140625 0.028125
2 0.73046875 0.45546875 0.03046875 0.03359375