2 0.89296875 0.95625 0.04765625 0.06796875
2 0.890625 0.3578125 0.03359375 0.04296875
2 0.0546875 0.11796875 0.034375 0.04140625
2 0.940625 0.146875 0.02578125 0.034375
2 0.38515625 0.61328125 0.02890625 0.03515625
2 0.9109375 0.5671875 0.0203125 0.025
2 0.39375 0.1015625 0.01875 0.021875
2 0.41328125 0.428125 0.0203125 0.02421875
2 0.928125 0.6359375 0.01875 0.025
2 0.3265625 0.0671875 0.02578125 0.02734375
2 0.42421875 0.70703125 0.025 0.028125
2 0.8015625 0.0125 0.02109375 0.025
2 0.42578125 0.57734375 0.02265625 0.02578125
2 0.428125 0.15 0.01796875 0.0234375
2 0.91015625 0.2984375 0.01796875 0.02265625
2 0.99375 0.559375 0.01171875 0.02421875
2 0.446875 0.42890625 0.0203125 0.02109375
2 0.85625 0.31796875 0.0203125 0.02734375
2 0.37109375 0.41171875 0.01953125 0.021875
2 0.3796875 0.27109375 0.0234375 0.02265625
2 0.209375 0.0140625 0.02109375 0.02578125
2 0.4140625 0.128125 0.01796875 0.0234375
2 0.3640625 0.15078125 0.0171875 0.0296875
2 0.25 0.84609375 0.0140625 0.03125
2 0.04921875 0.58828125 0.0140625 0.03125