2 0.9359375 0.525 0.0375 0.0515625
2 0.88984375 0.97421875 0.04296875 0.05078125
2 0.39609375 0.6359375 0.040625 0.06328125
2 0.2484375 0.94765625 0.0375 0.05703125
2 0.62421875 0.753125 0.0484375 0.0953125
2 0.90546875 0.61796875 0.03515625 0.04765625
2 0.928125 0.38359375 0.03203125 0.0421875
2 0.51796875 0.49765625 0.028125 0.0359375
2 0.878125 0.425 0.03203125 0.04140625
2 0.7625 0.36015625 0.02734375 0.0609375
2 0.83125 0.36015625 0.028125 0.0390625
2 0.7 0.2421875 0.03203125 0.03828125
2 0.65234375 0.3390625 0.02265625 0.03203125
2 0.75703125 0.46796875 0.0296875 0.03984375
2 0.80703125 0.53046875 0.02109375 0.0328125
2 0.94140625 0.71328125 0.0265625 0.02421875
2 0.44375 0.3421875 0.0234375 0.028125
2 0.72734375 0.34140625 0.025 0.03515625
2 0.31015625 0.69296875 0.015625 0.021875
2 0.4140625 0.4890625 0.02265625 0.02734375
2 0.60625 0.375 0.02265625 0.03046875
2 0.33359375 0.6859375 0.01484375 0.0265625