2 0.7296875 0.60390625 0.04296875 0.075
2 0.740625 0.3515625 0.0296875 0.04921875
2 0.20546875 0.1796875 0.0296875 0.03984375
2 0.309375 0.85859375 0.03046875 0.03671875
2 0.66796875 0.3421875 0.02421875 0.03984375
2 0.634375 0.88671875 0.028125 0.0359375
2 0.84921875 0.8984375 0.0234375 0.0296875
2 0.078125 0.3234375 0.02265625 0.03359375
2 0.6609375 0.27578125 0.028125 0.03671875
2 0.60234375 0.7828125 0.02109375 0.03046875
2 0.51875 0.20234375 0.028125 0.0359375
2 0.2265625 0.3390625 0.021875 0.03046875
2 0.8515625 0.6484375 0.01875 0.02578125
2 0.84609375 0.9359375 0.0203125 0.0296875
2 0.8125 0.53125 0.0171875 0.02734375
2 0.125 0.32421875 0.028125 0.0359375
2 0.83203125 0.61484375 0.01875 0.025
2 0.2140625 0.8203125 0.0234375 0.0359375
2 0.7640625 0.9484375 0.025 0.03359375
2 0.5265625 0.059375 0.0140625 0.0359375
2 0.34453125 0.2625 0.0125 0.0375
2 0.2734375 0.2390625 0.0125 0.02734375
2 0.36015625 0.3109375 0.02109375 0.0328125