2 0.5484375 0.63515625 0.04453125 0.05703125
2 0.39140625 0.796875 0.04296875 0.05859375
2 0.62421875 0.55625 0.03828125 0.046875
2 0.059375 0.9 0.0328125 0.04375
2 0.74296875 0.6109375 0.02734375 0.0390625
2 0.88828125 0.546875 0.03125 0.040625
2 0.55078125 0.80078125 0.03359375 0.04375
2 0.72890625 0.84296875 0.02890625 0.04140625
2 0.49921875 0.62421875 0.0359375 0.046875
2 0.6015625 0.3703125 0.0265625 0.0328125
2 0.7421875 0.659375 0.02265625 0.03515625
2 0.5921875 0.434375 0.02421875 0.03125
2 0.10390625 0.9890625 0.02265625 0.021875
2 0.87734375 0.47421875 0.03046875 0.03359375
2 0.43203125 0.62578125 0.02109375 0.02421875
2 0.01640625 0.9625 0.01953125 0.025
2 0.27734375 0.1890625 0.025 0.0296875
2 0.00546875 0.85390625 0.0109375 0.0265625
2 0.01328125 0.58359375 0.01796875 0.0234375
2 0.66484375 0.5 0.02734375 0.034375
2 0.3734375 0.3046875 0.01953125 0.02578125