2 0.24453125 0.90859375 0.034375 0.05234375
2 0.971875 0.33828125 0.0328125 0.0421875
2 0.29375 0.27109375 0.0296875 0.03984375
2 0.278125 0.07421875 0.03125 0.0453125
2 0.759375 0.0234375 0.03125 0.040625
2 0.3 0.84140625 0.03046875 0.040625
2 0.68515625 0.1984375 0.03046875 0.03828125
2 0.528125 0.54140625 0.0265625 0.03515625
2 0.3125 0.68125 0.028125 0.03828125
2 0.17890625 0.48984375 0.0234375 0.03359375
2 0.859375 0.14765625 0.02578125 0.03203125
2 0.28359375 0.45390625 0.02421875 0.03203125
2 0.284375 0.6546875 0.02578125 0.03515625
2 0.8546875 0.08046875 0.02265625 0.03046875
2 0.553125 0.21171875 0.0296875 0.03515625
2 0.27109375 0.37890625 0.01953125 0.0265625
2 0.16796875 0.6890625 0.021875 0.028125
2 0.71953125 0.23203125 0.02421875 0.028125
2 0.1859375 0.5671875 0.0234375 0.03046875
2 0.80859375 0.22578125 0.02265625 0.02734375
2 0.29765625 0.5390625 0.02109375 0.028125
2 0.33515625 0.93828125 0.021875 0.02734375
2 0.1390625 0.07890625 0.02109375 0.02890625
2 0.26015625 0.33984375 0.0203125 0.03046875
2 0.575 0.475 0.0234375 0.02890625
2 0.16796875 0.35625 0.028125 0.0359375
2 0.2703125 0.30546875 0.015625 0.0203125
2 0.00625 0.46171875 0.0125 0.0265625
2 0.96328125 0.43515625 0.021875 0.028125
2 0.7578125 0.11875 0.01875 0.0265625
2 0.8421875 0.21484375 0.01796875 0.025
2 0.79765625 0.990625 0.0296875 0.0171875
2 0.80546875 0.39296875 0.0203125 0.028125
2 0.69453125 0.54609375 0.01953125 0.025
2 0.58828125 0.4984375 0.02109375 0.025
2 0.315625 0.4921875 0.01796875 0.02109375
2 0.25703125 0.72109375 0.01796875 0.02421875
2 0.6140625 0.40625 0.021875 0.0234375