2 0.1671875 0.9015625 0.03671875 0.0640625
2 0.4390625 0.88828125 0.03671875 0.053125
2 0.39765625 0.11328125 0.04453125 0.065625
2 0.8828125 0.95 0.03359375 0.05
2 0.228125 0.3359375 0.03046875 0.046875
2 0.9484375 0.91953125 0.03671875 0.0515625
2 0.609375 0.91796875 0.03203125 0.04453125
2 0.615625 0.490625 0.03125 0.04140625
2 0.22421875 0.60703125 0.0265625 0.03984375
2 0.5609375 0.1796875 0.021875 0.03203125
2 0.22734375 0.46328125 0.02578125 0.04140625
2 0.18671875 0.5484375 0.0453125 0.21171875
2 0.23515625 0.21640625 0.01796875 0.028125
2 0.2390625 0.0828125 0.02109375 0.0265625