2 0.5328125 0.32265625 0.03828125 0.06796875
2 0.75625 0.078125 0.03984375 0.05703125
2 0.84140625 0.17890625 0.034375 0.05859375
2 0.62734375 0.77265625 0.03359375 0.0515625
2 0.653125 0.49453125 0.03515625 0.053125
2 0.3515625 0.2015625 0.04609375 0.0796875
2 0.8921875 0.02421875 0.02890625 0.0453125
2 0.75703125 0.2234375 0.0328125 0.0484375
2 0.665625 0.35859375 0.0375 0.065625
2 0.64765625 0.2734375 0.028125 0.05078125
2 0.6328125 0.6625 0.0296875 0.03984375
2 0.48125 0.80078125 0.02734375 0.040625
2 0.09765625 0.38359375 0.025 0.0390625
2 0.640625 0.22890625 0.02734375 0.0359375
2 0.33671875 0.30625 0.02578125 0.0359375
2 0.76484375 0.63828125 0.02734375 0.040625
2 0.403125 0.9296875 0.021875 0.034375
2 0.42578125 0.20546875 0.021875 0.03203125
2 0.75859375 0.48125 0.03359375 0.0546875
2 0.4046875 0.1546875 0.01875 0.03046875
2 0.8515625 0.021875 0.03046875 0.040625
2 0.98203125 0.1625 0.01640625 0.0234375
2 0.33671875 0.92734375 0.02578125 0.0390625
2 0.7609375 0.47578125 0.02578125 0.03515625
2 0.18125 0.390625 0.040625 0.115625
2 0.6484375 0.91015625 0.02890625 0.1796875