2 0.44375 0.734375 0.02890625 0.03984375
2 0.7703125 0.87265625 0.034375 0.0484375
2 0.31640625 0.62734375 0.03203125 0.04609375
2 0.35390625 0.35546875 0.03046875 0.04296875
2 0.63984375 0.30390625 0.0328125 0.040625
2 0.690625 0.4453125 0.03125 0.04296875
2 0.0703125 0.5921875 0.03125 0.04375
2 0.10703125 0.38046875 0.03046875 0.0390625
2 0.44609375 0.53125 0.0328125 0.0453125
2 0.4109375 0.675 0.02890625 0.03984375
2 0.40546875 0.5328125 0.02890625 0.0421875
2 0.2625 0.41796875 0.03046875 0.040625
2 0.7796875 0.43125 0.02109375 0.02734375
2 0.8078125 0.8203125 0.02265625 0.028125
2 0.22109375 0.42421875 0.02890625 0.04296875
2 0.8203125 0.53671875 0.02734375 0.0359375
2 0.15703125 0.5421875 0.01875 0.03125
2 0.66484375 0.9640625 0.02109375 0.0328125
2 0.80859375 0.75859375 0.01796875 0.028125
2 0.56796875 0.31875 0.01875 0.0234375
2 0.60546875 0.3875 0.01875 0.02421875
2 0.503125 0.665625 0.0203125 0.02890625
2 0.7359375 0.85859375 0.01953125 0.0265625