2 0.33984375 0.51484375 0.0375 0.053125
2 0.44296875 0.43671875 0.03203125 0.0421875
2 0.64140625 0.4578125 0.03125 0.0515625
2 0.23984375 0.51484375 0.03046875 0.0421875
2 0.03671875 0.49375 0.046875 0.05859375
2 0.58359375 0.50859375 0.034375 0.0484375
2 0.02734375 0.20390625 0.0328125 0.04140625
2 0.0625 0.31640625 0.0375 0.05078125
2 0.521875 0.44296875 0.03125 0.04765625
2 0.3 0.44609375 0.0296875 0.04296875
2 0.2390625 0.40859375 0.03515625 0.04140625
2 0.2515625 0.6125 0.03125 0.04140625
2 0.721875 0.50078125 0.03046875 0.0453125
2 0.196875 0.3625 0.02734375 0.03984375
2 0.43671875 0.3234375 0.0296875 0.0390625
2 0.6859375 0.5828125 0.02265625 0.03984375
2 0.06640625 0.74765625 0.0296875 0.0375
2 0.79296875 0.75546875 0.01953125 0.02734375
2 0.16171875 0.66328125 0.03046875 0.0359375
2 0.85703125 0.5265625 0.0234375 0.03046875
2 0.15625 0.1859375 0.03046875 0.0359375
2 0.3953125 0.3875 0.02890625 0.04140625
2 0.81484375 0.7046875 0.01875 0.0296875
2 0.16875 0.32890625 0.01875 0.0296875
2 0.69609375 0.10390625 0.01953125 0.0265625
2 0.26328125 0.365625 0.0203125 0.0296875
2 0.290625 0.36875 0.01796875 0.02890625
2 0.68671875 0.46328125 0.02734375 0.0484375
2 0.225 0.29296875 0.01875 0.02734375
2 0.16484375 0.40234375 0.01953125 0.0265625
2 0.69375 0.3625 0.03359375 0.05546875
2 0.8671875 0.478125 0.01796875 0.02734375
2 0.66484375 0.37578125 0.01640625 0.02421875
2 0.34765625 0.84921875 0.02578125 0.0359375
2 0.59609375 0.4109375 0.01875 0.0265625
2 0.19765625 0.0953125 0.01953125 0.02578125
2 0.75234375 0.2515625 0.015625 0.0234375
2 0.25 0.1234375 0.025 0.0359375
2 0.03203125 0.321875 0.01875 0.040625
2 0.1953125 0.30546875 0.01875 0.03203125
2 0.36953125 0.3609375 0.02109375 0.02578125
2 0.0890625 0.8046875 0.02421875 0.03203125
2 0.9546875 0.48671875 0.015625 0.025
2 0.9640625 0.46484375 0.015625 0.02578125
2 0.09296875 0.26484375 0.01953125 0.02890625
2 0.215625 0.26640625 0.01953125 0.0234375