2 0.4703125 0.48046875 0.0390625 0.0625
2 0.984375 0.87578125 0.02734375 0.04375
2 0.746875 0.40625 0.04453125 0.06875
2 0.6734375 0.271875 0.03203125 0.04375
2 0.4703125 0.36875 0.02421875 0.03046875
2 0.47421875 0.19296875 0.02265625 0.0265625
2 0.81796875 0.21875 0.02421875 0.0296875
2 0.9515625 0.46640625 0.028125 0.03984375
2 0.89765625 0.409375 0.0203125 0.03046875
2 0.915625 0.34296875 0.02265625 0.03359375
2 0.453125 0.1421875 0.0203125 0.025
2 0.49375 0.05234375 0.02265625 0.02578125
2 0.496875 0.2125 0.0171875 0.025
2 0.434375 0.29765625 0.01875 0.02265625
2 0.3453125 0.93515625 0.02421875 0.02890625
2 0.4875 0.86875 0.0234375 0.028125
2 0.4578125 0.075 0.01796875 0.0234375
2 0.46015625 0.1046875 0.01875 0.02421875
2 0.6921875 0.23125 0.01640625 0.02109375
2 0.5265625 0.5640625 0.025 0.034375
2 0.66484375 0.16171875 0.01875 0.025
2 0.43828125 0.9828125 0.02265625 0.02578125
2 0.45625 0.27109375 0.01640625 0.02265625
2 0.3640625 0.39453125 0.01796875 0.025
2 0.9421875 0.16640625 0.01640625 0.02109375
2 0.53984375 0.06953125 0.01796875 0.025