2 0.8859375 0.5734375 0.05 0.0640625
2 0.9765625 0.796875 0.02578125 0.03671875
2 0.640625 0.7703125 0.04609375 0.075
2 0.06953125 0.59765625 0.0453125 0.0671875
2 0.2515625 0.6171875 0.03359375 0.04453125
2 0.9 0.96953125 0.03828125 0.0515625
2 0.15625 0.6140625 0.0328125 0.04296875
2 0.7 0.0296875 0.03125 0.04140625
2 0.3453125 0.5984375 0.03046875 0.0421875
2 0.56015625 0.54921875 0.03046875 0.03984375
2 0.10546875 0.6953125 0.02890625 0.04140625
2 0.25 0.4921875 0.0375 0.053125
2 0.70546875 0.62734375 0.06484375 0.13125
2 0.34140625 0.50703125 0.03671875 0.05078125
2 0.33515625 0.34921875 0.0296875 0.03828125
2 0.26328125 0.98515625 0.03203125 0.0296875
2 0.68984375 0.2421875 0.02578125 0.03203125
2 0.22578125 0.31796875 0.0328125 0.04609375
2 0.93046875 0.8546875 0.0171875 0.02578125
2 0.5390625 0.05078125 0.0296875 0.0375
2 0.0703125 0.740625 0.02578125 0.03671875
2 0.753125 0.91015625 0.01796875 0.0265625
2 0.78359375 0.96640625 0.01796875 0.0265625
2 0.46015625 0.19296875 0.0453125 0.06640625
2 0.121875 0.63046875 0.01953125 0.03359375
2 0.56953125 0.2625 0.0234375 0.0296875
2 0.6234375 0.46171875 0.025 0.0359375
2 0.425 0.91640625 0.06015625 0.14296875
2 0.88671875 0.73046875 0.01796875 0.02734375
2 0.840625 0.6265625 0.01953125 0.0265625
2 0.35 0.30390625 0.02578125 0.03828125
2 0.23203125 0.5484375 0.0203125 0.0265625
2 0.16953125 0.21484375 0.01953125 0.02421875
2 0.8125 0.57578125 0.01875 0.0234375
2 0.18125 0.74609375 0.0171875 0.021875
2 0.77421875 0.60234375 0.02265625 0.03515625
2 0.409375 0.0875 0.02890625 0.03671875
2 0.23828125 0.19296875 0.0265625 0.03671875
2 0.35546875 0.84921875 0.025 0.028125