2 0.3953125 0.46953125 0.05 0.08125
2 0.97578125 0.971875 0.0390625 0.05625
2 0.09140625 0.57578125 0.04609375 0.05390625
2 0.60546875 0.4109375 0.025 0.0390625
2 0.12109375 0.25 0.0328125 0.04609375
2 0.47734375 0.4109375 0.02890625 0.04453125
2 0.35546875 0.2078125 0.03046875 0.0390625
2 0.653125 0.471875 0.021875 0.03046875
2 0.85234375 0.7140625 0.0328125 0.0390625
2 0.43515625 0.29375 0.03046875 0.03984375
2 0.2265625 0.375 0.02265625 0.034375
2 0.70546875 0.1671875 0.0296875 0.03828125
2 0.59140625 0.16015625 0.0203125 0.02734375
2 0.653125 0.384375 0.021875 0.02734375
2 0.73125 0.903125 0.0296875 0.0390625
2 0.8265625 0.01875 0.03125 0.0328125
2 0.496875 0.246875 0.01953125 0.025
2 0.515625 0.51484375 0.0203125 0.025
2 0.55390625 0.39296875 0.01953125 0.03125
2 0.146875 0.3625 0.02109375 0.02734375
2 0.4953125 0.3828125 0.01875 0.02890625
2 0.878125 0.3765625 0.02109375 0.028125
2 0.19296875 0.34765625 0.01796875 0.02265625
2 0.5796875 0.14453125 0.01953125 0.0234375
2 0.17109375 0.95390625 0.0265625 0.0390625
2 0.546875 0.6015625 0.01171875 0.0375