2 0.51484375 0.4046875 0.03671875 0.0453125
2 0.5921875 0.2140625 0.03828125 0.05234375
2 0.15859375 0.36875 0.0609375 0.10625
2 0.6421875 0.5625 0.040625 0.05
2 0.77109375 0.65 0.034375 0.0453125
2 0.46171875 0.41796875 0.03984375 0.06328125
2 0.43671875 0.046875 0.034375 0.04609375
2 0.896875 0.12109375 0.02890625 0.0390625
2 0.41640625 0.60234375 0.03203125 0.0390625
2 0.42890625 0.23828125 0.03203125 0.0390625
2 0.84765625 0.665625 0.03203125 0.04296875
2 0.87578125 0.83046875 0.02890625 0.03359375
2 0.94609375 0.1265625 0.02421875 0.03203125
2 0.7625 0.4625 0.03203125 0.0390625
2 0.81484375 0.12734375 0.0296875 0.034375
2 0.5515625 0.26953125 0.01953125 0.02421875
2 0.7140625 0.90625 0.028125 0.0296875
2 0.54609375 0.07421875 0.02265625 0.02421875
2 0.8421875 0.0578125 0.01875 0.02265625
2 0.23046875 0.1640625 0.01875 0.02421875
2 0.97578125 0.8265625 0.02734375 0.03359375
2 0.19609375 0.390625 0.0203125 0.028125
2 0.36953125 0.6015625 0.01953125 0.02578125
2 0.48359375 0.9515625 0.02109375 0.028125
2 0.9015625 0.8328125 0.02890625 0.03515625
2 0.6484375 0.0875 0.021875 0.02578125
2 0.46328125 0.36640625 0.028125 0.03828125
2 0.58984375 0.92734375 0.02109375 0.02421875