2 0.1046875 0.6296875 0.03828125 0.0609375
2 0.46953125 0.97890625 0.03203125 0.03828125
2 0.921875 0.959375 0.03515625 0.05234375
2 0.0484375 0.465625 0.03828125 0.05546875
2 0.63984375 0.27421875 0.03359375 0.0421875
2 0.1515625 0.73125 0.03828125 0.05625
2 0.31015625 0.31953125 0.03046875 0.03828125
2 0.4328125 0.92109375 0.03125 0.03984375
2 0.49765625 0.91875 0.02734375 0.0375
2 0.52890625 0.07109375 0.02265625 0.03359375
2 0.06328125 0.36328125 0.04921875 0.07421875
2 0.25625 0.090625 0.03203125 0.04765625
2 0.028125 0.609375 0.021875 0.03046875
2 0.6828125 0.03671875 0.0203125 0.03046875
2 0.2875 0.06484375 0.03671875 0.0625
2 0.98671875 0.33359375 0.01875 0.025
2 0.1859375 0.784375 0.025 0.0421875
2 0.2046875 0.634375 0.01875 0.03046875
2 0.809375 0.35859375 0.02109375 0.02578125
2 0.975 0.1203125 0.0203125 0.02734375
2 0.38828125 0.30078125 0.0171875 0.021875
2 0.0984375 0.51640625 0.02109375 0.03203125
2 0.15234375 0.99140625 0.025 0.01484375