2 0.0953125 0.790625 0.05546875 0.0875
2 0.5875 0.59296875 0.0421875 0.0578125
2 0.77734375 0.6734375 0.03828125 0.05390625
2 0.59609375 0.35 0.04375 0.0671875
2 0.5546875 0.30078125 0.03359375 0.040625
2 0.2 0.33671875 0.03359375 0.04296875
2 0.02265625 0.1765625 0.0296875 0.04453125
2 0.915625 0.703125 0.02734375 0.03671875
2 0.29921875 0.7875 0.02890625 0.0390625
2 0.01328125 0.4171875 0.0265625 0.03828125
2 0.95234375 0.778125 0.028125 0.03984375
2 0.89921875 0.76328125 0.0265625 0.040625
2 0.93203125 0.61875 0.028125 0.03828125
2 0.52890625 0.465625 0.02734375 0.03671875
2 0.859375 0.93125 0.02109375 0.03125
2 0.5828125 0.4859375 0.02265625 0.02890625
2 0.15 0.7453125 0.02578125 0.03125
2 0.95 0.5578125 0.0234375 0.03203125
2 0.95234375 0.63359375 0.02109375 0.028125
2 0.50234375 0.58203125 0.01875 0.025
2 0.33671875 0.84375 0.01953125 0.02578125
2 0.57265625 0.36640625 0.02734375 0.03125
2 0.18046875 0.03359375 0.021875 0.0296875
2 0.14140625 0.69921875 0.02109375 0.02890625
2 0.3671875 0.02734375 0.02265625 0.02890625
2 0.20078125 0.9546875 0.0203125 0.03125
2 0.46484375 0.55078125 0.01640625 0.025
2 0.065625 0.21953125 0.021875 0.0265625
2 0.06171875 0.38984375 0.02734375 0.034375
2 0.78515625 0.9453125 0.01796875 0.02578125
2 0.4234375 0.2921875 0.02109375 0.028125
2 0.76875 0.98984375 0.01875 0.01796875
2 0.2859375 0.978125 0.05390625 0.040625
2 0.71171875 0.7609375 0.0265625 0.0375
2 0.59375 0.74765625 0.01875 0.0265625
2 0.7515625 0.9015625 0.01953125 0.02578125
2 0.56171875 0.7359375 0.0234375 0.03515625
2 0.0078125 0.22421875 0.01171875 0.02734375
2 0.18671875 0.39609375 0.0203125 0.02421875
2 0.4828125 0.26875 0.0171875 0.02109375
2 0.53984375 0.38828125 0.0171875 0.03125
2 0.728125 0.884375 0.01640625 0.02265625
2 0.63671875 0.428125 0.01875 0.0265625
2 0.4984375 0.6625 0.021875 0.02421875
2 0.725 0.8875 0.02265625 0.03515625
2 0.22734375 0.95859375 0.02265625 0.02890625
2 0.75546875 0.8828125 0.01796875 0.02734375