2 0.03203125 0.37578125 0.03515625 0.0484375
2 0.59609375 0.73046875 0.03359375 0.0515625
2 0.74765625 0.3359375 0.03984375 0.06875
2 0.434375 0.8015625 0.03046875 0.04453125
2 0.16328125 0.64765625 0.034375 0.0453125
2 0.703125 0.74375 0.04296875 0.08203125
2 0.2 0.40078125 0.03671875 0.0453125
2 0.2078125 0.76328125 0.0328125 0.0421875
2 0.70625 0.86484375 0.03203125 0.0421875
2 0.19375 0.57109375 0.028125 0.04140625
2 0.5671875 0.33203125 0.03125 0.046875
2 0.53203125 0.8578125 0.03359375 0.06015625
2 0.1421875 0.31796875 0.0265625 0.040625
2 0.1203125 0.4953125 0.0234375 0.03828125
2 0.07734375 0.54453125 0.0265625 0.03203125
2 0.2109375 0.6109375 0.028125 0.0359375
2 0.359375 0.90546875 0.03046875 0.03984375
2 0.271875 0.41171875 0.0296875 0.0375
2 0.98671875 0.4390625 0.0265625 0.03671875
2 0.27890625 0.74375 0.03046875 0.03984375
2 0.52421875 0.33828125 0.02578125 0.03984375
2 0.5 0.2421875 0.025 0.03359375
2 0.621875 0.51875 0.01875 0.028125
2 0.5953125 0.31640625 0.02109375 0.03046875
2 0.38359375 0.31875 0.02265625 0.02890625
2 0.35 0.228125 0.0234375 0.0328125
2 0.69140625 0.1515625 0.01875 0.028125
2 0.11796875 0.43359375 0.01953125 0.02578125
2 0.3265625 0.88203125 0.021875 0.02890625
2 0.47421875 0.82734375 0.0203125 0.034375
2 0.0921875 0.67890625 0.0203125 0.02734375
2 0.66171875 0.18203125 0.01796875 0.02578125
2 0.415625 0.75234375 0.0359375 0.0390625
2 0.1984375 0.48203125 0.01796875 0.025
2 0.4671875 0.1375 0.01953125 0.02578125
2 0.89140625 0.3390625 0.0203125 0.028125
2 0.7984375 0.32890625 0.01640625 0.0265625
2 0.2609375 0.53515625 0.02578125 0.03515625
2 0.0078125 0.55 0.015625 0.03984375
2 0.10703125 0.3265625 0.015625 0.025
2 0.16953125 0.40390625 0.0234375 0.0359375
2 0.646875 0.6421875 0.01875 0.025
2 0.34765625 0.46640625 0.0265625 0.03515625
2 0.4296875 0.29765625 0.0203125 0.0265625
2 0.0796875 0.32265625 0.02109375 0.0484375