2 0.15546875 0.25625 0.0390625 0.05390625
2 0.759375 0.1359375 0.04453125 0.06875
2 0.925 0.490625 0.0328125 0.04609375
2 0.98046875 0.36953125 0.0296875 0.03984375
2 0.453125 0.625 0.0421875 0.05
2 0.69140625 0.975 0.02890625 0.034375
2 0.95859375 0.94375 0.02578125 0.03671875
2 0.9859375 0.51640625 0.025 0.0375
2 0.10859375 0.6015625 0.03203125 0.03515625
2 0.99296875 0.959375 0.0140625 0.03046875
2 0.6828125 0.171875 0.01875 0.025
2 0.98984375 0.81484375 0.01953125 0.034375
2 0.98125 0.1109375 0.028125 0.03046875
2 0.60390625 0.3609375 0.01953125 0.02109375
2 0.3578125 0.58046875 0.01953125 0.02421875
2 0.63125 0.38515625 0.01875 0.0234375
2 0.11328125 0.81640625 0.0203125 0.0265625
2 0.74921875 0.95 0.03515625 0.03515625