2 0.09453125 0.4265625 0.03671875 0.05625
2 0.85390625 0.07421875 0.04609375 0.08359375
2 0.80859375 0.08046875 0.03125 0.0484375
2 0.309375 0.9546875 0.0375 0.0578125
2 0.7765625 0.475 0.03515625 0.05546875
2 0.36875 0.4453125 0.0328125 0.0515625
2 0.77109375 0.184375 0.03046875 0.0453125
2 0.20078125 0.97734375 0.04140625 0.04453125
2 0.51953125 0.440625 0.03203125 0.05
2 0.846875 0.34296875 0.03984375 0.06171875
2 0.30546875 0.3859375 0.0328125 0.04921875
2 0.8515625 0.5734375 0.04296875 0.07734375
2 0.83125 0.43359375 0.03046875 0.04296875
2 0.625 0.49609375 0.03203125 0.04375
2 0.34921875 0.259375 0.025 0.040625
2 0.12890625 0.02109375 0.03046875 0.03984375
2 0.715625 0.2640625 0.028125 0.04140625
2 0.63828125 0.33125 0.03359375 0.05703125
2 0.371875 0.58984375 0.03125 0.046875
2 0.66640625 0.32890625 0.05546875 0.06640625
2 0.22578125 0.3859375 0.02578125 0.03828125
2 0.37578125 0.665625 0.02734375 0.03984375
2 0.415625 0.2046875 0.0171875 0.02734375
2 0.40390625 0.2703125 0.0171875 0.02578125
2 0.26015625 0.015625 0.0359375 0.03125
2 0.7140625 0.1125 0.0484375 0.11640625
2 0.3515625 0.5640625 0.02265625 0.0375
2 0.00859375 0.4703125 0.015625 0.04296875
2 0.11328125 0.31171875 0.0203125 0.03125
2 0.67578125 0.321875 0.03515625 0.0515625
2 0.67890625 0.80703125 0.021875 0.0328125