2 0.6625 0.25234375 0.05 0.0671875
2 0.19453125 0.94921875 0.0484375 0.0875
2 0.19140625 0.2484375 0.04609375 0.08359375
2 0.03671875 0.62734375 0.03359375 0.04765625
2 0.96953125 0.3765625 0.03203125 0.04296875
2 0.071875 0.3296875 0.03046875 0.04375
2 0.115625 0.634375 0.02890625 0.03984375
2 0.72109375 0.43828125 0.028125 0.03984375
2 0.11953125 0.10546875 0.0375 0.06171875
2 0.98828125 0.28046875 0.01484375 0.0234375
2 0.6984375 0.5625 0.0265625 0.03984375
2 0.4234375 0.6203125 0.02578125 0.0375
2 0.47421875 0.13984375 0.02578125 0.03671875
2 0.18125 0.365625 0.0359375 0.06484375
2 0.42421875 0.18125 0.01875 0.02734375
2 0.19453125 0.6171875 0.03203125 0.14609375