2 0.40390625 0.68671875 0.0375 0.04453125
2 0.959375 0.97734375 0.034375 0.0421875
2 0.771875 0.48515625 0.0359375 0.0484375
2 0.88046875 0.68359375 0.03984375 0.06484375
2 0.675 0.73671875 0.03046875 0.04296875
2 0.9453125 0.63203125 0.02734375 0.0390625
2 0.81953125 0.71015625 0.02734375 0.034375
2 0.21796875 0.675 0.0265625 0.03671875
2 0.4703125 0.76640625 0.02421875 0.0328125
2 0.58671875 0.3828125 0.02734375 0.03125
2 0.93984375 0.496875 0.03046875 0.03671875
2 0.2859375 0.73125 0.0234375 0.03359375
2 0.4453125 0.4890625 0.0296875 0.0390625
2 0.66171875 0.98984375 0.03359375 0.01796875
2 0.33359375 0.7125 0.0203125 0.02578125
2 0.71171875 0.784375 0.0296875 0.03359375
2 0.14765625 0.46953125 0.01875 0.021875
2 0.6 0.51015625 0.015625 0.02265625
2 0.5328125 0.6109375 0.0140625 0.0328125
2 0.7515625 0.75234375 0.01640625 0.02734375
2 0.88359375 0.58828125 0.01640625 0.034375
2 0.83359375 0.74765625 0.0125 0.02109375