2 0.01484375 0.67734375 0.0265625 0.0453125
2 0.61484375 0.8125 0.03125 0.0453125
2 0.30625 0.56640625 0.03359375 0.03984375
2 0.79453125 0.50078125 0.034375 0.03828125
2 0.51015625 0.4890625 0.03359375 0.03828125
2 0.07890625 0.85078125 0.0328125 0.03984375
2 0.35625 0.88515625 0.025 0.0390625
2 0.584375 0.30078125 0.03125 0.0375
2 0.3859375 0.309375 0.0296875 0.03515625
2 0.3265625 0.78046875 0.0265625 0.0328125
2 0.71796875 0.4046875 0.02890625 0.0359375
2 0.28203125 0.6640625 0.02890625 0.03515625
2 0.5921875 0.03359375 0.02265625 0.02578125
2 0.1125 0.590625 0.02109375 0.02734375
2 0.33359375 0.884375 0.01953125 0.0265625
2 0.0953125 0.4390625 0.0203125 0.0265625
2 0.63046875 0.01015625 0.02890625 0.01953125
2 0.23046875 0.009375 0.01953125 0.01875
2 0.33046875 0.40625 0.02890625 0.034375
2 0.38515625 0.1171875 0.021875 0.025
2 0.29296875 0.89375 0.01875 0.0296875