2 0.26484375 0.6265625 0.05078125 0.084375
2 0.0734375 0.84453125 0.065625 0.10390625
2 0.94921875 0.60859375 0.04140625 0.0546875
2 0.3921875 0.98125 0.034375 0.0375
2 0.38203125 0.84375 0.03984375 0.04765625
2 0.57890625 0.515625 0.03203125 0.04453125
2 0.6578125 0.19921875 0.0328125 0.04296875
2 0.85234375 0.3453125 0.0296875 0.04296875
2 0.88828125 0.46015625 0.03828125 0.04453125
2 0.85078125 0.55546875 0.02265625 0.03046875
2 0.865625 0.40390625 0.028125 0.034375
2 0.01875 0.14609375 0.0296875 0.0375
2 0.80234375 0.703125 0.021875 0.02890625
2 0.5015625 0.30078125 0.028125 0.0390625
2 0.71796875 0.16484375 0.028125 0.03828125
2 0.98359375 0.41171875 0.01796875 0.0265625
2 0.3484375 0.88125 0.02109375 0.040625
2 0.7140625 0.7578125 0.01796875 0.02890625
2 0.39296875 0.89140625 0.02734375 0.040625
2 0.6125 0.4078125 0.0203125 0.0328125