2 0.66484375 0.82109375 0.0328125 0.04921875
2 0.67421875 0.63046875 0.0421875 0.06328125
2 0.10625 0.38203125 0.03671875 0.0515625
2 0.1328125 0.69609375 0.03359375 0.04765625
2 0.09296875 0.5 0.0328125 0.0453125
2 0.1734375 0.23046875 0.03125 0.0375
2 0.62734375 0.90078125 0.0296875 0.0375
2 0.55703125 0.54765625 0.03046875 0.0375
2 0.0734375 0.54296875 0.028125 0.034375
2 0.67890625 0.70390625 0.025 0.0359375
2 0.61640625 0.7859375 0.02734375 0.034375
2 0.69375 0.371875 0.02421875 0.028125
2 0.69453125 0.25703125 0.02109375 0.0328125
2 0.30390625 0.990625 0.0296875 0.01640625
2 0.08984375 0.9046875 0.0203125 0.0296875
2 0.28359375 0.58828125 0.0203125 0.02421875
2 0.67734375 0.2453125 0.0203125 0.02421875
2 0.40859375 0.5703125 0.02578125 0.028125
2 0.70546875 0.0140625 0.0296875 0.028125
2 0.29296875 0.11640625 0.0203125 0.0234375