2 0.04765625 0.56953125 0.03203125 0.0421875
2 0.96328125 0.73046875 0.0328125 0.04140625
2 0.28125 0.70078125 0.0265625 0.034375
2 0.05546875 0.62734375 0.02421875 0.03203125
2 0.24140625 0.6703125 0.01953125 0.02734375
2 0.9015625 0.04765625 0.03203125 0.040625
2 0.93515625 0.459375 0.01953125 0.02734375
2 0.3203125 0.30078125 0.025 0.03125
2 0.86328125 0.49375 0.01953125 0.02578125
2 0.31796875 0.84453125 0.02578125 0.02734375
2 0.665625 0.91328125 0.03125 0.03828125
2 0.1578125 0.24765625 0.01875 0.025
2 0.22890625 0.5734375 0.01953125 0.025
2 0.37265625 0.9296875 0.0203125 0.0265625
2 0.18125 0.90703125 0.01796875 0.02734375
2 0.934375 0.45390625 0.03125 0.03125