2 0.5890625 0.92578125 0.03046875 0.0453125
2 0.75859375 0.09375 0.03203125 0.0453125
2 0.471875 0.17578125 0.0484375 0.06953125
2 0.41640625 0.41796875 0.0421875 0.0765625
2 0.81875 0.94140625 0.03515625 0.05
2 0.0265625 0.721875 0.03984375 0.0703125
2 0.0125 0.92734375 0.0234375 0.0515625
2 0.80859375 0.70390625 0.0265625 0.0328125
2 0.76328125 0.30859375 0.02421875 0.03203125
2 0.06484375 0.825 0.0296875 0.03984375
2 0.71484375 0.0296875 0.01953125 0.02734375
2 0.63671875 0.1828125 0.02109375 0.02578125
2 0.83515625 0.590625 0.03046875 0.0359375
2 0.84296875 0.27890625 0.01796875 0.02890625
2 0.33515625 0.87734375 0.02578125 0.03671875
2 0.7296875 0.6953125 0.0234375 0.03046875
2 0.81875 0.5078125 0.02578125 0.0328125
2 0.471875 0.2515625 0.02265625 0.0375
2 0.4 0.85546875 0.03125 0.04453125
2 0.521875 0.59921875 0.0265625 0.03515625
2 0.821875 0.37890625 0.021875 0.02734375
2 0.8421875 0.7359375 0.0203125 0.02890625
2 0.840625 0.18984375 0.01953125 0.02421875
2 0.59296875 0.76171875 0.025 0.0375
2 0.81328125 0.2984375 0.01796875 0.02109375