2 0.97734375 0.275 0.034375 0.0671875
2 0.32890625 0.3609375 0.03828125 0.06484375
2 0.953125 0.5390625 0.0359375 0.0515625
2 0.4015625 0.15625 0.03671875 0.053125
2 0.07578125 0.2890625 0.03828125 0.0625
2 0.58046875 0.54921875 0.03515625 0.04609375
2 0.475 0.4421875 0.0328125 0.03984375
2 0.05859375 0.7734375 0.03125 0.0390625
2 0.18515625 0.646875 0.025 0.03046875
2 0.29453125 0.49765625 0.02421875 0.0296875
2 0.2921875 0.759375 0.021875 0.0328125
2 0.9234375 0.0296875 0.02109375 0.03046875
2 0.284375 0.61328125 0.02578125 0.03515625
2 0.55546875 0.77578125 0.0296875 0.034375
2 0.33046875 0.49140625 0.025 0.03046875
2 0.00859375 0.3890625 0.015625 0.0296875
2 0.55390625 0.9265625 0.01875 0.02734375
2 0.2359375 0.15859375 0.01953125 0.02734375
2 0.446875 0.76953125 0.0203125 0.0234375
2 0.3109375 0.9890625 0.02265625 0.01796875
2 0.578125 0.9328125 0.0203125 0.0234375
2 0.3359375 0.74140625 0.01875 0.02109375
2 0.5734375 0.67578125 0.01171875 0.0203125
2 0.3375 0.40546875 0.01328125 0.0203125