2 0.35078125 0.72265625 0.034375 0.053125
2 0.80390625 0.56171875 0.03671875 0.05078125
2 0.3375 0.78671875 0.03125 0.04453125
2 0.88359375 0.79609375 0.0234375 0.0328125
2 0.9375 0.79140625 0.02109375 0.0296875
2 0.3453125 0.92734375 0.02734375 0.0328125
2 0.9140625 0.87421875 0.01875 0.02734375
2 0.8703125 0.94609375 0.01875 0.02734375
2 0.92109375 0.9375 0.02109375 0.02734375
2 0.865625 0.75390625 0.0203125 0.02890625
2 0.92421875 0.97421875 0.01953125 0.02890625
2 0.42578125 0.59296875 0.0203125 0.02421875
2 0.90234375 0.7671875 0.01875 0.02265625
2 0.91328125 0.703125 0.015625 0.0296875
2 0.8859375 0.86015625 0.01875 0.0234375
2 0.35390625 0.9890625 0.01796875 0.0171875
2 0.69375 0.74453125 0.01875 0.021875
2 0.93046875 0.69765625 0.015625 0.03125
2 0.8796875 0.9078125 0.01875 0.028125
2 0.63515625 0.96953125 0.0171875 0.02265625
2 0.88984375 0.88828125 0.01484375 0.03125
2 0.59609375 0.62109375 0.01953125 0.02421875
2 0.55546875 0.80546875 0.01640625 0.02265625
2 0.909375 0.6375 0.01953125 0.025
2 0.90390625 0.9703125 0.01875 0.021875
2 0.33515625 0.41328125 0.02109375 0.02421875
2 0.47421875 0.83515625 0.01796875 0.01953125