2 0.6453125 0.92578125 0.03203125 0.05
2 0.32578125 0.378125 0.03671875 0.04609375
2 0.665625 0.8765625 0.03046875 0.04453125
2 0.93515625 0.4140625 0.034375 0.04609375
2 0.77109375 0.43125 0.034375 0.05390625
2 0.34921875 0.1828125 0.03984375 0.05703125
2 0.45859375 0.3515625 0.03125 0.03984375
2 0.6921875 0.696875 0.0328125 0.04296875
2 0.6 0.7609375 0.02734375 0.040625
2 0.24609375 0.6125 0.0296875 0.040625
2 0.55859375 0.58203125 0.028125 0.0328125
2 0.4109375 0.95234375 0.028125 0.03671875
2 0.19140625 0.621875 0.025 0.03203125
2 0.959375 0.6578125 0.02109375 0.0328125
2 0.60625 0.70703125 0.0234375 0.0375
2 0.3875 0.3171875 0.025 0.03125
2 0.46015625 0.86328125 0.0203125 0.02265625
2 0.8796875 0.81171875 0.01875 0.0265625
2 0.5453125 0.82578125 0.01640625 0.0234375
2 0.99453125 0.85625 0.0109375 0.028125
2 0.51875 0.746875 0.01875 0.02109375
2 0.284375 0.42890625 0.02421875 0.0328125
2 0.1578125 0.47890625 0.02109375 0.02734375