2 0.11171875 0.1984375 0.04296875 0.065625
2 0.090625 0.896875 0.03359375 0.05546875
2 0.9796875 0.96796875 0.034375 0.05
2 0.778125 0.30859375 0.03203125 0.0421875
2 0.6796875 0.01484375 0.02890625 0.02890625
2 0.0484375 0.23984375 0.06171875 0.13046875
2 0.98671875 0.48671875 0.0265625 0.0390625
2 0.853125 0.73671875 0.02578125 0.0359375
2 0.48515625 0.48359375 0.02578125 0.0359375
2 0.55390625 0.384375 0.0265625 0.0328125
2 0.7 0.24296875 0.025 0.03203125
2 0.35546875 0.12734375 0.021875 0.0296875
2 0.99140625 0.3828125 0.01328125 0.02578125
2 0.97578125 0.76953125 0.02109375 0.03671875
2 0.8296875 0.9703125 0.03046875 0.04140625
2 0.98359375 0.01484375 0.02109375 0.02578125
2 0.2875 0.2109375 0.02421875 0.03671875
2 0.4875 0.9390625 0.021875 0.03359375
2 0.2046875 0.39453125 0.015625 0.034375
2 0.1515625 0.5625 0.0125 0.0203125
2 0.184375 0.5421875 0.0078125 0.02109375
2 0.378125 0.35234375 0.01328125 0.02109375
2 0.446875 0.525 0.0125 0.01875