2 0.5 0.91796875 0.053125 0.071875
2 0.04609375 0.64375 0.0328125 0.04296875
2 0.6203125 0.60625 0.0265625 0.03359375
2 0.5734375 0.55 0.028125 0.03828125
2 0.28671875 0.309375 0.0328125 0.03828125
2 0.440625 0.2921875 0.02890625 0.0390625
2 0.35703125 0.5375 0.02421875 0.03203125
2 0.06640625 0.31484375 0.02109375 0.0296875
2 0.96328125 0.434375 0.01953125 0.028125
2 0.2046875 0.35078125 0.02265625 0.034375
2 0.43984375 0.49140625 0.02265625 0.03125
2 0.1203125 0.28984375 0.021875 0.0296875
2 0.4671875 0.5359375 0.0203125 0.02734375
2 0.86015625 0.34765625 0.0203125 0.03046875
2 0.36015625 0.459375 0.02734375 0.03359375
2 0.06640625 0.459375 0.02109375 0.028125
2 0.4734375 0.6421875 0.02578125 0.03671875
2 0.22265625 0.37265625 0.01953125 0.02890625
2 0.9265625 0.83125 0.01796875 0.02578125
2 0.10859375 0.625 0.01953125 0.03125
2 0.06171875 0.5703125 0.01953125 0.025
2 0.96640625 0.08125 0.0296875 0.03359375
2 0.609375 0.47734375 0.0203125 0.02890625