2 0.196875 0.08671875 0.0296875 0.0421875
2 0.55390625 0.08359375 0.0296875 0.04453125
2 0.61875 0.7296875 0.0296875 0.04375
2 0.8765625 0.68203125 0.028125 0.03671875
2 0.634375 0.41953125 0.03046875 0.0390625
2 0.83203125 0.03125 0.02734375 0.03828125
2 0.6109375 0.84765625 0.02890625 0.0421875
2 0.87734375 0.37734375 0.02734375 0.03359375
2 0.73359375 0.09140625 0.0203125 0.0296875
2 0.334375 0.34375 0.0265625 0.03828125
2 0.85859375 0.21328125 0.0203125 0.03125
2 0.965625 0.79453125 0.0203125 0.03203125
2 0.3265625 0.04296875 0.0203125 0.02578125
2 0.9734375 0.8984375 0.021875 0.03203125
2 0.15234375 0.146875 0.0234375 0.03359375
2 0.61953125 0.50078125 0.01953125 0.02890625