2 0.10859375 0.65625 0.03515625 0.046875
2 0.046875 0.50078125 0.0359375 0.05625
2 0.26328125 0.82890625 0.03515625 0.04140625
2 0.25625 0.1875 0.0328125 0.04375
2 0.5203125 0.0203125 0.03125 0.03515625
2 0.978125 0.92265625 0.03125 0.04296875
2 0.47421875 0.20078125 0.034375 0.0421875
2 0.6625 0.825 0.03515625 0.03984375
2 0.21640625 0.55234375 0.03046875 0.0359375
2 0.71640625 0.98671875 0.0359375 0.02578125
2 0.88125 0.37265625 0.02734375 0.03203125
2 0.76875 0.17265625 0.03203125 0.03828125
2 0.31015625 0.2203125 0.0296875 0.0375
2 0.97578125 0.11015625 0.02265625 0.02890625
2 0.85 0.7453125 0.0296875 0.03671875
2 0.525 0.4046875 0.0265625 0.03515625
2 0.9203125 0.253125 0.0203125 0.025
2 0.2421875 0.47109375 0.0265625 0.02890625
2 0.765625 0.60078125 0.021875 0.02265625
2 0.61015625 0.5203125 0.0125 0.03125
2 0.69140625 0.8546875 0.01328125 0.02109375
2 0.83203125 0.1875 0.0125 0.02578125
2 0.44609375 0.2265625 0.01328125 0.02734375