2 0.97109375 0.84140625 0.03515625 0.05390625
2 0.2359375 0.39375 0.03828125 0.0484375
2 0.828125 0.6359375 0.04453125 0.0671875
2 0.31875 0.696875 0.02890625 0.04765625
2 0.63515625 0.78203125 0.03515625 0.05625
2 0.2 0.3578125 0.03515625 0.053125
2 0.46640625 0.4328125 0.0328125 0.05234375
2 0.77109375 0.94140625 0.0265625 0.03515625
2 0.84609375 0.12890625 0.0296875 0.0359375
2 0.71875 0.7171875 0.03671875 0.04765625
2 0.07578125 0.1828125 0.03046875 0.03984375
2 0.3578125 0.36953125 0.02890625 0.04296875
2 0.56875 0.33125 0.01875 0.02734375
2 0.8625 0.40390625 0.028125 0.03359375
2 0.403125 0.66015625 0.0203125 0.0265625
2 0.178125 0.3 0.02265625 0.034375
2 0.684375 0.6859375 0.04609375 0.08984375
2 0.87734375 0.9203125 0.0171875 0.021875
2 0.59609375 0.55234375 0.01953125 0.028125
2 0.2140625 0.20625 0.0265625 0.034375
2 0.5703125 0.44140625 0.01640625 0.0234375
2 0.746875 0.271875 0.02421875 0.03515625
2 0.7671875 0.196875 0.028125 0.03359375
2 0.09140625 0.61171875 0.01875 0.025
2 0.36328125 0.20078125 0.025 0.034375
2 0.60078125 0.34375 0.01875 0.02578125
2 0.5015625 0.440625 0.01640625 0.028125
2 0.37578125 0.75703125 0.0140625 0.04296875
2 0.53125 0.58125 0.0140625 0.0375
2 0.575 0.60546875 0.01328125 0.03125