2 0.3546875 0.92578125 0.03203125 0.05
2 0.67421875 0.378125 0.03671875 0.04609375
2 0.334375 0.8765625 0.03046875 0.04453125
2 0.06484375 0.4140625 0.034375 0.04609375
2 0.22890625 0.43125 0.034375 0.05390625
2 0.65078125 0.1828125 0.03984375 0.05703125
2 0.54140625 0.3515625 0.03125 0.03984375
2 0.3078125 0.696875 0.0328125 0.04296875
2 0.4 0.7609375 0.02734375 0.040625
2 0.75390625 0.6125 0.0296875 0.040625
2 0.44140625 0.58203125 0.028125 0.0328125
2 0.5890625 0.95234375 0.028125 0.03671875
2 0.80859375 0.621875 0.025 0.03203125
2 0.040625 0.6578125 0.02109375 0.0328125
2 0.39375 0.70703125 0.0234375 0.0375
2 0.6125 0.3171875 0.025 0.03125
2 0.53984375 0.86328125 0.0203125 0.02265625
2 0.1203125 0.81171875 0.01875 0.0265625
2 0.4546875 0.82578125 0.01640625 0.0234375
2 0.00546875 0.85625 0.0109375 0.028125
2 0.48125 0.746875 0.01875 0.02109375
2 0.715625 0.42890625 0.02421875 0.0328125
2 0.8421875 0.47890625 0.02109375 0.02734375