2 0.590625 0.778125 0.03515625 0.05078125
2 0.64375 0.85 0.04921875 0.07265625
2 0.27109375 0.76015625 0.03828125 0.0578125
2 0.0671875 0.4078125 0.03671875 0.0546875
2 0.71875 0.4078125 0.0328125 0.0484375
2 0.18671875 0.43359375 0.0359375 0.046875
2 0.15859375 0.86953125 0.03203125 0.04375
2 0.45234375 0.98359375 0.03828125 0.0328125
2 0.425 0.85078125 0.02890625 0.04921875
2 0.05390625 0.25390625 0.0265625 0.03828125
2 0.68984375 0.49375 0.0234375 0.03125
2 0.14453125 0.3265625 0.02578125 0.03828125
2 0.059375 0.1890625 0.03203125 0.0421875
2 0.21484375 0.30546875 0.028125 0.03515625
2 0.54296875 0.309375 0.0265625 0.03828125
2 0.690625 0.53359375 0.02109375 0.02578125
2 0.18359375 0.271875 0.02265625 0.0296875
2 0.125 0.5921875 0.025 0.04140625
2 0.890625 0.21015625 0.0203125 0.0328125
2 0.00703125 0.43828125 0.0140625 0.0296875
2 0.3125 0.32265625 0.0203125 0.0265625
2 0.21015625 0.61640625 0.0203125 0.03046875
2 0.68984375 0.5859375 0.01875 0.02734375
2 0.11484375 0.9875 0.021875 0.02421875
2 0.10859375 0.48046875 0.01875 0.02578125
2 0.5234375 0.640625 0.025 0.03515625