2 0.5296875 0.48046875 0.0390625 0.0625
2 0.015625 0.87578125 0.02734375 0.04375
2 0.253125 0.40625 0.04453125 0.06875
2 0.3265625 0.271875 0.03203125 0.04375
2 0.5296875 0.36875 0.02421875 0.03046875
2 0.52578125 0.19296875 0.02265625 0.0265625
2 0.18203125 0.21875 0.02421875 0.0296875
2 0.0484375 0.46640625 0.028125 0.03984375
2 0.10234375 0.409375 0.0203125 0.03046875
2 0.084375 0.34296875 0.02265625 0.03359375
2 0.546875 0.1421875 0.0203125 0.025
2 0.50625 0.05234375 0.02265625 0.02578125
2 0.503125 0.2125 0.0171875 0.025
2 0.565625 0.29765625 0.01875 0.02265625
2 0.6546875 0.93515625 0.02421875 0.02890625
2 0.5125 0.86875 0.0234375 0.028125
2 0.5421875 0.075 0.01796875 0.0234375
2 0.53984375 0.1046875 0.01875 0.02421875
2 0.3078125 0.23125 0.01640625 0.02109375
2 0.4734375 0.5640625 0.025 0.034375
2 0.33515625 0.16171875 0.01875 0.025
2 0.56171875 0.9828125 0.02265625 0.02578125
2 0.54375 0.27109375 0.01640625 0.02265625
2 0.6359375 0.39453125 0.01796875 0.025
2 0.0578125 0.16640625 0.01640625 0.02109375
2 0.46015625 0.06953125 0.01796875 0.025