2 0.95078125 0.4515625 0.04453125 0.07265625
2 0.34609375 0.08828125 0.0546875 0.07890625
2 0.72578125 0.20234375 0.03359375 0.04140625
2 0.5234375 0.58359375 0.03046875 0.04140625
2 0.35859375 0.44609375 0.0328125 0.04296875
2 0.25 0.0984375 0.0359375 0.05390625
2 0.78984375 0.33203125 0.021875 0.0328125
2 0.08515625 0.89140625 0.03359375 0.03984375
2 0.6140625 0.59765625 0.028125 0.0375
2 0.634375 0.85078125 0.02578125 0.03203125
2 0.9734375 0.56171875 0.0453125 0.08984375
2 0.02421875 0.35859375 0.01875 0.025
2 0.6078125 0.53046875 0.01953125 0.02421875
2 0.63984375 0.7265625 0.0203125 0.025
2 0.61875 0.67109375 0.02265625 0.02890625
2 0.08515625 0.2890625 0.0203125 0.02734375
2 0.64140625 0.15859375 0.02109375 0.025
2 0.94296875 0.98984375 0.040625 0.01640625
2 0.809375 0.52265625 0.0203125 0.0234375
2 0.63671875 0.25390625 0.0203125 0.0265625
2 0.87734375 0.84609375 0.0234375 0.02578125
2 0.68125 0.80390625 0.0203125 0.02734375
2 0.49609375 0.71328125 0.0203125 0.0234375
2 0.78515625 0.3984375 0.01875 0.025
2 0.54609375 0.1 0.01953125 0.02421875