2 0.69296875 0.6796875 0.028125 0.04140625
2 0.59140625 0.5953125 0.028125 0.03515625
2 0.17890625 0.90078125 0.03125 0.0375
2 0.76015625 0.66484375 0.01875 0.0234375
2 0.4765625 0.5453125 0.02734375 0.03359375
2 0.6390625 0.63125 0.021875 0.03046875
2 0.43359375 0.60703125 0.02734375 0.03203125
2 0.79296875 0.94453125 0.02421875 0.02890625
2 0.2546875 0.55859375 0.02421875 0.0296875
2 0.50546875 0.7453125 0.01875 0.025
2 0.75859375 0.596875 0.01953125 0.02578125
2 0.465625 0.90546875 0.02109375 0.02734375
2 0.60703125 0.4671875 0.0203125 0.03046875
2 0.25625 0.86875 0.02421875 0.03359375
2 0.0328125 0.18828125 0.0390625 0.0484375
2 0.38984375 0.3640625 0.021875 0.0296875
2 0.11640625 0.9125 0.0203125 0.02421875
2 0.80078125 0.6640625 0.01640625 0.0265625
2 0.3140625 0.96875 0.01953125 0.02421875
2 0.87421875 0.81875 0.01875 0.02421875
2 0.56171875 0.440625 0.0203125 0.025
2 0.265625 0.896875 0.01953125 0.0265625