2 0.14609375 0.88203125 0.03671875 0.0515625
2 0.978125 0.575 0.0359375 0.05078125
2 0.01328125 0.571875 0.0265625 0.05
2 0.42734375 0.55078125 0.03515625 0.04375
2 0.95390625 0.721875 0.02578125 0.0328125
2 0.4421875 0.7890625 0.03984375 0.046875
2 0.43203125 0.4109375 0.03046875 0.03671875
2 0.05234375 0.55 0.0234375 0.0296875
2 0.85625 0.9140625 0.03203125 0.0375
2 0.60703125 0.9828125 0.03046875 0.03046875
2 0.275 0.746875 0.02265625 0.0296875
2 0.9859375 0.85625 0.02421875 0.034375
2 0.17109375 0.53671875 0.02890625 0.03671875
2 0.66640625 0.5390625 0.025 0.03125
2 0.80546875 0.70078125 0.02890625 0.0359375
2 0.26015625 0.58515625 0.03046875 0.0375
2 0.28203125 0.88125 0.02109375 0.03125
2 0.48984375 0.50234375 0.02265625 0.0296875
2 0.859375 0.5078125 0.02265625 0.0296875
2 0.81484375 0.50625 0.021875 0.02734375
2 0.928125 0.42109375 0.02265625 0.0296875
2 0.46640625 0.9296875 0.01875 0.02421875
2 0.2078125 0.66015625 0.01796875 0.025
2 0.82890625 0.41171875 0.03046875 0.040625
2 0.7 0.49765625 0.0234375 0.02890625
2 0.33125 0.746875 0.0171875 0.021875
2 0.51640625 0.5078125 0.02109375 0.02890625
2 0.29453125 0.95625 0.01640625 0.02421875
2 0.23125 0.6875 0.01796875 0.025
2 0.53125 0.8484375 0.02109375 0.0203125
2 0.54375 0.6375 0.01953125 0.02734375
2 0.76875 0.315625 0.0203125 0.02578125
2 0.96484375 0.9875 0.02265625 0.0203125
2 0.334375 0.03203125 0.0234375 0.03125
2 0.37265625 0.67734375 0.02109375 0.028125
2 0.578125 0.684375 0.025 0.03359375
2 0.21171875 0.7296875 0.015625 0.021875
2 0.47734375 0.61015625 0.01796875 0.0234375
2 0.709375 0.3671875 0.0203125 0.02265625
2 0.9421875 0.62109375 0.01953125 0.02265625
2 0.740625 0.4015625 0.02734375 0.03203125
2 0.2265625 0.43671875 0.01875 0.0234375
2 0.6390625 0.8234375 0.03125 0.03203125
2 0.696875 0.36015625 0.01875 0.02578125
2 0.39140625 0.621875 0.0171875 0.02109375