2 0.87109375 0.90078125 0.04140625 0.07265625
2 0.01640625 0.978125 0.028125 0.04296875
2 0.36953125 0.8921875 0.03984375 0.0484375
2 0.034375 0.45390625 0.0453125 0.06171875
2 0.428125 0.16328125 0.034375 0.0453125
2 0.93359375 0.6203125 0.03046875 0.03671875
2 0.69296875 0.19296875 0.03828125 0.05
2 0.55390625 0.4640625 0.03515625 0.0453125
2 0.3984375 0.984375 0.02109375 0.0265625
2 0.4359375 0.8984375 0.03203125 0.03671875
2 0.0515625 0.20390625 0.034375 0.04921875
2 0.25 0.12109375 0.03125 0.0375
2 0.446875 0.11015625 0.02109375 0.02734375
2 0.9140625 0.75234375 0.01796875 0.02578125
2 0.1453125 0.85234375 0.02109375 0.03203125
2 0.18359375 0.1328125 0.02109375 0.02890625
2 0.0953125 0.24609375 0.0296875 0.0359375
2 0.05703125 0.85546875 0.01953125 0.02890625
2 0.2921875 0.80234375 0.0203125 0.02578125
2 0.99453125 0.87109375 0.01015625 0.025
2 0.93125 0.4265625 0.01796875 0.0265625
2 0.03984375 0.06953125 0.0296875 0.0375
2 0.9890625 0.75546875 0.0140625 0.02265625
2 0.97265625 0.81328125 0.015625 0.01953125
2 0.01640625 0.14296875 0.01953125 0.0296875
2 0.20078125 0.43046875 0.02109375 0.0296875
2 0.38203125 0.434375 0.01875 0.03125
2 0.1578125 0.72265625 0.01171875 0.02890625