2 0.85390625 0.88203125 0.03671875 0.0515625
2 0.021875 0.575 0.0359375 0.05078125
2 0.98671875 0.571875 0.0265625 0.05
2 0.57265625 0.55078125 0.03515625 0.04375
2 0.04609375 0.721875 0.02578125 0.0328125
2 0.5578125 0.7890625 0.03984375 0.046875
2 0.56796875 0.4109375 0.03046875 0.03671875
2 0.94765625 0.55 0.0234375 0.0296875
2 0.14375 0.9140625 0.03203125 0.0375
2 0.39296875 0.9828125 0.03046875 0.03046875
2 0.725 0.746875 0.02265625 0.0296875
2 0.0140625 0.85625 0.02421875 0.034375
2 0.82890625 0.53671875 0.02890625 0.03671875
2 0.33359375 0.5390625 0.025 0.03125
2 0.19453125 0.70078125 0.02890625 0.0359375
2 0.73984375 0.58515625 0.03046875 0.0375
2 0.71796875 0.88125 0.02109375 0.03125
2 0.51015625 0.50234375 0.02265625 0.0296875
2 0.140625 0.5078125 0.02265625 0.0296875
2 0.18515625 0.50625 0.021875 0.02734375
2 0.071875 0.42109375 0.02265625 0.0296875
2 0.53359375 0.9296875 0.01875 0.02421875
2 0.7921875 0.66015625 0.01796875 0.025
2 0.17109375 0.41171875 0.03046875 0.040625
2 0.3 0.49765625 0.0234375 0.02890625
2 0.66875 0.746875 0.0171875 0.021875
2 0.48359375 0.5078125 0.02109375 0.02890625
2 0.70546875 0.95625 0.01640625 0.02421875
2 0.76875 0.6875 0.01796875 0.025
2 0.46875 0.8484375 0.02109375 0.0203125
2 0.45625 0.6375 0.01953125 0.02734375
2 0.23125 0.315625 0.0203125 0.02578125
2 0.03515625 0.9875 0.02265625 0.0203125
2 0.665625 0.03203125 0.0234375 0.03125
2 0.62734375 0.67734375 0.02109375 0.028125
2 0.421875 0.684375 0.025 0.03359375
2 0.78828125 0.7296875 0.015625 0.021875
2 0.52265625 0.61015625 0.01796875 0.0234375
2 0.290625 0.3671875 0.0203125 0.02265625
2 0.0578125 0.62109375 0.01953125 0.02265625
2 0.259375 0.4015625 0.02734375 0.03203125
2 0.7734375 0.43671875 0.01875 0.0234375
2 0.3609375 0.8234375 0.03125 0.03203125
2 0.303125 0.36015625 0.01875 0.02578125
2 0.60859375 0.621875 0.0171875 0.02109375