2 0.18828125 0.64609375 0.0515625 0.07578125
2 0.15234375 0.5203125 0.03359375 0.04921875
2 0.82734375 0.9734375 0.0375 0.053125
2 0.09453125 0.4921875 0.03359375 0.04296875
2 0.9296875 0.55 0.04453125 0.0640625
2 0.203125 0.459375 0.03046875 0.04609375
2 0.446875 0.9328125 0.03359375 0.046875
2 0.8015625 0.6 0.03046875 0.03984375
2 0.5671875 0.8484375 0.03125 0.0453125
2 0.94375 0.6734375 0.028125 0.0390625
2 0.55078125 0.64296875 0.02890625 0.04375
2 0.87265625 0.646875 0.02734375 0.03359375
2 0.0328125 0.62890625 0.02734375 0.0359375
2 0.540625 0.728125 0.02421875 0.03125
2 0.878125 0.91484375 0.0265625 0.0421875
2 0.05234375 0.2171875 0.0296875 0.0390625
2 0.57421875 0.55625 0.02421875 0.040625
2 0.34765625 0.915625 0.01953125 0.0234375
2 0.18515625 0.3203125 0.02265625 0.02578125
2 0.81328125 0.53359375 0.0234375 0.03046875
2 0.72265625 0.37265625 0.02734375 0.0328125
2 0.42109375 0.021875 0.02421875 0.03203125
2 0.43984375 0.4765625 0.021875 0.0296875
2 0.43359375 0.409375 0.0203125 0.025
2 0.2640625 0.4234375 0.0265625 0.03515625
2 0.06640625 0.3765625 0.01796875 0.02421875
2 0.9015625 0.78125 0.025 0.0375
2 0.81015625 0.48984375 0.02109375 0.0296875
2 0.6265625 0.6515625 0.02109375 0.02890625
2 0.90234375 0.98203125 0.0203125 0.02734375
2 0.084375 0.98203125 0.01640625 0.0203125
2 0.9640625 0.478125 0.0171875 0.0234375
2 0.678125 0.8 0.021875 0.0234375