2 0.715625 0.43828125 0.0453125 0.06015625
2 0.04765625 0.96953125 0.03359375 0.04609375
2 0.54140625 0.74921875 0.0359375 0.04453125
2 0.64765625 0.43046875 0.03125 0.04140625
2 0.25859375 0.89765625 0.0328125 0.04453125
2 0.0609375 0.42890625 0.03125 0.0390625
2 0.33671875 0.5984375 0.0359375 0.0421875
2 0.76015625 0.196875 0.01875 0.0390625
2 0.215625 0.790625 0.0203125 0.0265625
2 0.43671875 0.6421875 0.021875 0.028125
2 0.18125 0.1890625 0.0328125 0.04375
2 0.64609375 0.7984375 0.02890625 0.0359375
2 0.51015625 0.5015625 0.03046875 0.03671875
2 0.1203125 0.03203125 0.03046875 0.03828125
2 0.00546875 0.9875 0.0109375 0.01875
2 0.534375 0.9609375 0.0234375 0.02890625
2 0.24140625 0.796875 0.02265625 0.02734375
2 0.671875 0.5171875 0.0203125 0.02890625
2 0.01015625 0.71328125 0.01640625 0.02890625
2 0.88203125 0.840625 0.01953125 0.02734375
2 0.78125 0.2046875 0.01953125 0.03125
2 0.08515625 0.9203125 0.01640625 0.021875
2 0.21640625 0.02265625 0.0390625 0.0453125
2 0.575 0.54765625 0.01953125 0.025
2 0.01640625 0.7140625 0.01953125 0.028125
2 0.0140625 0.503125 0.0203125 0.03203125
2 0.57890625 0.0609375 0.0140625 0.02734375
2 0.353125 0.403125 0.015625 0.02890625