2 0.0203125 0.44921875 0.03359375 0.04453125
2 0.48203125 0.5203125 0.034375 0.04921875
2 0.0546875 0.5265625 0.03046875 0.04296875
2 0.8984375 0.5796875 0.0328125 0.04375
2 0.43984375 0.4765625 0.03046875 0.0375
2 0.44140625 0.203125 0.025 0.03046875
2 0.653125 0.3171875 0.02421875 0.0328125
2 0.60546875 0.34609375 0.02421875 0.0328125
2 0.10234375 0.34609375 0.02265625 0.0296875
2 0.60078125 0.25703125 0.028125 0.03359375
2 0.23203125 0.3140625 0.02578125 0.034375
2 0.75234375 0.75078125 0.025 0.03359375
2 0.875 0.61953125 0.025 0.034375
2 0.7015625 0.60390625 0.02109375 0.02890625
2 0.4859375 0.1765625 0.02265625 0.03125
2 0.76015625 0.80390625 0.0296875 0.03359375
2 0.5 0.07265625 0.0296875 0.03671875
2 0.2015625 0.8890625 0.01953125 0.02265625
2 0.265625 0.9328125 0.01796875 0.0234375
2 0.6265625 0.24140625 0.0203125 0.028125
2 0.809375 0.14921875 0.02734375 0.03671875
2 0.1515625 0.85859375 0.025 0.02421875
2 0.94609375 0.67890625 0.01875 0.028125
2 0.40703125 0.20234375 0.0265625 0.02890625
2 0.9171875 0.52421875 0.01875 0.02421875
2 0.28671875 0.64375 0.01796875 0.0234375
2 0.621875 0.2484375 0.028125 0.0359375
2 0.56796875 0.34375 0.01875 0.025
2 0.54453125 0.30859375 0.015625 0.02890625
2 0.51171875 0.38203125 0.01015625 0.02421875
2 0.86171875 0.51484375 0.01171875 0.0296875
2 0.85703125 0.93203125 0.01328125 0.02734375