2 0.028125 0.82109375 0.05546875 0.08671875
2 0.25703125 0.96640625 0.0421875 0.0546875
2 0.55625 0.5625 0.0390625 0.0453125
2 0.3703125 0.3296875 0.034375 0.03984375
2 0.22265625 0.05390625 0.03359375 0.0421875
2 0.50859375 0.4609375 0.0296875 0.03671875
2 0.9875 0.79375 0.0203125 0.03125
2 0.77734375 0.44375 0.03203125 0.03984375
2 0.809375 0.5640625 0.02109375 0.0296875
2 0.946875 0.74453125 0.01953125 0.025
2 0.43359375 0.68984375 0.0234375 0.02890625
2 0.375 0.75546875 0.0234375 0.03046875
2 0.48125 0.49296875 0.021875 0.025
2 0.30390625 0.42109375 0.02890625 0.0328125
2 0.89296875 0.87421875 0.0234375 0.03359375
2 0.3546875 0.69296875 0.0234375 0.02890625
2 0.99140625 0.33046875 0.01640625 0.04140625
2 0.75 0.4953125 0.01640625 0.02421875
2 0.175 0.85546875 0.02109375 0.025
2 0.340625 0.784375 0.01875 0.02734375
2 0.5265625 0.52265625 0.01796875 0.02109375
2 0.65625 0.27421875 0.03046875 0.03515625
2 0.19375 0.86953125 0.0140625 0.02734375