2 0.2921875 0.42890625 0.03828125 0.0515625
2 0.22265625 0.38828125 0.034375 0.053125
2 0.3515625 0.44453125 0.03828125 0.05
2 0.46953125 0.86484375 0.0359375 0.0484375
2 0.92578125 0.95703125 0.0234375 0.03359375
2 0.81015625 0.61796875 0.025 0.0328125
2 0.98515625 0.9875 0.0171875 0.0203125
2 0.94453125 0.325 0.02421875 0.03203125
2 0.7265625 0.56953125 0.0265625 0.0328125
2 0.71875 0.13359375 0.028125 0.03828125
2 0.6390625 0.49609375 0.0265625 0.03203125
2 0.46640625 0.68515625 0.03046875 0.03828125
2 0.54375 0.890625 0.021875 0.0296875
2 0.51484375 0.69921875 0.02421875 0.03203125
2 0.41640625 0.42890625 0.02734375 0.03515625
2 0.85234375 0.32578125 0.0203125 0.02734375
2 0.94140625 0.76171875 0.01796875 0.02734375
2 0.57265625 0.8046875 0.0234375 0.03046875
2 0.90546875 0.8109375 0.01640625 0.02265625
2 0.42734375 0.16171875 0.02734375 0.034375
2 0.31484375 0.8296875 0.0234375 0.02890625
2 0.88984375 0.38828125 0.01796875 0.02578125
2 0.55625 0.60625 0.0171875 0.02421875
2 0.96015625 0.25234375 0.02109375 0.0234375
2 0.95859375 0.96328125 0.01484375 0.0171875
2 0.08671875 0.38828125 0.02421875 0.03515625
2 0.91015625 0.9140625 0.01640625 0.01953125
2 0.51171875 0.146875 0.02734375 0.03203125
2 0.48046875 0.91640625 0.01796875 0.01875
2 0.50546875 0.9890625 0.015625 0.0171875
2 0.27734375 0.28515625 0.015625 0.02734375
2 0.49921875 0.84609375 0.0140625 0.02734375