2 0.9203125 0.73671875 0.034375 0.05
2 0.81796875 0.0703125 0.05546875 0.11640625
2 0.87890625 0.925 0.0328125 0.05234375
2 0.459375 0.5234375 0.03203125 0.0421875
2 0.41875 0.4875 0.03125 0.03984375
2 0.23828125 0.79140625 0.03203125 0.040625
2 0.64140625 0.359375 0.0203125 0.02734375
2 0.4640625 0.1765625 0.02734375 0.034375
2 0.62578125 0.07109375 0.02734375 0.0375
2 0.9078125 0.95546875 0.0328125 0.05
2 0.22109375 0.98515625 0.02421875 0.02890625
2 0.75390625 0.61484375 0.02578125 0.03984375
2 0.0890625 0.065625 0.0203125 0.028125
2 0.26875 0.96640625 0.02265625 0.028125