2 0.17890625 0.9203125 0.0359375 0.05859375
2 0.57890625 0.84375 0.03125 0.0453125
2 0.58828125 0.496875 0.03125 0.0484375
2 0.734375 0.3734375 0.03515625 0.0546875
2 0.43984375 0.634375 0.028125 0.0421875
2 0.834375 0.4859375 0.03203125 0.04453125
2 0.309375 0.7140625 0.03046875 0.04140625
2 0.8546875 0.97734375 0.03359375 0.0390625
2 0.43984375 0.78203125 0.0265625 0.0359375
2 0.64375 0.03671875 0.02890625 0.03515625
2 0.5578125 0.9390625 0.02265625 0.0359375
2 0.63046875 0.909375 0.0296875 0.040625
2 0.46796875 0.3625 0.01953125 0.03046875
2 0.584375 0.9390625 0.02109375 0.03203125
2 0.61796875 0.18984375 0.01953125 0.0265625
2 0.41171875 0.2765625 0.028125 0.034375
2 0.75 0.50859375 0.02734375 0.04375
2 0.1671875 0.5796875 0.03046875 0.04375
2 0.46171875 0.7875 0.02109375 0.03203125
2 0.55859375 0.421875 0.025 0.0375
2 0.54375 0.8625 0.01953125 0.03671875