2 0.646875 0.3828125 0.028125 0.04140625
2 0.4453125 0.33671875 0.028125 0.04296875
2 0.7984375 0.86796875 0.03046875 0.04375
2 0.7640625 0.9578125 0.02890625 0.03671875
2 0.66328125 0.646875 0.03046875 0.0390625
2 0.44296875 0.58515625 0.025 0.03359375
2 0.41640625 0.76875 0.02578125 0.03671875
2 0.7390625 0.25625 0.01875 0.03046875
2 0.73125 0.4515625 0.034375 0.0390625
2 0.45703125 0.240625 0.0265625 0.0359375
2 0.75078125 0.35234375 0.02109375 0.03203125
2 0.596875 0.20546875 0.01875 0.0234375
2 0.71015625 0.15859375 0.0203125 0.02734375
2 0.721875 0.17734375 0.02578125 0.0375
2 0.77109375 0.2546875 0.01640625 0.025
2 0.7140625 0.8421875 0.025 0.03359375
2 0.71953125 0.609375 0.01875 0.02578125
2 0.31796875 0.98671875 0.03046875 0.0234375
2 0.2375 0.76640625 0.0234375 0.028125
2 0.74765625 0.49453125 0.0171875 0.025
2 0.61015625 0.33359375 0.01953125 0.02578125
2 0.34375 0.528125 0.02421875 0.0328125
2 0.30078125 0.671875 0.02109375 0.03046875
2 0.4390625 0.05390625 0.01796875 0.025
2 0.83203125 0.37578125 0.02109375 0.0203125
2 0.26953125 0.67265625 0.01953125 0.02578125
2 0.7125 0.39140625 0.0140625 0.03125