2 0.3734375 0.87421875 0.04140625 0.06640625
2 0.2203125 0.58203125 0.0375 0.04765625
2 0.95 0.83984375 0.03828125 0.05859375
2 0.021875 0.6625 0.040625 0.0640625
2 0.4953125 0.7890625 0.03359375 0.04453125
2 0.9875 0.7609375 0.025 0.046875
2 0.2953125 0.43203125 0.03046875 0.0421875
2 0.01953125 0.21484375 0.0296875 0.040625
2 0.8296875 0.37265625 0.03046875 0.0359375
2 0.2640625 0.60546875 0.02421875 0.034375
2 0.14921875 0.72578125 0.02734375 0.0359375
2 0.046875 0.2484375 0.0296875 0.04140625
2 0.7015625 0.990625 0.025 0.015625
2 0.26484375 0.4 0.02578125 0.0390625
2 0.640625 0.24140625 0.02265625 0.03046875
2 0.4453125 0.4546875 0.025 0.0328125
2 0.57578125 0.209375 0.02890625 0.0390625
2 0.6140625 0.90234375 0.02265625 0.028125
2 0.259375 0.35390625 0.02890625 0.034375
2 0.49140625 0.95390625 0.01953125 0.02890625
2 0.0109375 0.5671875 0.02109375 0.0390625
2 0.20859375 0.52890625 0.02109375 0.03046875
2 0.70390625 0.25703125 0.02265625 0.03046875
2 0.23203125 0.83828125 0.01953125 0.02734375
2 0.37890625 0.22890625 0.02890625 0.03359375
2 0.28125 0.30703125 0.0234375 0.03125
2 0.5546875 0.546875 0.0203125 0.028125
2 0.91484375 0.91015625 0.0171875 0.02578125
2 0.2796875 0.65234375 0.01875 0.0265625
2 0.92421875 0.4390625 0.0234375 0.03125
2 0.98046875 0.6984375 0.01875 0.0265625
2 0.43515625 0.3 0.02890625 0.03515625
2 0.521875 0.90078125 0.01796875 0.0171875
2 0.284375 0.85 0.01796875 0.0234375
2 0.75234375 0.95546875 0.01953125 0.02734375
2 0.18125 0.13046875 0.02734375 0.03046875
2 0.6125 0.63828125 0.01796875 0.02578125
2 0.62265625 0.2765625 0.02265625 0.02890625
2 0.31484375 0.23046875 0.021875 0.0265625
2 0.18125 0.53046875 0.01875 0.02890625
2 0.55234375 0.4875 0.01875 0.0234375
2 0.7296875 0.2453125 0.01953125 0.0203125