2 0.8234375 0.03671875 0.05625 0.0734375
2 0.57421875 0.55078125 0.0484375 0.07734375
2 0.01640625 0.5671875 0.0328125 0.05703125
2 0.23203125 0.42109375 0.0421875 0.07734375
2 0.03203125 0.3609375 0.03515625 0.0546875
2 0.02890625 0.896875 0.04453125 0.07109375
2 0.66484375 0.86171875 0.028125 0.0421875
2 0.5578125 0.3640625 0.0453125 0.08984375
2 0.778125 0.02890625 0.0296875 0.05390625
2 0.25390625 0.871875 0.02109375 0.03125
2 0.26171875 0.46171875 0.028125 0.0390625
2 0.04765625 0.709375 0.02734375 0.0359375
2 0.4140625 0.26171875 0.02734375 0.03515625
2 0.36484375 0.83203125 0.02109375 0.028125
2 0.15 0.34296875 0.0265625 0.0390625
2 0.44453125 0.878125 0.01953125 0.0265625
2 0.4359375 0.8015625 0.02109375 0.02890625
2 0.5015625 0.878125 0.02109375 0.02734375
2 0.5953125 0.8109375 0.01953125 0.0265625
2 0.1546875 0.79375 0.01953125 0.02734375
2 0.3890625 0.9140625 0.01640625 0.01953125
2 0.89765625 0.5171875 0.01953125 0.02734375
2 0.63515625 0.66796875 0.01796875 0.02890625
2 0.02890625 0.0078125 0.02421875 0.01484375