2 0.02265625 0.275 0.034375 0.0671875
2 0.67109375 0.3609375 0.03828125 0.06484375
2 0.046875 0.5390625 0.0359375 0.0515625
2 0.5984375 0.15625 0.03671875 0.053125
2 0.92421875 0.2890625 0.03828125 0.0625
2 0.41953125 0.54921875 0.03515625 0.04609375
2 0.525 0.4421875 0.0328125 0.03984375
2 0.94140625 0.7734375 0.03125 0.0390625
2 0.81484375 0.646875 0.025 0.03046875
2 0.70546875 0.49765625 0.02421875 0.0296875
2 0.7078125 0.759375 0.021875 0.0328125
2 0.0765625 0.0296875 0.02109375 0.03046875
2 0.715625 0.61328125 0.02578125 0.03515625
2 0.44453125 0.77578125 0.0296875 0.034375
2 0.66953125 0.49140625 0.025 0.03046875
2 0.99140625 0.3890625 0.015625 0.0296875
2 0.44609375 0.9265625 0.01875 0.02734375
2 0.7640625 0.15859375 0.01953125 0.02734375
2 0.553125 0.76953125 0.0203125 0.0234375
2 0.6890625 0.9890625 0.02265625 0.01796875
2 0.421875 0.9328125 0.0203125 0.0234375
2 0.6640625 0.74140625 0.01875 0.02109375
2 0.4265625 0.67578125 0.01171875 0.0203125
2 0.6625 0.40546875 0.01328125 0.0203125