2 0.9625 0.70234375 0.0421875 0.06328125
2 0.33828125 0.57578125 0.03515625 0.05
2 0.496875 0.553125 0.0390625 0.059375
2 0.1953125 0.53671875 0.03125 0.0515625
2 0.75703125 0.60390625 0.0453125 0.078125
2 0.62578125 0.37578125 0.03046875 0.040625
2 0.39296875 0.35234375 0.03828125 0.04921875
2 0.42890625 0.2421875 0.03125 0.04140625
2 0.3921875 0.66015625 0.02734375 0.04296875
2 0.1578125 0.96640625 0.03046875 0.0421875
2 0.69453125 0.3546875 0.03828125 0.06328125
2 0.80703125 0.228125 0.0265625 0.0328125
2 0.70390625 0.76796875 0.025 0.0390625
2 0.5484375 0.55234375 0.02421875 0.040625
2 0.8390625 0.60546875 0.01953125 0.02734375
2 0.10078125 0.16796875 0.03125 0.0390625
2 0.4203125 0.9234375 0.028125 0.0421875
2 0.16171875 0.39765625 0.034375 0.04296875
2 0.753125 0.27109375 0.0203125 0.0296875
2 0.2671875 0.4953125 0.02109375 0.03125
2 0.2 0.6171875 0.0265625 0.03984375
2 0.9265625 0.5515625 0.0203125 0.0265625
2 0.29609375 0.47578125 0.0203125 0.02890625
2 0.90703125 0.8421875 0.01640625 0.02265625
2 0.9171875 0.87578125 0.01875 0.02578125
2 0.9078125 0.26328125 0.01875 0.02734375
2 0.471875 0.9296875 0.02109375 0.03203125
2 0.95625 0.50546875 0.0171875 0.02265625
2 0.94296875 0.6484375 0.01796875 0.0265625
2 0.21484375 0.959375 0.0203125 0.02890625
2 0.86015625 0.371875 0.01953125 0.025