2 0.08984375 0.77890625 0.0390625 0.05703125
2 0.3578125 0.890625 0.034375 0.05
2 0.78515625 0.521875 0.02890625 0.0359375
2 0.97734375 0.55 0.02578125 0.03359375
2 0.51953125 0.3640625 0.0328125 0.04140625
2 0.15859375 0.72734375 0.03046875 0.0375
2 0.59921875 0.0609375 0.03125 0.040625
2 0.734375 0.89140625 0.01953125 0.02578125
2 0.44296875 0.6 0.0234375 0.02890625
2 0.72734375 0.98515625 0.0203125 0.025
2 0.24140625 0.81640625 0.0234375 0.025
2 0.89609375 0.93359375 0.01796875 0.0234375
2 0.18828125 0.875 0.028125 0.03359375
2 0.4796875 0.28828125 0.028125 0.0359375
2 0.74453125 0.6234375 0.01875 0.02265625
2 0.9109375 0.98671875 0.01953125 0.021875
2 0.57890625 0.2078125 0.0203125 0.02890625
2 0.61484375 0.934375 0.01796875 0.02421875
2 0.525 0.89140625 0.0203125 0.028125
2 0.47265625 0.078125 0.0296875 0.03515625
2 0.384375 0.2515625 0.03046875 0.034375