2 0.9046875 0.790625 0.05546875 0.0875
2 0.4125 0.59296875 0.0421875 0.0578125
2 0.22265625 0.6734375 0.03828125 0.05390625
2 0.40390625 0.35 0.04375 0.0671875
2 0.4453125 0.30078125 0.03359375 0.040625
2 0.8 0.33671875 0.03359375 0.04296875
2 0.97734375 0.1765625 0.0296875 0.04453125
2 0.084375 0.703125 0.02734375 0.03671875
2 0.70078125 0.7875 0.02890625 0.0390625
2 0.98671875 0.4171875 0.0265625 0.03828125
2 0.04765625 0.778125 0.028125 0.03984375
2 0.10078125 0.76328125 0.0265625 0.040625
2 0.06796875 0.61875 0.028125 0.03828125
2 0.47109375 0.465625 0.02734375 0.03671875
2 0.140625 0.93125 0.02109375 0.03125
2 0.4171875 0.4859375 0.02265625 0.02890625
2 0.85 0.7453125 0.02578125 0.03125
2 0.05 0.5578125 0.0234375 0.03203125
2 0.04765625 0.63359375 0.02109375 0.028125
2 0.49765625 0.58203125 0.01875 0.025
2 0.66328125 0.84375 0.01953125 0.02578125
2 0.42734375 0.36640625 0.02734375 0.03125
2 0.81953125 0.03359375 0.021875 0.0296875
2 0.85859375 0.69921875 0.02109375 0.02890625
2 0.6328125 0.02734375 0.02265625 0.02890625
2 0.79921875 0.9546875 0.0203125 0.03125
2 0.53515625 0.55078125 0.01640625 0.025
2 0.934375 0.21953125 0.021875 0.0265625
2 0.93828125 0.38984375 0.02734375 0.034375
2 0.21484375 0.9453125 0.01796875 0.02578125
2 0.5765625 0.2921875 0.02109375 0.028125
2 0.23125 0.98984375 0.01875 0.01796875
2 0.7140625 0.978125 0.05390625 0.040625
2 0.28828125 0.7609375 0.0265625 0.0375
2 0.40625 0.74765625 0.01875 0.0265625
2 0.2484375 0.9015625 0.01953125 0.02578125
2 0.43828125 0.7359375 0.0234375 0.03515625
2 0.9921875 0.22421875 0.01171875 0.02734375
2 0.81328125 0.39609375 0.0203125 0.02421875
2 0.5171875 0.26875 0.0171875 0.02109375
2 0.46015625 0.38828125 0.0171875 0.03125
2 0.271875 0.884375 0.01640625 0.02265625
2 0.36328125 0.428125 0.01875 0.0265625
2 0.5015625 0.6625 0.021875 0.02421875
2 0.275 0.8875 0.02265625 0.03515625
2 0.77265625 0.95859375 0.02265625 0.02890625
2 0.24453125 0.8828125 0.01796875 0.02734375