2 0.05859375 0.91484375 0.04921875 0.0765625
2 0.59609375 0.47421875 0.03515625 0.0515625
2 0.30859375 0.46640625 0.03203125 0.0453125
2 0.35546875 0.97734375 0.03828125 0.04453125
2 0.50078125 0.2125 0.04140625 0.05625
2 0.86015625 0.1953125 0.03203125 0.03984375
2 0.0234375 0.98515625 0.02734375 0.0296875
2 0.2453125 0.65859375 0.028125 0.0375
2 0.9796875 0.8984375 0.03515625 0.06328125
2 0.51171875 0.6 0.0265625 0.03828125
2 0.07265625 0.9890625 0.025 0.021875
2 0.284375 0.7375 0.0203125 0.02734375
2 0.81796875 0.4921875 0.0203125 0.02890625
2 0.7984375 0.3359375 0.025 0.034375
2 0.84921875 0.5375 0.02109375 0.03046875
2 0.81484375 0.18984375 0.02109375 0.0265625