2 0.11328125 0.71796875 0.03359375 0.05078125
2 0.54375 0.784375 0.040625 0.06875
2 0.8859375 0.67734375 0.03984375 0.059375
2 0.83125 0.61328125 0.04296875 0.05078125
2 0.590625 0.4203125 0.0359375 0.046875
2 0.4671875 0.64609375 0.0359375 0.053125
2 0.484375 0.884375 0.0328125 0.04140625
2 0.925 0.80390625 0.0359375 0.04765625
2 0.63046875 0.37265625 0.028125 0.03359375
2 0.2546875 0.81953125 0.025 0.03046875
2 0.76640625 0.42109375 0.0265625 0.034375
2 0.421875 0.38828125 0.02890625 0.04453125
2 0.1703125 0.56953125 0.02578125 0.0328125
2 0.54609375 0.41953125 0.025 0.02890625
2 0.4609375 0.43046875 0.01796875 0.0265625
2 0.059375 0.2421875 0.01796875 0.021875
2 0.0859375 0.77109375 0.0171875 0.02734375
2 0.40078125 0.21640625 0.02578125 0.0375
2 0.3796875 0.209375 0.01953125 0.02421875
2 0.78359375 0.653125 0.02734375 0.0328125
2 0.91484375 0.9890625 0.02578125 0.01796875
2 0.00546875 0.2328125 0.0109375 0.028125
2 0.22890625 0.75859375 0.01640625 0.02265625