2 0.55625 0.14609375 0.0359375 0.05703125
2 0.5015625 0.60390625 0.0453125 0.08203125
2 0.38203125 0.2640625 0.03125 0.04609375
2 0.93515625 0.34609375 0.0328125 0.0421875
2 0.85 0.62734375 0.0296875 0.03828125
2 0.10859375 0.49296875 0.0359375 0.04375
2 0.6953125 0.23359375 0.028125 0.03515625
2 0.84765625 0.3421875 0.02734375 0.03984375
2 0.80625 0.0296875 0.02109375 0.0296875
2 0.8328125 0.3640625 0.02421875 0.03671875
2 0.875 0.67890625 0.021875 0.03125
2 0.89375 0.15390625 0.0203125 0.0296875
2 0.90390625 0.19296875 0.0171875 0.0234375
2 0.034375 0.1625 0.02734375 0.034375
2 0.184375 0.0140625 0.02578125 0.028125
2 0.35390625 0.43515625 0.021875 0.03046875
2 0.49921875 0.05234375 0.01640625 0.0328125