2 0.25390625 0.5171875 0.0375 0.05234375
2 0.72109375 0.12265625 0.03984375 0.05703125
2 0.2671875 0.271875 0.04453125 0.08671875
2 0.309375 0.73359375 0.040625 0.05625
2 0.765625 0.07109375 0.0359375 0.0546875
2 0.69453125 0.475 0.03984375 0.07578125
2 0.7171875 0.66875 0.03984375 0.06484375
2 0.0828125 0.2640625 0.03046875 0.03984375
2 0.98203125 0.13203125 0.03515625 0.04765625
2 0.928125 0.90234375 0.03515625 0.04375
2 0.3140625 0.30390625 0.02421875 0.03125
2 0.2234375 0.94375 0.02421875 0.03125
2 0.159375 0.0171875 0.03515625 0.034375
2 0.32578125 0.86328125 0.02109375 0.03125
2 0.98203125 0.22578125 0.02109375 0.025
2 0.31171875 0.546875 0.01953125 0.02421875
2 0.79140625 0.1296875 0.0203125 0.02578125
2 0.49765625 0.84453125 0.01953125 0.03046875
2 0.30234375 0.84765625 0.02109375 0.0296875
2 0.5328125 0.63984375 0.021875 0.028125
2 0.71640625 0.37421875 0.03046875 0.03515625
2 0.5609375 0.5015625 0.028125 0.03515625
2 0.634375 0.7640625 0.02109375 0.025
2 0.81484375 0.81875 0.0125 0.02265625