2 0.040625 0.178125 0.0484375 0.07890625
2 0.0140625 0.10546875 0.028125 0.03984375
2 0.496875 0.2265625 0.03203125 0.0515625
2 0.846875 0.80078125 0.03984375 0.0640625
2 0.29453125 0.290625 0.0265625 0.03984375
2 0.06640625 0.26328125 0.02734375 0.0390625
2 0.3015625 0.1890625 0.021875 0.0328125
2 0.5421875 0.9890625 0.0265625 0.02109375
2 0.4796875 0.73046875 0.0421875 0.0515625
2 0.30390625 0.58671875 0.02265625 0.0296875
2 0.92421875 0.01015625 0.025 0.0203125
2 0.4703125 0.83515625 0.025 0.03984375
2 0.93359375 0.0875 0.01796875 0.025
2 0.9734375 0.2046875 0.01796875 0.02578125
2 0.46640625 0.678125 0.0171875 0.02578125
2 0.30390625 0.68671875 0.02578125 0.02578125
2 0.44765625 0.90859375 0.021875 0.03515625
2 0.87265625 0.2953125 0.0203125 0.02421875