2 0.30703125 0.6796875 0.028125 0.04140625
2 0.40859375 0.5953125 0.028125 0.03515625
2 0.82109375 0.90078125 0.03125 0.0375
2 0.23984375 0.66484375 0.01875 0.0234375
2 0.5234375 0.5453125 0.02734375 0.03359375
2 0.3609375 0.63125 0.021875 0.03046875
2 0.56640625 0.60703125 0.02734375 0.03203125
2 0.20703125 0.94453125 0.02421875 0.02890625
2 0.7453125 0.55859375 0.02421875 0.0296875
2 0.49453125 0.7453125 0.01875 0.025
2 0.24140625 0.596875 0.01953125 0.02578125
2 0.534375 0.90546875 0.02109375 0.02734375
2 0.39296875 0.4671875 0.0203125 0.03046875
2 0.74375 0.86875 0.02421875 0.03359375
2 0.9671875 0.18828125 0.0390625 0.0484375
2 0.61015625 0.3640625 0.021875 0.0296875
2 0.88359375 0.9125 0.0203125 0.02421875
2 0.19921875 0.6640625 0.01640625 0.0265625
2 0.6859375 0.96875 0.01953125 0.02421875
2 0.12578125 0.81875 0.01875 0.02421875
2 0.43828125 0.440625 0.0203125 0.025
2 0.734375 0.896875 0.01953125 0.0265625