2 0.95234375 0.56953125 0.03203125 0.0421875
2 0.03671875 0.73046875 0.0328125 0.04140625
2 0.71875 0.70078125 0.0265625 0.034375
2 0.94453125 0.62734375 0.02421875 0.03203125
2 0.75859375 0.6703125 0.01953125 0.02734375
2 0.0984375 0.04765625 0.03203125 0.040625
2 0.06484375 0.459375 0.01953125 0.02734375
2 0.6796875 0.30078125 0.025 0.03125
2 0.13671875 0.49375 0.01953125 0.02578125
2 0.68203125 0.84453125 0.02578125 0.02734375
2 0.334375 0.91328125 0.03125 0.03828125
2 0.8421875 0.24765625 0.01875 0.025
2 0.77109375 0.5734375 0.01953125 0.025
2 0.62734375 0.9296875 0.0203125 0.0265625
2 0.81875 0.90703125 0.01796875 0.02734375
2 0.065625 0.45390625 0.03125 0.03125