2 0.65390625 0.31875 0.05859375 0.08359375
2 0.290625 0.559375 0.03828125 0.05078125
2 0.346875 0.39375 0.03671875 0.0578125
2 0.53828125 0.5125 0.05 0.08125
2 0.71171875 0.64296875 0.03984375 0.04921875
2 0.60859375 0.21796875 0.03046875 0.04453125
2 0.075 0.52890625 0.0296875 0.03828125
2 0.76015625 0.14609375 0.03203125 0.04296875
2 0.72578125 0.021875 0.03671875 0.04375
2 0.49921875 0.60546875 0.03359375 0.0390625
2 0.04921875 0.6125 0.028125 0.03671875
2 0.296875 0.04765625 0.0203125 0.02578125
2 0.26328125 0.35625 0.02265625 0.028125
2 0.01875 0.5484375 0.0203125 0.0265625
2 0.0484375 0.496875 0.02265625 0.0265625
2 0.19921875 0.66796875 0.02109375 0.02578125
2 0.06796875 0.11015625 0.01796875 0.021875
2 0.10234375 0.46328125 0.0203125 0.02578125
2 0.1734375 0.240625 0.021875 0.028125
2 0.53359375 0.23203125 0.02109375 0.02578125
2 0.22265625 0.18359375 0.028125 0.0234375
2 0.1921875 0.9390625 0.0234375 0.02578125
2 0.4234375 0.37890625 0.01328125 0.02734375