2 0.8046875 0.82734375 0.03515625 0.05
2 0.315625 0.35546875 0.0328125 0.0515625
2 0.44296875 0.9046875 0.0328125 0.04296875
2 0.18125 0.6828125 0.03359375 0.04609375
2 0.30234375 0.54296875 0.03359375 0.04453125
2 0.63515625 0.47109375 0.03984375 0.04609375
2 0.1578125 0.38359375 0.03515625 0.04765625
2 0.2296875 0.67890625 0.028125 0.0390625
2 0.68046875 0.5328125 0.03828125 0.0625
2 0.94765625 0.54921875 0.0390625 0.0578125
2 0.77109375 0.43125 0.02890625 0.03828125
2 0.3515625 0.11875 0.03203125 0.03671875
2 0.87109375 0.909375 0.03046875 0.03671875
2 0.45234375 0.7234375 0.03203125 0.040625
2 0.06484375 0.6828125 0.0328125 0.0421875
2 0.03125 0.4984375 0.02734375 0.03046875
2 0.8296875 0.4359375 0.025 0.03671875
2 0.90859375 0.54375 0.03671875 0.0484375
2 0.82578125 0.49375 0.02578125 0.03515625
2 0.93125 0.8265625 0.02265625 0.0375
2 0.97109375 0.98828125 0.03203125 0.02265625
2 0.39140625 0.73515625 0.01953125 0.02109375
2 0.59453125 0.0890625 0.02265625 0.0328125
2 0.871875 0.68515625 0.01953125 0.02421875
2 0.4359375 0.203125 0.028125 0.0359375
2 0.60078125 0.65390625 0.02265625 0.03203125
2 0.4265625 0.29921875 0.0203125 0.02578125
2 0.10546875 0.58203125 0.02109375 0.0296875
2 0.215625 0.76171875 0.01796875 0.0265625
2 0.16640625 0.959375 0.0171875 0.025
2 0.19296875 0.37109375 0.01875 0.02578125
2 0.5546875 0.86953125 0.0203125 0.02421875
2 0.365625 0.89765625 0.01875 0.01953125
2 0.303125 0.0265625 0.02265625 0.03203125
2 0.5078125 0.26640625 0.01796875 0.02734375