2 0.4703125 0.3078125 0.0328125 0.0515625
2 0.9 0.24375 0.04609375 0.0640625
2 0.696875 0.7359375 0.03203125 0.04765625
2 0.86796875 0.73828125 0.03359375 0.046875
2 0.6140625 0.11640625 0.03125 0.04609375
2 0.8625 0.5625 0.05078125 0.090625
2 0.38671875 0.81328125 0.03125 0.0453125
2 0.421875 0.2984375 0.0453125 0.0859375
2 0.415625 0.4546875 0.025 0.03515625
2 0.92578125 0.053125 0.02578125 0.03828125
2 0.421875 0.12578125 0.0203125 0.0328125
2 0.62421875 0.8375 0.02109375 0.03515625
2 0.95390625 0.09140625 0.0171875 0.0265625
2 0.50703125 0.89375 0.021875 0.0296875
2 0.55 0.70546875 0.021875 0.028125
2 0.3875 0.98828125 0.0203125 0.0203125
2 0.01328125 0.35859375 0.01875 0.02734375
2 0.596875 0.3640625 0.02109375 0.028125
2 0.65703125 0.709375 0.01953125 0.03359375
2 0.43515625 0.67578125 0.025 0.034375
2 0.41015625 0.5015625 0.01796875 0.02734375
2 0.50078125 0.753125 0.0171875 0.02578125