2 0.9421875 0.3546875 0.0328125 0.0484375
2 0.38125 0.1390625 0.0328125 0.0546875
2 0.403125 0.6796875 0.03203125 0.0484375
2 0.38515625 0.95625 0.0375 0.05859375
2 0.953125 0.86796875 0.04453125 0.06875
2 0.62109375 0.44296875 0.03828125 0.06640625
2 0.8890625 0.0921875 0.04140625 0.05078125
2 0.36796875 0.62421875 0.0328125 0.0546875
2 0.31796875 0.20625 0.03359375 0.05234375
2 0.6328125 0.6671875 0.04296875 0.0625
2 0.575 0.940625 0.03359375 0.04921875
2 0.4015625 0.45625 0.03359375 0.04921875
2 0.89921875 0.4328125 0.03046875 0.03984375
2 0.3359375 0.40390625 0.025 0.0390625
2 0.90390625 0.30625 0.02890625 0.03828125
2 0.490625 0.18359375 0.0296875 0.0390625
2 0.765625 0.91171875 0.02890625 0.0390625
2 0.4953125 0.04375 0.0234375 0.034375
2 0.35390625 0.48671875 0.02265625 0.03359375
2 0.93515625 0.42109375 0.028125 0.04140625
2 0.3328125 0.07109375 0.0234375 0.0328125
2 0.3953125 0.7859375 0.0296875 0.0375
2 0.959375 0.1 0.02265625 0.0328125
2 0.3296875 0.65703125 0.0203125 0.02734375
2 0.1484375 0.86171875 0.028125 0.03828125
2 0.36875 0.30703125 0.0203125 0.03046875
2 0.93359375 0.70703125 0.0203125 0.028125
2 0.91171875 0.6328125 0.02109375 0.03046875
2 0.60625 0.2734375 0.02578125 0.03046875
2 0.346875 0.81171875 0.025 0.03359375
2 0.25703125 0.30390625 0.021875 0.03203125
2 0.35625 0.20078125 0.0234375 0.03046875
2 0.9078125 0.90234375 0.02578125 0.03515625
2 0.36015625 0.39375 0.0203125 0.03125
2 0.22265625 0.4015625 0.01953125 0.028125
2 0.909375 0.18671875 0.01875 0.02421875
2 0.34140625 0.575 0.01953125 0.02734375
2 0.93125 0.515625 0.01875 0.02890625
2 0.92890625 0.10625 0.0171875 0.02578125
2 0.353125 0.14140625 0.0234375 0.034375
2 0.4921875 0.2625 0.0203125 0.02734375
2 0.68203125 0.625 0.0203125 0.025
2 0.66875 0.41953125 0.0234375 0.0359375
2 0.67890625 0.89921875 0.021875 0.02578125
2 0.90390625 0.515625 0.021875 0.034375
2 0.31015625 0.134375 0.01484375 0.02890625
2 0.8484375 0.20078125 0.01953125 0.02578125
2 0.6328125 0.76875 0.01875 0.025
2 0.91640625 0.94765625 0.01796875 0.02421875
2 0.6421875 0.38828125 0.0203125 0.0328125
2 0.8796875 0.5125 0.01875 0.02421875
2 0.45546875 0.921875 0.0203125 0.02265625
2 0.921875 0.009375 0.021875 0.01875
2 0.91796875 0.0921875 0.02265625 0.03125
2 0.94140625 0.18359375 0.015625 0.02109375
2 0.340625 0.453125 0.0171875 0.02578125
2 0.20078125 0.4484375 0.01640625 0.021875
2 0.340625 0.22265625 0.01953125 0.0265625
2 0.428125 0.16796875 0.015625 0.01953125
2 0.73203125 0.534375 0.00859375 0.02265625
2 0.24296875 0.809375 0.009375 0.0296875
2 0.26875 0.89140625 0.01640625 0.0296875