2 0.4171875 0.58125 0.034375 0.05390625
2 0.22578125 0.89375 0.05703125 0.08984375
2 0.8546875 0.7546875 0.02890625 0.03984375
2 0.6265625 0.653125 0.03203125 0.0484375
2 0.0125 0.3328125 0.025 0.0375
2 0.5015625 0.315625 0.02265625 0.034375
2 0.4109375 0.67421875 0.02578125 0.03671875
2 0.3765625 0.13125 0.02109375 0.028125
2 0.1859375 0.9890625 0.02265625 0.01796875
2 0.66875 0.01484375 0.02109375 0.02578125
2 0.35 0.1140625 0.01953125 0.02578125
2 0.58046875 0.32890625 0.01640625 0.02109375
2 0.3625 0.82109375 0.01640625 0.053125
2 0.6265625 0.70625 0.01328125 0.0328125