2 0.98515625 0.52109375 0.028125 0.0484375
2 0.5015625 0.57890625 0.04296875 0.06953125
2 0.11875 0.4625 0.05 0.08203125
2 0.61796875 0.30390625 0.05234375 0.0640625
2 0.26875 0.85546875 0.03359375 0.040625
2 0.91953125 0.6171875 0.03828125 0.04921875
2 0.578125 0.6546875 0.02890625 0.0375
2 0.41640625 0.434375 0.0265625 0.0375
2 0.4484375 0.89765625 0.034375 0.0390625
2 0.21171875 0.053125 0.03203125 0.0359375
2 0.45625 0.278125 0.02890625 0.0296875
2 0.5453125 0.26640625 0.02109375 0.02890625
2 0.50625 0.2 0.02421875 0.02734375
2 0.36953125 0.13359375 0.01875 0.0265625
2 0.51796875 0.71953125 0.03046875 0.03671875
2 0.384375 0.603125 0.01953125 0.02578125
2 0.7296875 0.1703125 0.02265625 0.021875
2 0.503125 0.49921875 0.0203125 0.02734375
2 0.58125 0.84453125 0.0125 0.03125