2 0.14453125 0.4578125 0.03203125 0.046875
2 0.07421875 0.953125 0.0375 0.04765625
2 0.51796875 0.44375 0.03203125 0.04296875
2 0.25546875 0.76171875 0.03359375 0.04375
2 0.72265625 0.55234375 0.0359375 0.04140625
2 0.4828125 0.3984375 0.03125 0.04375
2 0.65390625 0.78203125 0.04375 0.0703125
2 0.1984375 0.38359375 0.0296875 0.03984375
2 0.1359375 0.98515625 0.03046875 0.02890625
2 0.75234375 0.30078125 0.03203125 0.0453125
2 0.07265625 0.43125 0.0265625 0.03828125
2 0.38515625 0.546875 0.03125 0.04453125
2 0.359375 0.60625 0.0375 0.1078125
2 0.82890625 0.909375 0.02265625 0.03046875
2 0.25859375 0.5296875 0.02109375 0.02890625
2 0.6046875 0.43515625 0.01953125 0.02734375
2 0.2171875 0.39140625 0.02265625 0.03828125
2 0.34765625 0.30546875 0.01796875 0.0328125
2 0.4140625 0.259375 0.01875 0.021875
2 0.4 0.66875 0.0328125 0.0484375
2 0.21953125 0.79453125 0.0203125 0.0328125
2 0.24375 0.21640625 0.02734375 0.03828125
2 0.58359375 0.56875 0.0171875 0.02578125
2 0.31015625 0.725 0.01875 0.02890625
2 0.68046875 0.8609375 0.01875 0.0265625
2 0.584375 0.37265625 0.02109375 0.0265625
2 0.203125 0.45625 0.01875 0.02734375