2 0.93359375 0.75859375 0.03671875 0.04453125
2 0.3671875 0.69296875 0.0328125 0.03984375
2 0.446875 0.734375 0.03359375 0.04765625
2 0.609375 0.37109375 0.03046875 0.04140625
2 0.2046875 0.321875 0.0234375 0.028125
2 0.17109375 0.84609375 0.0265625 0.03515625
2 0.59375 0.2296875 0.02421875 0.03203125
2 0.19140625 0.225 0.02421875 0.03359375
2 0.5265625 0.328125 0.02421875 0.028125
2 0.63671875 0.39609375 0.0328125 0.04296875
2 0.25078125 0.228125 0.02109375 0.02890625
2 0.840625 0.74375 0.021875 0.02734375
2 0.87265625 0.72890625 0.021875 0.03203125
2 0.546875 0.77578125 0.02890625 0.0359375
2 0.0328125 0.2640625 0.021875 0.03046875
2 0.16328125 0.4296875 0.01953125 0.02734375
2 0.60546875 0.1703125 0.0234375 0.03046875
2 0.3640625 0.1921875 0.02109375 0.0265625
2 0.284375 0.17890625 0.01953125 0.02890625
2 0.009375 0.615625 0.0171875 0.040625
2 0.66953125 0.51953125 0.02890625 0.03515625
2 0.1625 0.153125 0.0171875 0.021875