2 0.02890625 0.85234375 0.04609375 0.09453125
2 0.54296875 0.89296875 0.03828125 0.04765625
2 0.671875 0.06875 0.0328125 0.0453125
2 0.86015625 0.6484375 0.03125 0.0453125
2 0.5734375 0.3984375 0.0328125 0.04296875
2 0.04453125 0.98125 0.0375 0.03671875
2 0.33828125 0.49453125 0.0265625 0.03125
2 0.68359375 0.18515625 0.028125 0.03046875
2 0.30703125 0.68671875 0.02265625 0.0296875
2 0.75859375 0.20078125 0.0265625 0.03203125
2 0.82890625 0.6515625 0.02421875 0.04296875
2 0.3109375 0.55078125 0.025 0.0296875
2 0.41953125 0.70234375 0.02890625 0.03515625
2 0.71171875 0.3578125 0.03125 0.034375
2 0.375 0.471875 0.021875 0.02734375
2 0.28203125 0.4609375 0.0203125 0.025
2 0.3359375 0.6703125 0.01796875 0.02734375
2 0.2921875 0.57421875 0.02109375 0.02890625
2 0.47265625 0.83359375 0.021875 0.0265625
2 0.82265625 0.98984375 0.02890625 0.01796875
2 0.34140625 0.94140625 0.0203125 0.02890625
2 0.33671875 0.25859375 0.01953125 0.02421875
2 0.984375 0.61875 0.02578125 0.0390625
2 0.71875 0.10390625 0.01875 0.02578125
2 0.26640625 0.70078125 0.01640625 0.021875
2 0.7828125 0.3734375 0.0203125 0.02109375
2 0.26875 0.51953125 0.015625 0.01953125
2 0.87265625 0.41796875 0.01171875 0.01875
2 0.91640625 0.4921875 0.0171875 0.0296875