2 0.75546875 0.90859375 0.034375 0.05234375
2 0.028125 0.33828125 0.0328125 0.0421875
2 0.70625 0.27109375 0.0296875 0.03984375
2 0.721875 0.07421875 0.03125 0.0453125
2 0.240625 0.0234375 0.03125 0.040625
2 0.7 0.84140625 0.03046875 0.040625
2 0.31484375 0.1984375 0.03046875 0.03828125
2 0.471875 0.54140625 0.0265625 0.03515625
2 0.6875 0.68125 0.028125 0.03828125
2 0.82109375 0.48984375 0.0234375 0.03359375
2 0.140625 0.14765625 0.02578125 0.03203125
2 0.71640625 0.45390625 0.02421875 0.03203125
2 0.715625 0.6546875 0.02578125 0.03515625
2 0.1453125 0.08046875 0.02265625 0.03046875
2 0.446875 0.21171875 0.0296875 0.03515625
2 0.72890625 0.37890625 0.01953125 0.0265625
2 0.83203125 0.6890625 0.021875 0.028125
2 0.28046875 0.23203125 0.02421875 0.028125
2 0.8140625 0.5671875 0.0234375 0.03046875
2 0.19140625 0.22578125 0.02265625 0.02734375
2 0.70234375 0.5390625 0.02109375 0.028125
2 0.66484375 0.93828125 0.021875 0.02734375
2 0.8609375 0.07890625 0.02109375 0.02890625
2 0.73984375 0.33984375 0.0203125 0.03046875
2 0.425 0.475 0.0234375 0.02890625
2 0.83203125 0.35625 0.028125 0.0359375
2 0.7296875 0.30546875 0.015625 0.0203125
2 0.99375 0.46171875 0.0125 0.0265625
2 0.03671875 0.43515625 0.021875 0.028125
2 0.2421875 0.11875 0.01875 0.0265625
2 0.1578125 0.21484375 0.01796875 0.025
2 0.20234375 0.990625 0.0296875 0.0171875
2 0.19453125 0.39296875 0.0203125 0.028125
2 0.30546875 0.54609375 0.01953125 0.025
2 0.41171875 0.4984375 0.02109375 0.025
2 0.684375 0.4921875 0.01796875 0.02109375
2 0.74296875 0.72109375 0.01796875 0.02421875
2 0.3859375 0.40625 0.021875 0.0234375