2 0.7234375 0.2796875 0.0359375 0.04921875
2 0.090625 0.8109375 0.03125 0.04609375
2 0.72734375 0.50859375 0.03203125 0.03828125
2 0.63828125 0.5046875 0.02421875 0.0328125
2 0.07890625 0.5953125 0.02578125 0.03203125
2 0.4390625 0.659375 0.02890625 0.0390625
2 0.5296875 0.9296875 0.03203125 0.0375
2 0.00625 0.15703125 0.0125 0.0359375
2 0.9625 0.0671875 0.02421875 0.02890625
2 0.35859375 0.01171875 0.0265625 0.0234375
2 0.43515625 0.771875 0.0203125 0.02578125
2 0.02265625 0.3828125 0.01796875 0.0234375
2 0.853125 0.30078125 0.0203125 0.0234375