2 0.07578125 0.42578125 0.05859375 0.07890625
2 0.9109375 0.484375 0.0296875 0.04140625
2 0.24921875 0.38515625 0.03125 0.04609375
2 0.0375 0.75859375 0.0578125 0.07734375
2 0.8765625 0.55546875 0.03125 0.04375
2 0.909375 0.89140625 0.04375 0.07734375
2 0.025 0.8796875 0.03125 0.04609375
2 0.596875 0.42578125 0.02890625 0.0390625
2 0.84375 0.4296875 0.02578125 0.03515625
2 0.828125 0.80546875 0.02578125 0.03984375
2 0.83984375 0.66953125 0.021875 0.0265625
2 0.85078125 0.56328125 0.0234375 0.03984375
2 0.9 0.3734375 0.0171875 0.02578125
2 0.4109375 0.98515625 0.02578125 0.02890625
2 0.91875 0.2578125 0.028125 0.03359375
2 0.8640625 0.3828125 0.01875 0.02421875
2 0.4125 0.728125 0.02734375 0.03515625
2 0.4453125 0.009375 0.02265625 0.01796875
2 0.89609375 0.6421875 0.01953125 0.0296875
2 0.90703125 0.26171875 0.01953125 0.0234375
2 0.45703125 0.365625 0.01953125 0.02265625
2 0.54609375 0.790625 0.02734375 0.03671875