2 0.51796875 0.59765625 0.0296875 0.04609375
2 0.7015625 0.20703125 0.03515625 0.053125
2 0.43046875 0.52578125 0.040625 0.0640625
2 0.61328125 0.93984375 0.03515625 0.0453125
2 0.79609375 0.37578125 0.03046875 0.040625
2 0.66328125 0.1140625 0.0328125 0.04296875
2 0.078125 0.1765625 0.03046875 0.0390625
2 0.34375 0.3140625 0.0265625 0.0390625
2 0.928125 0.1375 0.0296875 0.0390625
2 0.3828125 0.5890625 0.0296875 0.04609375
2 0.34453125 0.54609375 0.03828125 0.06484375
2 0.134375 0.128125 0.03046875 0.040625
2 0.58125 0.22265625 0.02265625 0.03046875
2 0.53515625 0.25859375 0.02421875 0.034375
2 0.39921875 0.19140625 0.025 0.03671875
2 0.865625 0.40703125 0.01875 0.02734375
2 0.54140625 0.1578125 0.0265625 0.03359375
2 0.4875 0.21796875 0.02265625 0.03359375
2 0.71875 0.8453125 0.01953125 0.028125
2 0.39140625 0.11484375 0.02578125 0.034375
2 0.91640625 0.84140625 0.01875 0.02734375
2 0.4453125 0.9390625 0.0234375 0.028125
2 0.48046875 0.55703125 0.0328125 0.04609375
2 0.75 0.215625 0.021875 0.0265625
2 0.765625 0.428125 0.01875 0.028125
2 0.00703125 0.2484375 0.0140625 0.025