2 0.33671875 0.575 0.046875 0.0734375
2 0.02421875 0.02421875 0.04609375 0.04765625
2 0.46484375 0.1328125 0.0296875 0.0375
2 0.07265625 0.66171875 0.02109375 0.03046875
2 0.44921875 0.51171875 0.0203125 0.03203125
2 0.12890625 0.21171875 0.021875 0.03203125
2 0.08125 0.66484375 0.0359375 0.0375
2 0.83125 0.2765625 0.0171875 0.0265625
2 0.784375 0.259375 0.01953125 0.0328125
2 0.08984375 0.6625 0.02265625 0.03046875
2 0.86484375 0.62734375 0.01953125 0.0328125
2 0.078125 0.47265625 0.021875 0.021875
2 0.57578125 0.80859375 0.02421875 0.03359375
2 0.5 0.321875 0.01875 0.02890625