2 0.4796875 0.7984375 0.0390625 0.0453125
2 0.47109375 0.25625 0.02578125 0.03125
2 0.81328125 0.4671875 0.025 0.03046875
2 0.50625 0.0609375 0.02578125 0.0296875
2 0.56953125 0.5046875 0.021875 0.025
2 0.009375 0.74765625 0.01796875 0.03984375
2 0.56171875 0.43828125 0.02890625 0.034375
2 0.78984375 0.6546875 0.02421875 0.0296875
2 0.07890625 0.05546875 0.0203125 0.0234375
2 0.66328125 0.2703125 0.02265625 0.02421875
2 0.525 0.4921875 0.025 0.0296875
2 0.02109375 0.84140625 0.0203125 0.0265625
2 0.7078125 0.04140625 0.0203125 0.02578125
2 0.871875 0.9734375 0.02109375 0.02734375
2 0.58984375 0.2125 0.02109375 0.0234375
2 0.6515625 0.51171875 0.021875 0.02578125
2 0.21796875 0.01015625 0.02109375 0.01953125
2 0.6453125 0.6765625 0.0234375 0.0203125
2 0.51640625 0.14453125 0.01328125 0.02890625
2 0.69296875 0.225 0.0125 0.02734375
2 0.73671875 0.21953125 0.0125 0.02734375
2 0.34921875 0.3875 0.0140625 0.0359375