2 0.08515625 0.03984375 0.0546875 0.0796875
2 0.30078125 0.16953125 0.04453125 0.06484375
2 0.7078125 0.01796875 0.0328125 0.0359375
2 0.49140625 0.740625 0.02734375 0.0328125
2 0.4546875 0.01875 0.03984375 0.0375
2 0.47421875 0.55625 0.02578125 0.03828125
2 0.32109375 0.7140625 0.021875 0.03203125
2 0.6859375 0.1296875 0.01953125 0.03359375
2 0.1734375 0.1515625 0.02421875 0.0296875
2 0.5015625 0.1015625 0.01875 0.02578125
2 0.4984375 0.603125 0.02109375 0.02890625
2 0.4296875 0.24921875 0.0171875 0.02578125