2 0.778125 0.92578125 0.05390625 0.1015625
2 0.8171875 0.48125 0.0359375 0.0578125
2 0.71875 0.3296875 0.04765625 0.1
2 0.25390625 0.26015625 0.046875 0.06328125
2 0.59921875 0.13515625 0.03828125 0.04921875
2 0.05703125 0.4859375 0.046875 0.08125
2 0.38515625 0.0421875 0.03515625 0.04765625
2 0.696875 0.4046875 0.03828125 0.0765625
2 0.90625 0.30703125 0.0359375 0.05
2 0.97890625 0.0515625 0.0328125 0.046875
2 0.0140625 0.34296875 0.0265625 0.03984375
2 0.7140625 0.52890625 0.04375 0.0796875
2 0.6484375 0.5640625 0.03359375 0.046875
2 0.42421875 0.9125 0.04453125 0.0734375
2 0.103125 0.54296875 0.0265625 0.0359375
2 0.21875 0.0609375 0.02578125 0.03828125
2 0.05703125 0.28671875 0.040625 0.08671875
2 0.02578125 0.24453125 0.02109375 0.0296875
2 0.696875 0.05078125 0.02109375 0.0296875
2 0.71953125 0.8265625 0.03046875 0.034375
2 0.39296875 0.590625 0.0734375 0.12265625
2 0.91640625 0.97734375 0.02109375 0.02578125
2 0.38203125 0.1625 0.01953125 0.0234375
2 0.00703125 0.45234375 0.0140625 0.0265625
2 0.9328125 0.32578125 0.01953125 0.0265625
2 0.746875 0.58984375 0.02265625 0.03203125
2 0.73359375 0.93984375 0.01875 0.02578125
2 0.115625 0.509375 0.0171875 0.02265625
2 0.215625 0.46875 0.0296875 0.03359375
2 0.86328125 0.903125 0.02109375 0.0296875
2 0.16484375 0.83125 0.0203125 0.0296875