2 0.04296875 0.25390625 0.03515625 0.05
2 0.9859375 0.2796875 0.0265625 0.0421875
2 0.9109375 0.59140625 0.0328125 0.0421875
2 0.47265625 0.559375 0.03046875 0.03828125
2 0.2765625 0.20703125 0.02421875 0.0328125
2 0.30390625 0.8078125 0.01953125 0.0265625
2 0.4734375 0.37578125 0.02578125 0.03359375
2 0.409375 0.7015625 0.0234375 0.03125
2 0.57578125 0.4671875 0.02265625 0.0296875
2 0.4875 0.303125 0.03125 0.034375
2 0.69140625 0.36328125 0.02109375 0.02734375
2 0.37421875 0.84765625 0.0203125 0.02421875
2 0.24140625 0.29296875 0.01875 0.025
2 0.246875 0.553125 0.01953125 0.0265625
2 0.0078125 0.2625 0.015625 0.0234375
2 0.6421875 0.64296875 0.01953125 0.025
2 0.0484375 0.065625 0.02734375 0.03671875
2 0.42734375 0.86171875 0.01953125 0.02109375
2 0.45859375 0.48125 0.0203125 0.02890625
2 0.271875 0.43203125 0.0171875 0.02421875
2 0.4734375 0.78828125 0.02109375 0.02421875
2 0.6640625 0.621875 0.02109375 0.021875
2 0.8203125 0.48203125 0.0140625 0.02421875