2 0.33515625 0.82109375 0.0328125 0.04921875
2 0.32578125 0.63046875 0.0421875 0.06328125
2 0.89375 0.38203125 0.03671875 0.0515625
2 0.8671875 0.69609375 0.03359375 0.04765625
2 0.90703125 0.5 0.0328125 0.0453125
2 0.8265625 0.23046875 0.03125 0.0375
2 0.37265625 0.90078125 0.0296875 0.0375
2 0.44296875 0.54765625 0.03046875 0.0375
2 0.9265625 0.54296875 0.028125 0.034375
2 0.32109375 0.70390625 0.025 0.0359375
2 0.38359375 0.7859375 0.02734375 0.034375
2 0.30625 0.371875 0.02421875 0.028125
2 0.30546875 0.25703125 0.02109375 0.0328125
2 0.69609375 0.990625 0.0296875 0.01640625
2 0.91015625 0.9046875 0.0203125 0.0296875
2 0.71640625 0.58828125 0.0203125 0.02421875
2 0.32265625 0.2453125 0.0203125 0.02421875
2 0.59140625 0.5703125 0.02578125 0.028125
2 0.29453125 0.0140625 0.0296875 0.028125
2 0.70703125 0.11640625 0.0203125 0.0234375