2 0.90546875 0.059375 0.03671875 0.04609375
2 0.67421875 0.19140625 0.05390625 0.10859375
2 0.8703125 0.0921875 0.03203125 0.04296875
2 0.0140625 0.93203125 0.02578125 0.03828125
2 0.85546875 0.90390625 0.03125 0.03828125
2 0.6296875 0.3484375 0.0328125 0.0359375
2 0.50078125 0.74609375 0.025 0.02734375
2 0.2078125 0.26640625 0.0203125 0.02578125
2 0.59296875 0.48046875 0.028125 0.03125
2 0.42421875 0.846875 0.02265625 0.028125
2 0.4125 0.38125 0.021875 0.0265625
2 0.425 0.1578125 0.02109375 0.0265625
2 0.8765625 0.45859375 0.02109375 0.02265625