2 0.95 0.88515625 0.021875 0.04375
2 0.84296875 0.3609375 0.04375 0.06484375
2 0.678125 0.63125 0.0453125 0.0578125
2 0.22890625 0.74140625 0.0359375 0.0484375
2 0.9359375 0.65 0.03203125 0.04375
2 0.321875 0.7109375 0.0375 0.05234375
2 0.8015625 0.47890625 0.03359375 0.04765625
2 0.1328125 0.71484375 0.02578125 0.03828125
2 0.30078125 0.60078125 0.0328125 0.04140625
2 0.6125 0.32109375 0.0296875 0.040625
2 0.659375 0.15078125 0.03203125 0.0390625
2 0.41484375 0.4 0.03046875 0.03828125
2 0.1671875 0.73984375 0.02109375 0.03671875
2 0.97578125 0.84609375 0.02578125 0.0390625
2 0.35859375 0.94453125 0.01953125 0.02578125
2 0.990625 0.51875 0.01796875 0.04296875
2 0.38828125 0.5796875 0.028125 0.034375
2 0.74921875 0.50078125 0.021875 0.0359375
2 0.9671875 0.71328125 0.01953125 0.02578125
2 0.63671875 0.66953125 0.02109375 0.03203125
2 0.72578125 0.20546875 0.0296875 0.0375
2 0.77578125 0.2171875 0.028125 0.03515625
2 0.925 0.8703125 0.0125 0.02890625