2 0.1421875 0.92421875 0.0296875 0.0484375
2 0.121875 0.8453125 0.02890625 0.03828125
2 0.08203125 0.25390625 0.0296875 0.0375
2 0.1828125 0.78046875 0.02734375 0.0375
2 0.7109375 0.2046875 0.04609375 0.078125
2 0.14296875 0.6734375 0.02578125 0.0375
2 0.94453125 0.8390625 0.034375 0.04140625
2 0.6921875 0.32109375 0.02421875 0.0328125
2 0.7234375 0.85078125 0.021875 0.03046875
2 0.1015625 0.403125 0.02109375 0.03046875
2 0.17734375 0.9171875 0.0203125 0.0296875
2 0.1078125 0.6875 0.0203125 0.03203125
2 0.12578125 0.7203125 0.01953125 0.02890625
2 0.9796875 0.175 0.01953125 0.028125
2 0.4125 0.5953125 0.03203125 0.05703125
2 0.09296875 0.32265625 0.01875 0.025
2 0.71015625 0.41640625 0.02109375 0.0328125
2 0.1203125 0.265625 0.01796875 0.021875
2 0.58515625 0.4140625 0.021875 0.03359375
2 0.53984375 0.25078125 0.03203125 0.0609375
2 0.4375 0.98671875 0.02890625 0.0203125
2 0.1046875 0.57734375 0.0265625 0.034375
2 0.11953125 0.48828125 0.01875 0.02421875
2 0.90703125 0.34140625 0.028125 0.03046875
2 0.6703125 0.1609375 0.01875 0.02890625
2 0.6640625 0.584375 0.01171875 0.0375
2 0.6734375 0.72109375 0.0171875 0.03984375