2 0.284375 0.43828125 0.04609375 0.06015625
2 0.95234375 0.9703125 0.03359375 0.04609375
2 0.45859375 0.74921875 0.03515625 0.04375
2 0.35234375 0.43046875 0.03125 0.04140625
2 0.74140625 0.89765625 0.03359375 0.04453125
2 0.93984375 0.42890625 0.03203125 0.03984375
2 0.66328125 0.59765625 0.034375 0.0421875
2 0.81953125 0.18828125 0.03203125 0.04296875
2 0.24140625 0.20078125 0.03125 0.046875
2 0.784375 0.790625 0.02109375 0.0265625
2 0.5625 0.6421875 0.021875 0.028125
2 0.353125 0.79921875 0.025 0.03046875
2 0.48984375 0.5015625 0.03046875 0.0375
2 0.8796875 0.03203125 0.03046875 0.03828125
2 0.99375 0.98828125 0.01171875 0.01875
2 0.46484375 0.96015625 0.0234375 0.028125
2 0.75859375 0.79765625 0.02265625 0.02734375
2 0.328125 0.5171875 0.0203125 0.0296875
2 0.78203125 0.02578125 0.03984375 0.0453125
2 0.98984375 0.71328125 0.0171875 0.0296875
2 0.21640625 0.2046875 0.0171875 0.04140625
2 0.91484375 0.9203125 0.0171875 0.021875
2 0.11796875 0.840625 0.01953125 0.02734375
2 0.425 0.54765625 0.021875 0.03203125
2 0.73984375 0.0390625 0.01640625 0.078125
2 0.9859375 0.503125 0.0203125 0.0328125