2 0.85078125 0.36875 0.0484375 0.08828125
2 0.6046875 0.66875 0.0359375 0.04453125
2 0.65234375 0.4046875 0.028125 0.0421875
2 0.57265625 0.77734375 0.03203125 0.04296875
2 0.70546875 0.79921875 0.0296875 0.046875
2 0.37265625 0.2734375 0.03515625 0.046875
2 0.30625 0.634375 0.028125 0.03671875
2 0.225 0.0328125 0.0234375 0.03046875
2 0.5 0.94296875 0.02890625 0.034375
2 0.87265625 0.5875 0.03203125 0.04140625
2 0.6578125 0.4609375 0.03046875 0.04296875
2 0.4296875 0.81875 0.0265625 0.03203125
2 0.428125 0.60859375 0.02109375 0.0296875
2 0.27265625 0.6875 0.028125 0.0375
2 0.6390625 0.2421875 0.028125 0.0359375
2 0.65625 0.32578125 0.03203125 0.04140625
2 0.3546875 0.946875 0.02421875 0.0328125
2 0.69921875 0.40390625 0.02578125 0.03671875
2 0.64140625 0.28671875 0.02890625 0.040625
2 0.7640625 0.5234375 0.02734375 0.034375
2 0.50078125 0.0296875 0.0203125 0.0234375
2 0.584375 0.4734375 0.028125 0.0375
2 0.48359375 0.009375 0.021875 0.01875
2 0.59609375 0.41171875 0.01953125 0.02578125
2 0.3640625 0.4125 0.02109375 0.025
2 0.55625 0.09921875 0.01875 0.021875
2 0.42421875 0.6515625 0.0203125 0.02734375
2 0.67109375 0.7921875 0.0265625 0.134375
2 0.153125 0.37890625 0.02109375 0.02890625
2 0.690625 0.74765625 0.02265625 0.0328125