2 0.22265625 0.5546875 0.03515625 0.0515625
2 0.8734375 0.62109375 0.03828125 0.0578125
2 0.70703125 0.9125 0.03671875 0.05390625
2 0.20390625 0.48984375 0.03125 0.0484375
2 0.6453125 0.246875 0.02890625 0.040625
2 0.96015625 0.6828125 0.028125 0.0375
2 0.2984375 0.5578125 0.0390625 0.0625
2 0.3828125 0.971875 0.028125 0.03828125
2 0.74375 0.3296875 0.0203125 0.03203125
2 0.81875 0.36640625 0.02265625 0.03203125
2 0.8640625 0.31640625 0.02734375 0.03671875
2 0.8890625 0.4265625 0.02421875 0.03046875
2 0.23203125 0.28828125 0.0265625 0.0328125
2 0.67265625 0.8890625 0.02109375 0.0328125
2 0.7640625 0.290625 0.025 0.03125
2 0.3765625 0.23828125 0.021875 0.03359375
2 0.4296875 0.553125 0.02421875 0.03203125
2 0.134375 0.9015625 0.0203125 0.02578125
2 0.06484375 0.52265625 0.01796875 0.034375
2 0.6484375 0.325 0.0109375 0.03828125