2 0.4078125 0.3515625 0.04375 0.07265625
2 0.13203125 0.1984375 0.03984375 0.05703125
2 0.24296875 0.5734375 0.040625 0.04921875
2 0.434375 0.43984375 0.03359375 0.04375
2 0.8546875 0.771875 0.0296875 0.04140625
2 0.4359375 0.2125 0.03515625 0.090625
2 0.4203125 0.771875 0.03203125 0.040625
2 0.89140625 0.73125 0.02109375 0.0265625
2 0.89609375 0.48359375 0.01875 0.02421875
2 0.4453125 0.02109375 0.03203125 0.034375
2 0.11875 0.30078125 0.0265625 0.0359375
2 0.02890625 0.675 0.028125 0.03359375
2 0.8390625 0.37265625 0.01875 0.0265625
2 0.446875 0.2765625 0.0265625 0.10390625
2 0.24921875 0.25234375 0.0125 0.02734375
2 0.52890625 0.91171875 0.01171875 0.02890625
2 0.53203125 0.3171875 0.009375 0.02265625
2 0.5015625 0.3140625 0.0140625 0.03984375