2 0.12890625 0.90078125 0.04140625 0.07265625
2 0.98359375 0.978125 0.028125 0.04296875
2 0.63046875 0.8921875 0.03984375 0.0484375
2 0.965625 0.45390625 0.0453125 0.06171875
2 0.571875 0.16328125 0.034375 0.0453125
2 0.06640625 0.6203125 0.03046875 0.03671875
2 0.30703125 0.19296875 0.03828125 0.05
2 0.44609375 0.4640625 0.03515625 0.0453125
2 0.6015625 0.984375 0.02109375 0.0265625
2 0.5640625 0.8984375 0.03203125 0.03671875
2 0.9484375 0.20390625 0.034375 0.04921875
2 0.75 0.12109375 0.03125 0.0375
2 0.553125 0.11015625 0.02109375 0.02734375
2 0.0859375 0.75234375 0.01796875 0.02578125
2 0.8546875 0.85234375 0.02109375 0.03203125
2 0.81640625 0.1328125 0.02109375 0.02890625
2 0.9046875 0.24609375 0.0296875 0.0359375
2 0.94296875 0.85546875 0.01953125 0.02890625
2 0.7078125 0.80234375 0.0203125 0.02578125
2 0.00546875 0.87109375 0.01015625 0.025
2 0.06875 0.4265625 0.01796875 0.0265625
2 0.96015625 0.06953125 0.0296875 0.0375
2 0.0109375 0.75546875 0.0140625 0.02265625
2 0.02734375 0.81328125 0.015625 0.01953125
2 0.98359375 0.14296875 0.01953125 0.0296875
2 0.79921875 0.43046875 0.02109375 0.0296875
2 0.61796875 0.434375 0.01875 0.03125
2 0.8421875 0.72265625 0.01171875 0.02890625