2 0.74296875 0.9703125 0.04296875 0.053125
2 0.67421875 0.76796875 0.03828125 0.06015625
2 0.50078125 0.66171875 0.0265625 0.03984375
2 0.88671875 0.60234375 0.03125 0.0375
2 0.5125 0.546875 0.02734375 0.03671875
2 0.5484375 0.63515625 0.0265625 0.04609375
2 0.4109375 0.5703125 0.0296875 0.0390625
2 0.18203125 0.80390625 0.0296875 0.03671875
2 0.36328125 0.396875 0.028125 0.0375
2 0.7296875 0.22890625 0.021875 0.034375
2 0.02890625 0.553125 0.01953125 0.025
2 0.05546875 0.3421875 0.02109375 0.02421875
2 0.015625 0.3265625 0.0171875 0.0234375
2 0.48125 0.65703125 0.02109375 0.03515625
2 0.53828125 0.6 0.02421875 0.03203125
2 0.9875 0.68828125 0.01796875 0.0265625
2 0.19921875 0.3125 0.01015625 0.02421875