2 0.2703125 0.60390625 0.04296875 0.075
2 0.259375 0.3515625 0.0296875 0.04921875
2 0.79453125 0.1796875 0.0296875 0.03984375
2 0.690625 0.85859375 0.03046875 0.03671875
2 0.33203125 0.3421875 0.02421875 0.03984375
2 0.365625 0.88671875 0.028125 0.0359375
2 0.15078125 0.8984375 0.0234375 0.0296875
2 0.921875 0.3234375 0.02265625 0.03359375
2 0.3390625 0.27578125 0.028125 0.03671875
2 0.39765625 0.7828125 0.02109375 0.03046875
2 0.48125 0.20234375 0.028125 0.0359375
2 0.7734375 0.3390625 0.021875 0.03046875
2 0.1484375 0.6484375 0.01875 0.02578125
2 0.15390625 0.9359375 0.0203125 0.0296875
2 0.1875 0.53125 0.0171875 0.02734375
2 0.875 0.32421875 0.028125 0.0359375
2 0.16796875 0.61484375 0.01875 0.025
2 0.7859375 0.8203125 0.0234375 0.0359375
2 0.2359375 0.9484375 0.025 0.03359375
2 0.4734375 0.059375 0.0140625 0.0359375
2 0.65546875 0.2625 0.0125 0.0375
2 0.7265625 0.2390625 0.0125 0.02734375
2 0.63984375 0.3109375 0.02109375 0.0328125