2 0.55625 0.734375 0.02890625 0.03984375
2 0.2296875 0.87265625 0.034375 0.0484375
2 0.68359375 0.62734375 0.03203125 0.04609375
2 0.64609375 0.35546875 0.03046875 0.04296875
2 0.36015625 0.30390625 0.0328125 0.040625
2 0.309375 0.4453125 0.03125 0.04296875
2 0.9296875 0.5921875 0.03125 0.04375
2 0.89296875 0.38046875 0.03046875 0.0390625
2 0.55390625 0.53125 0.0328125 0.0453125
2 0.5890625 0.675 0.02890625 0.03984375
2 0.59453125 0.5328125 0.02890625 0.0421875
2 0.7375 0.41796875 0.03046875 0.040625
2 0.2203125 0.43125 0.02109375 0.02734375
2 0.1921875 0.8203125 0.02265625 0.028125
2 0.77890625 0.42421875 0.02890625 0.04296875
2 0.1796875 0.53671875 0.02734375 0.0359375
2 0.84296875 0.5421875 0.01875 0.03125
2 0.33515625 0.9640625 0.02109375 0.0328125
2 0.19140625 0.75859375 0.01796875 0.028125
2 0.43203125 0.31875 0.01875 0.0234375
2 0.39453125 0.3875 0.01875 0.02421875
2 0.496875 0.665625 0.0203125 0.02890625
2 0.2640625 0.85859375 0.01953125 0.0265625