2 0.3046875 0.25625 0.03125 0.0453125
2 0.4828125 0.78359375 0.03203125 0.0421875
2 0.4015625 0.9578125 0.0359375 0.0484375
2 0.46484375 0.73125 0.02578125 0.03828125
2 0.65703125 0.37265625 0.03203125 0.0453125
2 0.45625 0.35234375 0.02890625 0.040625
2 0.9796875 0.9546875 0.03125 0.04609375
2 0.9015625 0.571875 0.03125 0.0421875
2 0.140625 0.65625 0.03828125 0.0625
2 0.7546875 0.4765625 0.02890625 0.0390625
2 0.4546875 0.6546875 0.0234375 0.0359375
2 0.91875 0.115625 0.0234375 0.03671875
2 0.9296875 0.86484375 0.0234375 0.0296875
2 0.503125 0.55546875 0.02734375 0.03671875
2 0.434375 0.58203125 0.021875 0.02265625
2 0.9109375 0.2015625 0.01875 0.0265625
2 0.95 0.71171875 0.025 0.034375
2 0.8984375 0.41171875 0.01953125 0.0296875
2 0.95703125 0.81953125 0.02265625 0.03125
2 0.909375 0.68203125 0.01640625 0.028125
2 0.94140625 0.62109375 0.0140625 0.03125