2 0.0796875 0.73671875 0.034375 0.05
2 0.18203125 0.0703125 0.05546875 0.11640625
2 0.12109375 0.925 0.0328125 0.05234375
2 0.540625 0.5234375 0.03203125 0.0421875
2 0.58125 0.4875 0.03125 0.03984375
2 0.76171875 0.79140625 0.03203125 0.040625
2 0.35859375 0.359375 0.0203125 0.02734375
2 0.5359375 0.1765625 0.02734375 0.034375
2 0.37421875 0.07109375 0.02734375 0.0375
2 0.0921875 0.95546875 0.0328125 0.05
2 0.77890625 0.98515625 0.02421875 0.02890625
2 0.24609375 0.61484375 0.02578125 0.03984375
2 0.9109375 0.065625 0.0203125 0.028125
2 0.73125 0.96640625 0.02265625 0.028125