2 0.84921875 0.553125 0.03984375 0.05546875
2 0.265625 0.384375 0.0328125 0.04140625
2 0.79765625 0.028125 0.03046875 0.040625
2 0.21796875 0.5875 0.0234375 0.03203125
2 0.66484375 0.66953125 0.0484375 0.0984375
2 0.03203125 0.33046875 0.0234375 0.03125
2 0.33046875 0.46875 0.01875 0.02734375
2 0.22109375 0.6640625 0.021875 0.0296875
2 0.21484375 0.34921875 0.015625 0.025
2 0.2015625 0.32109375 0.0171875 0.02421875
2 0.2109375 0.25390625 0.01875 0.028125
2 0.11953125 0.54453125 0.0171875 0.02421875