2 0.6984375 0.5828125 0.04375 0.0546875
2 0.40234375 0.1953125 0.034375 0.04921875
2 0.77265625 0.85234375 0.03203125 0.046875
2 0.95625 0.609375 0.025 0.0328125
2 0.22421875 0.3421875 0.025 0.03359375
2 0.45 0.45 0.02734375 0.0390625
2 0.17578125 0.346875 0.02734375 0.03671875
2 0.73515625 0.328125 0.02265625 0.028125
2 0.6109375 0.2265625 0.02265625 0.03125
2 0.4171875 0.29375 0.01953125 0.028125
2 0.02734375 0.3921875 0.021875 0.0265625
2 0.84609375 0.69765625 0.0203125 0.0265625
2 0.25 0.42421875 0.02109375 0.0296875
2 0.7046875 0.853125 0.02109375 0.0328125
2 0.89140625 0.80078125 0.01875 0.028125
2 0.46640625 0.30390625 0.01953125 0.02890625