2 0.30234375 0.2234375 0.03125 0.04609375
2 0.1625 0.959375 0.04921875 0.075
2 0.16875 0.41953125 0.03203125 0.04375
2 0.53046875 0.2 0.03125 0.0390625
2 0.29140625 0.94453125 0.03515625 0.0421875
2 0.63046875 0.24765625 0.03359375 0.040625
2 0.79765625 0.98359375 0.03046875 0.03203125
2 0.1328125 0.86875 0.03125 0.04140625
2 0.3734375 0.48203125 0.02578125 0.03515625
2 0.559375 0.140625 0.03515625 0.0390625
2 0.39375 0.2109375 0.02734375 0.03828125
2 0.24140625 0.425 0.01953125 0.0265625
2 0.36484375 0.925 0.0296875 0.03515625
2 0.471875 0.221875 0.0234375 0.0328125
2 0.35390625 0.5421875 0.01875 0.02734375
2 0.40625 0.8671875 0.021875 0.028125
2 0.67109375 0.4203125 0.02265625 0.025
2 0.70703125 0.20859375 0.02265625 0.0296875
2 0.43359375 0.19375 0.0203125 0.0265625
2 0.5796875 0.40625 0.0203125 0.02734375
2 0.45390625 0.32421875 0.01953125 0.0265625
2 0.34140625 0.1890625 0.01796875 0.02265625
2 0.790625 0.9234375 0.01875 0.021875
2 0.22890625 0.203125 0.01953125 0.025