2 0.78359375 0.55078125 0.03203125 0.0484375
2 0.94453125 0.05078125 0.03984375 0.0703125
2 0.5796875 0.90546875 0.0484375 0.08359375
2 0.82890625 0.9171875 0.0453125 0.07265625
2 0.8734375 0.06015625 0.03671875 0.0515625
2 0.784375 0.76015625 0.03671875 0.05078125
2 0.975 0.690625 0.02734375 0.0421875
2 0.73984375 0.515625 0.02109375 0.03046875
2 0.5859375 0.01875 0.03046875 0.0359375
2 0.771875 0.34296875 0.01875 0.02734375
2 0.6640625 0.27578125 0.02734375 0.03515625
2 0.7984375 0.37421875 0.0203125 0.0296875
2 0.878125 0.6875 0.021875 0.03203125