2 0.63515625 0.57890625 0.04765625 0.05546875
2 0.62265625 0.465625 0.03515625 0.04296875
2 0.4359375 0.4078125 0.03046875 0.0390625
2 0.37578125 0.42890625 0.04609375 0.07578125
2 0.7921875 0.8203125 0.03125 0.0390625
2 0.715625 0.390625 0.02734375 0.03671875
2 0.98671875 0.3578125 0.0203125 0.0328125
2 0.5203125 0.28359375 0.02890625 0.034375
2 0.76484375 0.45859375 0.01953125 0.02890625
2 0.16796875 0.85703125 0.02578125 0.03203125
2 0.91953125 0.7265625 0.03046875 0.0359375
2 0.70703125 0.11640625 0.0234375 0.03046875
2 0.4953125 0.89453125 0.0234375 0.02890625
2 0.221875 0.81796875 0.0234375 0.02890625
2 0.6484375 0.8203125 0.025 0.03125
2 0.44609375 0.16484375 0.02421875 0.0296875
2 0.865625 0.35390625 0.01953125 0.02578125
2 0.23125 0.9828125 0.02109375 0.0265625
2 0.7328125 0.0765625 0.01953125 0.0234375
2 0.3796875 0.990625 0.0203125 0.01640625
2 0.52890625 0.9609375 0.01796875 0.025
2 0.7015625 0.7453125 0.0203125 0.028125
2 0.4671875 0.48125 0.025 0.02265625