2 0.9796875 0.44921875 0.03359375 0.04453125
2 0.51796875 0.5203125 0.034375 0.04921875
2 0.9453125 0.5265625 0.03046875 0.04296875
2 0.1015625 0.5796875 0.0328125 0.04375
2 0.56015625 0.4765625 0.03046875 0.0375
2 0.55859375 0.203125 0.025 0.03046875
2 0.346875 0.3171875 0.02421875 0.0328125
2 0.39453125 0.34609375 0.02421875 0.0328125
2 0.89765625 0.34609375 0.02265625 0.0296875
2 0.39921875 0.25703125 0.028125 0.03359375
2 0.76796875 0.3140625 0.02578125 0.034375
2 0.24765625 0.75078125 0.025 0.03359375
2 0.125 0.61953125 0.025 0.034375
2 0.2984375 0.60390625 0.02109375 0.02890625
2 0.5140625 0.1765625 0.02265625 0.03125
2 0.23984375 0.80390625 0.0296875 0.03359375
2 0.5 0.07265625 0.0296875 0.03671875
2 0.7984375 0.8890625 0.01953125 0.02265625
2 0.734375 0.9328125 0.01796875 0.0234375
2 0.3734375 0.24140625 0.0203125 0.028125
2 0.190625 0.14921875 0.02734375 0.03671875
2 0.8484375 0.85859375 0.025 0.02421875
2 0.05390625 0.67890625 0.01875 0.028125
2 0.59296875 0.20234375 0.0265625 0.02890625
2 0.0828125 0.52421875 0.01875 0.02421875
2 0.71328125 0.64375 0.01796875 0.0234375
2 0.378125 0.2484375 0.028125 0.0359375
2 0.43203125 0.34375 0.01875 0.025
2 0.45546875 0.30859375 0.015625 0.02890625
2 0.48828125 0.38203125 0.01015625 0.02421875
2 0.13828125 0.51484375 0.01171875 0.0296875
2 0.14296875 0.93203125 0.01328125 0.02734375