2 0.92421875 0.42578125 0.05859375 0.07890625
2 0.0890625 0.484375 0.0296875 0.04140625
2 0.75078125 0.38515625 0.03125 0.04609375
2 0.9625 0.75859375 0.0578125 0.07734375
2 0.1234375 0.55546875 0.03125 0.04375
2 0.090625 0.89140625 0.04375 0.07734375
2 0.975 0.8796875 0.03125 0.04609375
2 0.403125 0.42578125 0.02890625 0.0390625
2 0.15625 0.4296875 0.02578125 0.03515625
2 0.171875 0.80546875 0.02578125 0.03984375
2 0.16015625 0.66953125 0.021875 0.0265625
2 0.14921875 0.56328125 0.0234375 0.03984375
2 0.1 0.3734375 0.0171875 0.02578125
2 0.5890625 0.98515625 0.02578125 0.02890625
2 0.08125 0.2578125 0.028125 0.03359375
2 0.1359375 0.3828125 0.01875 0.02421875
2 0.5875 0.728125 0.02734375 0.03515625
2 0.5546875 0.009375 0.02265625 0.01796875
2 0.10390625 0.6421875 0.01953125 0.0296875
2 0.09296875 0.26171875 0.01953125 0.0234375
2 0.54296875 0.365625 0.01953125 0.02265625
2 0.45390625 0.790625 0.02734375 0.03671875