2 0.17890625 0.5984375 0.03984375 0.05546875
2 0.66953125 0.6171875 0.03515625 0.04765625
2 0.553125 0.35 0.03203125 0.046875
2 0.0578125 0.640625 0.04453125 0.071875
2 0.98515625 0.3234375 0.02578125 0.05078125
2 0.278125 0.584375 0.03125 0.03984375
2 0.62890625 0.60859375 0.0234375 0.03203125
2 0.08125 0.284375 0.025 0.0296875
2 0.62109375 0.5703125 0.01953125 0.028125
2 0.64765625 0.5546875 0.01953125 0.02734375
2 0.6984375 0.31875 0.03203125 0.03828125
2 0.8828125 0.6515625 0.021875 0.03125
2 0.75625 0.8359375 0.0234375 0.02890625
2 0.2953125 0.92421875 0.01953125 0.02421875
2 0.04765625 0.25078125 0.01953125 0.02734375
2 0.7609375 0.271875 0.0390625 0.05078125
2 0.8921875 0.6234375 0.021875 0.02890625
2 0.84296875 0.65859375 0.01796875 0.025
2 0.49921875 0.0546875 0.0234375 0.02890625
2 0.4703125 0.85234375 0.02109375 0.02734375
2 0.16640625 0.94609375 0.01953125 0.025
2 0.78671875 0.315625 0.025 0.03671875
2 0.61015625 0.16328125 0.03515625 0.03828125
2 0.53046875 0.4828125 0.01875 0.028125
2 0.29765625 0.45234375 0.01953125 0.02578125
2 0.4921875 0.7078125 0.0203125 0.0234375
2 0.571875 0.7171875 0.02109375 0.02265625