2 0.6265625 0.2640625 0.0453125 0.0796875
2 0.12421875 0.0375 0.03359375 0.0453125
2 0.3953125 0.94921875 0.03125 0.04609375
2 0.740625 0.19453125 0.02265625 0.0328125
2 0.62578125 0.859375 0.03125 0.05078125
2 0.64140625 0.58515625 0.02734375 0.04140625
2 0.65703125 0.215625 0.01875 0.028125
2 0.34765625 0.76328125 0.025 0.0296875
2 0.93515625 0.0890625 0.01953125 0.02734375
2 0.63984375 0.46015625 0.01953125 0.034375
2 0.646875 0.34375 0.01796875 0.0328125
2 0.36953125 0.903125 0.02421875 0.03359375
2 0.85625 0.1140625 0.0203125 0.0265625
2 0.0515625 0.60859375 0.0234375 0.0375