2 0.5203125 0.7984375 0.0390625 0.0453125
2 0.52890625 0.25625 0.02578125 0.03125
2 0.18671875 0.4671875 0.025 0.03046875
2 0.49375 0.0609375 0.02578125 0.0296875
2 0.43046875 0.5046875 0.021875 0.025
2 0.990625 0.74765625 0.01796875 0.03984375
2 0.43828125 0.43828125 0.02890625 0.034375
2 0.21015625 0.6546875 0.02421875 0.0296875
2 0.92109375 0.05546875 0.0203125 0.0234375
2 0.33671875 0.2703125 0.02265625 0.02421875
2 0.475 0.4921875 0.025 0.0296875
2 0.97890625 0.84140625 0.0203125 0.0265625
2 0.2921875 0.04140625 0.0203125 0.02578125
2 0.128125 0.9734375 0.02109375 0.02734375
2 0.41015625 0.2125 0.02109375 0.0234375
2 0.3484375 0.51171875 0.021875 0.02578125
2 0.78203125 0.01015625 0.02109375 0.01953125
2 0.3546875 0.6765625 0.0234375 0.0203125
2 0.48359375 0.14453125 0.01328125 0.02890625
2 0.30703125 0.225 0.0125 0.02734375
2 0.26328125 0.21953125 0.0125 0.02734375
2 0.65078125 0.3875 0.0140625 0.0359375