2 0.58359375 0.525 0.0375 0.05
2 0.8453125 0.4078125 0.0375 0.05234375
2 0.26875 0.39140625 0.03203125 0.04609375
2 0.5546875 0.3265625 0.03515625 0.046875
2 0.38984375 0.4109375 0.034375 0.04140625
2 0.953125 0.46875 0.03828125 0.046875
2 0.7421875 0.58046875 0.0296875 0.04140625
2 0.8515625 0.5953125 0.02890625 0.0375
2 0.9203125 0.51875 0.021875 0.0328125
2 0.49609375 0.15390625 0.02890625 0.034375
2 0.859375 0.528125 0.02734375 0.03515625
2 0.03046875 0.84921875 0.02109375 0.028125
2 0.825 0.4546875 0.028125 0.034375
2 0.99140625 0.52421875 0.0171875 0.03671875
2 0.42890625 0.22421875 0.025 0.03046875
2 0.06484375 0.603125 0.03046875 0.0390625
2 0.1640625 0.75234375 0.0203125 0.02890625
2 0.99140625 0.8015625 0.015625 0.03359375
2 0.55859375 0.37421875 0.0203125 0.028125
2 0.559375 0.6484375 0.02109375 0.02578125
2 0.4671875 0.109375 0.02578125 0.028125
2 0.6453125 0.990625 0.02421875 0.015625
2 0.16328125 0.61875 0.02109375 0.02890625
2 0.6875 0.32109375 0.01328125 0.0359375
2 0.99140625 0.60546875 0.01015625 0.03203125
2 0.928125 0.615625 0.01796875 0.021875
2 0.70625 0.31484375 0.01640625 0.02578125
2 0.13515625 0.44140625 0.01875 0.025