2 0.15546875 0.97578125 0.03671875 0.04765625
2 0.07109375 0.778125 0.0359375 0.05859375
2 0.4078125 0.94765625 0.0359375 0.06171875
2 0.534375 0.98046875 0.03125 0.0390625
2 0.1515625 0.528125 0.03125 0.04453125
2 0.70390625 0.7875 0.0515625 0.09921875
2 0.7203125 0.9109375 0.0328125 0.04296875
2 0.60546875 0.571875 0.02890625 0.0375
2 0.79609375 0.5796875 0.02421875 0.03359375
2 0.45078125 0.34453125 0.0578125 0.09765625
2 0.975 0.98671875 0.0359375 0.01953125
2 0.79140625 0.43984375 0.02265625 0.0296875
2 0.634375 0.109375 0.0203125 0.0296875
2 0.2328125 0.515625 0.021875 0.0296875
2 0.1875 0.76171875 0.0265625 0.03828125
2 0.9890625 0.64765625 0.01484375 0.02890625
2 0.0640625 0.86796875 0.02421875 0.034375
2 0.21796875 0.878125 0.021875 0.0390625