2 0.97109375 0.85234375 0.04609375 0.09453125
2 0.45703125 0.89296875 0.03828125 0.04765625
2 0.328125 0.06875 0.0328125 0.0453125
2 0.13984375 0.6484375 0.03125 0.0453125
2 0.4265625 0.3984375 0.0328125 0.04296875
2 0.95546875 0.98125 0.0375 0.03671875
2 0.66171875 0.49453125 0.0265625 0.03125
2 0.31640625 0.18515625 0.028125 0.03046875
2 0.69296875 0.68671875 0.02265625 0.0296875
2 0.24140625 0.20078125 0.0265625 0.03203125
2 0.17109375 0.6515625 0.02421875 0.04296875
2 0.6890625 0.55078125 0.025 0.0296875
2 0.58046875 0.70234375 0.02890625 0.03515625
2 0.28828125 0.3578125 0.03125 0.034375
2 0.625 0.471875 0.021875 0.02734375
2 0.71796875 0.4609375 0.0203125 0.025
2 0.6640625 0.6703125 0.01796875 0.02734375
2 0.7078125 0.57421875 0.02109375 0.02890625
2 0.52734375 0.83359375 0.021875 0.0265625
2 0.17734375 0.98984375 0.02890625 0.01796875
2 0.65859375 0.94140625 0.0203125 0.02890625
2 0.66328125 0.25859375 0.01953125 0.02421875
2 0.015625 0.61875 0.02578125 0.0390625
2 0.28125 0.10390625 0.01875 0.02578125
2 0.73359375 0.70078125 0.01640625 0.021875
2 0.2171875 0.3734375 0.0203125 0.02109375
2 0.73125 0.51953125 0.015625 0.01953125
2 0.12734375 0.41796875 0.01171875 0.01875
2 0.08359375 0.4921875 0.0171875 0.0296875