2 0.85546875 0.4578125 0.03203125 0.046875
2 0.92578125 0.953125 0.0375 0.04765625
2 0.48203125 0.44375 0.03203125 0.04296875
2 0.74453125 0.76171875 0.03359375 0.04375
2 0.27734375 0.55234375 0.0359375 0.04140625
2 0.5171875 0.3984375 0.03125 0.04375
2 0.34609375 0.78203125 0.04375 0.0703125
2 0.8015625 0.38359375 0.0296875 0.03984375
2 0.8640625 0.98515625 0.03046875 0.02890625
2 0.24765625 0.30078125 0.03203125 0.0453125
2 0.92734375 0.43125 0.0265625 0.03828125
2 0.61484375 0.546875 0.03125 0.04453125
2 0.640625 0.60625 0.0375 0.1078125
2 0.17109375 0.909375 0.02265625 0.03046875
2 0.74140625 0.5296875 0.02109375 0.02890625
2 0.3953125 0.43515625 0.01953125 0.02734375
2 0.7828125 0.39140625 0.02265625 0.03828125
2 0.65234375 0.30546875 0.01796875 0.0328125
2 0.5859375 0.259375 0.01875 0.021875
2 0.6 0.66875 0.0328125 0.0484375
2 0.78046875 0.79453125 0.0203125 0.0328125
2 0.75625 0.21640625 0.02734375 0.03828125
2 0.41640625 0.56875 0.0171875 0.02578125
2 0.68984375 0.725 0.01875 0.02890625
2 0.31953125 0.8609375 0.01875 0.0265625
2 0.415625 0.37265625 0.02109375 0.0265625
2 0.796875 0.45625 0.01875 0.02734375