2 0.81875 0.5890625 0.034375 0.05390625
2 0.48515625 0.9765625 0.0359375 0.046875
2 0.8453125 0.475 0.0296875 0.05078125
2 0.825 0.9828125 0.03203125 0.03359375
2 0.86171875 0.64453125 0.04921875 0.09765625
2 0.50625 0.48359375 0.025 0.03828125
2 0.6921875 0.89765625 0.03125 0.0390625
2 0.46640625 0.39375 0.03046875 0.03984375
2 0.66484375 0.83203125 0.0296875 0.03203125
2 0.53515625 0.3640625 0.03046875 0.03671875
2 0.16953125 0.89609375 0.025 0.03046875
2 0.80078125 0.4734375 0.03203125 0.0640625
2 0.6265625 0.53828125 0.0296875 0.03828125
2 0.6640625 0.41015625 0.025 0.03515625
2 0.40390625 0.7859375 0.021875 0.02734375
2 0.26328125 0.59609375 0.02109375 0.028125
2 0.259375 0.04609375 0.03046875 0.0390625
2 0.40546875 0.43046875 0.02109375 0.02734375
2 0.375 0.53359375 0.02109375 0.025
2 0.29453125 0.8234375 0.01953125 0.028125
2 0.32265625 0.46640625 0.01953125 0.02890625
2 0.603125 0.975 0.0234375 0.028125