2 0.98046875 0.61328125 0.03515625 0.05
2 0.51640625 0.51484375 0.03828125 0.05625
2 0.72578125 0.39921875 0.034375 0.04375
2 0.46875 0.69765625 0.0359375 0.0609375
2 0.73203125 0.53046875 0.03125 0.03984375
2 0.725 0.2953125 0.03359375 0.04375
2 0.30546875 0.93046875 0.03125 0.03984375
2 0.5953125 0.36796875 0.02265625 0.0296875
2 0.7953125 0.7671875 0.0234375 0.0296875
2 0.72890625 0.734375 0.01953125 0.02421875
2 0.66328125 0.4 0.02109375 0.03203125
2 0.52734375 0.68984375 0.0203125 0.02421875
2 0.63828125 0.41640625 0.02265625 0.02734375
2 0.79140625 0.571875 0.01796875 0.021875
2 0.90859375 0.7015625 0.01796875 0.01875
2 0.5296875 0.81640625 0.02265625 0.028125
2 0.5796875 0.69609375 0.01875 0.02421875
2 0.8625 0.7265625 0.01953125 0.02578125
2 0.5703125 0.44609375 0.01015625 0.02578125
2 0.696875 0.5859375 0.01015625 0.02890625
2 0.6328125 0.5875 0.0125 0.02578125
2 0.28671875 0.44140625 0.009375 0.02265625