2 0.4109375 0.92578125 0.03046875 0.0453125
2 0.24140625 0.09375 0.03203125 0.0453125
2 0.528125 0.17578125 0.0484375 0.06953125
2 0.58359375 0.41796875 0.0421875 0.0765625
2 0.18125 0.94140625 0.03515625 0.05
2 0.9734375 0.721875 0.03984375 0.0703125
2 0.9875 0.92734375 0.0234375 0.0515625
2 0.19140625 0.70390625 0.0265625 0.0328125
2 0.23671875 0.30859375 0.02421875 0.03203125
2 0.93515625 0.825 0.0296875 0.03984375
2 0.28515625 0.0296875 0.01953125 0.02734375
2 0.36328125 0.1828125 0.02109375 0.02578125
2 0.16484375 0.590625 0.03046875 0.0359375
2 0.15703125 0.27890625 0.01796875 0.02890625
2 0.66484375 0.87734375 0.02578125 0.03671875
2 0.2703125 0.6953125 0.0234375 0.03046875
2 0.18125 0.5078125 0.02578125 0.0328125
2 0.528125 0.2515625 0.02265625 0.0375
2 0.6 0.85546875 0.03125 0.04453125
2 0.478125 0.59921875 0.0265625 0.03515625
2 0.178125 0.37890625 0.021875 0.02734375
2 0.1578125 0.7359375 0.0203125 0.02890625
2 0.159375 0.18984375 0.01953125 0.02421875
2 0.40703125 0.76171875 0.025 0.0375
2 0.18671875 0.2984375 0.01796875 0.02109375