2 0.96484375 0.05078125 0.0359375 0.04765625
2 0.3859375 0.6390625 0.0375 0.05703125
2 0.23671875 0.76640625 0.03359375 0.04453125
2 0.67890625 0.3796875 0.02890625 0.0390625
2 0.903125 0.23984375 0.02578125 0.034375
2 0.89375 0.12109375 0.01953125 0.03203125
2 0.77265625 0.5484375 0.0296875 0.03828125
2 0.17421875 0.52578125 0.02734375 0.0390625
2 0.89921875 0.16171875 0.0203125 0.03203125
2 0.459375 0.19140625 0.02578125 0.03203125
2 0.884375 0.05546875 0.01875 0.0328125
2 0.8484375 0.40859375 0.02109375 0.02578125
2 0.93359375 0.41484375 0.0203125 0.03046875