2 0.07578125 0.81640625 0.03515625 0.04375
2 0.59375 0.58828125 0.0328125 0.04609375
2 0.14765625 0.6859375 0.03203125 0.04453125
2 0.8234375 0.296875 0.040625 0.06171875
2 0.56953125 0.28671875 0.0296875 0.04140625
2 0.91875 0.97734375 0.03046875 0.03984375
2 0.2296875 0.64375 0.025 0.034375
2 0.69453125 0.2921875 0.0234375 0.03203125
2 0.534375 0.9875 0.021875 0.01953125
2 0.653125 0.28671875 0.01953125 0.02890625
2 0.51640625 0.4890625 0.021875 0.02890625
2 0.5953125 0.35078125 0.02890625 0.034375
2 0.853125 0.44609375 0.01875 0.02421875
2 0.76484375 0.89765625 0.02265625 0.025
2 0.534375 0.8890625 0.0265625 0.03515625
2 0.7953125 0.5640625 0.02265625 0.02890625
2 0.96875 0.240625 0.0234375 0.0390625
2 0.9796875 0.5171875 0.02890625 0.040625
2 0.8171875 0.3484375 0.0265625 0.04140625
2 0.0296875 0.35234375 0.01796875 0.025
2 0.5328125 0.684375 0.0203125 0.0265625
2 0.31328125 0.82109375 0.0203125 0.02578125
2 0.90234375 0.6171875 0.02109375 0.0296875
2 0.99140625 0.22109375 0.01171875 0.0359375
2 0.896875 0.95703125 0.01875 0.0234375
2 0.49453125 0.7796875 0.021875 0.02265625
2 0.7875 0.23984375 0.01875 0.0375
2 0.74296875 0.23046875 0.01640625 0.0296875
2 0.621875 0.86171875 0.01328125 0.02578125
2 0.56796875 0.9515625 0.0140625 0.0375
2 0.87734375 0.803125 0.01171875 0.02890625
2 0.675 0.821875 0.01171875 0.02734375