2 0.7578125 0.85546875 0.046875 0.0703125
2 0.2828125 0.64140625 0.04140625 0.05859375
2 0.52109375 0.6921875 0.0390625 0.053125
2 0.35625 0.784375 0.03515625 0.05
2 0.171875 0.6359375 0.03359375 0.04609375
2 0.590625 0.46171875 0.0328125 0.0421875
2 0.3046875 0.77421875 0.02890625 0.034375
2 0.07265625 0.3921875 0.01953125 0.02734375
2 0.40234375 0.70859375 0.021875 0.03046875
2 0.946875 0.98828125 0.028125 0.0234375
2 0.0359375 0.42421875 0.02109375 0.028125
2 0.103125 0.990625 0.03359375 0.015625
2 0.16171875 0.8296875 0.0296875 0.034375
2 0.65390625 0.9671875 0.03046875 0.04140625
2 0.5421875 0.87578125 0.0265625 0.03515625
2 0.65390625 0.3765625 0.02265625 0.03359375
2 0.7828125 0.51171875 0.028125 0.0359375
2 0.74921875 0.95625 0.0234375 0.03984375
2 0.64765625 0.9609375 0.0234375 0.0375
2 0.12421875 0.4671875 0.01875 0.034375
2 0.81328125 0.7375 0.02578125 0.03515625
2 0.8921875 0.9359375 0.0203125 0.02734375
2 0.665625 0.9765625 0.0234375 0.0328125
2 0.178125 0.9765625 0.01796875 0.02578125
2 0.77109375 0.6578125 0.0125 0.02421875
2 0.6515625 0.59453125 0.0171875 0.03984375