2 0.03203125 0.90078125 0.03515625 0.059375
2 0.821875 0.428125 0.03984375 0.053125
2 0.26484375 0.55 0.03203125 0.04140625
2 0.10546875 0.71328125 0.03046875 0.03984375
2 0.73046875 0.42109375 0.02578125 0.0375
2 0.87734375 0.34765625 0.03359375 0.04375
2 0.79140625 0.60703125 0.03359375 0.040625
2 0.13671875 0.7234375 0.03125 0.04375
2 0.70546875 0.58828125 0.02734375 0.0390625
2 0.27578125 0.79375 0.03203125 0.04609375
2 0.390625 0.40859375 0.03515625 0.03828125
2 0.62421875 0.20859375 0.02734375 0.03984375
2 0.5765625 0.396875 0.028125 0.03828125
2 0.6359375 0.73359375 0.03046875 0.034375
2 0.6046875 0.08359375 0.0359375 0.05078125
2 0.5546875 0.6890625 0.02890625 0.03984375
2 0.5234375 0.40625 0.0265625 0.03828125
2 0.3609375 0.6671875 0.0296875 0.0375
2 0.65234375 0.625 0.02265625 0.0328125
2 0.6703125 0.77265625 0.02265625 0.0296875
2 0.9171875 0.27109375 0.02890625 0.03671875
2 0.7421875 0.5859375 0.02265625 0.02890625
2 0.71015625 0.92578125 0.03046875 0.0359375
2 0.06796875 0.38359375 0.01875 0.02421875
2 0.859375 0.63046875 0.0203125 0.028125
2 0.26171875 0.08203125 0.02109375 0.0296875
2 0.57578125 0.21015625 0.02421875 0.0375
2 0.815625 0.3734375 0.0203125 0.028125
2 0.66484375 0.46328125 0.021875 0.0265625
2 0.784375 0.53046875 0.0171875 0.02265625
2 0.83046875 0.81484375 0.01953125 0.0265625
2 0.0734375 0.76484375 0.02109375 0.0296875
2 0.0375 0.5375 0.0203125 0.028125
2 0.03828125 0.07890625 0.01953125 0.028125
2 0.74375 0.5296875 0.01796875 0.021875
2 0.52109375 0.6359375 0.01875 0.025
2 0.69609375 0.7296875 0.01953125 0.021875
2 0.078125 0.7453125 0.0171875 0.02421875
2 0.2890625 0.6375 0.02578125 0.03515625
2 0.59921875 0.39453125 0.02265625 0.03125
2 0.8265625 0.23984375 0.0203125 0.025
2 0.17109375 0.484375 0.01640625 0.02265625
2 0.5734375 0.8828125 0.02109375 0.02421875
2 0.0640625 0.05859375 0.0171875 0.02578125
2 0.65625 0.2046875 0.0296875 0.0359375
2 0.82109375 0.0828125 0.02578125 0.0390625
2 0.40078125 0.59609375 0.025 0.03515625
2 0.4859375 0.6265625 0.0203125 0.028125
2 0.7765625 0.3296875 0.025 0.03359375
2 0.81171875 0.60390625 0.0265625 0.03359375
2 0.9828125 0.9796875 0.01796875 0.02421875
2 0.9296875 0.7359375 0.021875 0.02421875
2 0.703125 0.96015625 0.0203125 0.02265625
2 0.8890625 0.25234375 0.03125 0.04140625
2 0.234375 0.06015625 0.0203125 0.0265625