2 0.6046875 0.46953125 0.05 0.08125
2 0.02421875 0.971875 0.0390625 0.05625
2 0.90859375 0.57578125 0.04609375 0.05390625
2 0.39453125 0.4109375 0.025 0.0390625
2 0.87890625 0.25 0.0328125 0.04609375
2 0.52265625 0.4109375 0.02890625 0.04453125
2 0.64453125 0.2078125 0.03046875 0.0390625
2 0.346875 0.471875 0.021875 0.03046875
2 0.14765625 0.7140625 0.0328125 0.0390625
2 0.56484375 0.29375 0.03046875 0.03984375
2 0.7734375 0.375 0.02265625 0.034375
2 0.29453125 0.1671875 0.0296875 0.03828125
2 0.40859375 0.16015625 0.0203125 0.02734375
2 0.346875 0.384375 0.021875 0.02734375
2 0.26875 0.903125 0.0296875 0.0390625
2 0.1734375 0.01875 0.03125 0.0328125
2 0.503125 0.246875 0.01953125 0.025
2 0.484375 0.51484375 0.0203125 0.025
2 0.44609375 0.39296875 0.01953125 0.03125
2 0.853125 0.3625 0.02109375 0.02734375
2 0.5046875 0.3828125 0.01875 0.02890625
2 0.121875 0.3765625 0.02109375 0.028125
2 0.80703125 0.34765625 0.01796875 0.02265625
2 0.4203125 0.14453125 0.01953125 0.0234375
2 0.82890625 0.95390625 0.0265625 0.0390625
2 0.453125 0.6015625 0.01171875 0.0375