2 0.54140625 0.26953125 0.03359375 0.04921875
2 0.91953125 0.51328125 0.03984375 0.04921875
2 0.2921875 0.5015625 0.04609375 0.0796875
2 0.45 0.22109375 0.03125 0.04921875
2 0.3421875 0.153125 0.03671875 0.04140625
2 0.88828125 0.45703125 0.03203125 0.03828125
2 0.55859375 0.54375 0.03125 0.04375
2 0.84375 0.15546875 0.03046875 0.0359375
2 0.60703125 0.959375 0.025 0.03984375
2 0.81484375 0.15625 0.0296875 0.03515625
2 0.509375 0.22734375 0.028125 0.03671875
2 0.90546875 0.340625 0.03125 0.04375
2 0.63515625 0.703125 0.021875 0.03046875
2 0.8796875 0.57890625 0.01875 0.025