2 0.7 0.67734375 0.03984375 0.0625
2 0.915625 0.17578125 0.04296875 0.0703125
2 0.28359375 0.58203125 0.040625 0.05078125
2 0.346875 0.02109375 0.03515625 0.0421875
2 0.97109375 0.4171875 0.0453125 0.0640625
2 0.15078125 0.11015625 0.034375 0.0484375
2 0.7234375 0.909375 0.0296875 0.0375
2 0.921875 0.66953125 0.03046875 0.04453125
2 0.8578125 0.82578125 0.03203125 0.04296875
2 0.75859375 0.86953125 0.01875 0.02578125
2 0.46796875 0.81328125 0.02265625 0.025
2 0.46875 0.9328125 0.0203125 0.0265625
2 0.6265625 0.88359375 0.01953125 0.025
2 0.55859375 0.88359375 0.021875 0.02578125
2 0.7984375 0.0125 0.0328125 0.025
2 0.76640625 0.39140625 0.02265625 0.0375
2 0.8421875 0.9703125 0.0203125 0.02890625
2 0.37890625 0.34921875 0.025 0.02578125
2 0.72265625 0.3640625 0.01875 0.0234375
2 0.29765625 0.034375 0.021875 0.0203125
2 0.6484375 0.6390625 0.021875 0.02421875
2 0.1625 0.015625 0.03203125 0.03046875
2 0.496875 0.4984375 0.03046875 0.03515625