2 0.8671875 0.0265625 0.03125 0.0484375
2 0.1703125 0.1203125 0.046875 0.0875
2 0.30390625 0.06953125 0.02109375 0.03046875
2 0.5171875 0.73359375 0.0296875 0.03515625
2 0.640625 0.44921875 0.025 0.03203125
2 0.3296875 0.3890625 0.028125 0.03984375
2 0.6109375 0.50546875 0.02578125 0.03515625
2 0.509375 0.31484375 0.028125 0.0375
2 0.58515625 0.409375 0.01796875 0.0265625
2 0.43515625 0.85390625 0.03046875 0.03828125
2 0.88984375 0.0390625 0.02265625 0.06796875
2 0.68828125 0.21875 0.0203125 0.02421875
2 0.6546875 0.36328125 0.02109375 0.02890625
2 0.73046875 0.4734375 0.02109375 0.02890625
2 0.46015625 0.490625 0.01953125 0.0234375
2 0.3359375 0.72734375 0.028125 0.03828125
2 0.496875 0.4515625 0.01875 0.02734375
2 0.51953125 0.01328125 0.02421875 0.025
2 0.7140625 0.22421875 0.0171875 0.02734375
2 0.965625 0.94453125 0.021875 0.03046875
2 0.5453125 0.1421875 0.0203125 0.02734375
2 0.1484375 0.3984375 0.0171875 0.04296875