2 0.396875 0.5265625 0.0453125 0.084375
2 0.13515625 0.396875 0.0515625 0.08828125
2 0.9546875 0.93203125 0.03203125 0.04296875
2 0.57890625 0.7109375 0.03359375 0.046875
2 0.05546875 0.525 0.0359375 0.0453125
2 0.178125 0.2703125 0.03984375 0.06875
2 0.8703125 0.0296875 0.0375 0.059375
2 0.621875 0.68359375 0.021875 0.028125
2 0.9765625 0.20703125 0.025 0.0328125
2 0.48359375 0.3 0.03125 0.0375
2 0.25546875 0.26953125 0.02890625 0.0390625
2 0.38828125 0.6484375 0.02890625 0.03828125
2 0.55546875 0.1203125 0.02265625 0.0265625
2 0.16796875 0.41328125 0.028125 0.04609375
2 0.12578125 0.4890625 0.0265625 0.03828125
2 0.4109375 0.82265625 0.02109375 0.03046875
2 0.49609375 0.75859375 0.01953125 0.025
2 0.384375 0.91015625 0.0234375 0.03515625
2 0.403125 0.9859375 0.01875 0.0265625
2 0.61484375 0.315625 0.01875 0.02578125
2 0.84765625 0.35234375 0.02109375 0.025
2 0.65390625 0.6984375 0.01953125 0.0234375
2 0.70625 0.6390625 0.0203125 0.02421875
2 0.47265625 0.728125 0.01875 0.02265625
2 0.3359375 0.79453125 0.01875 0.02265625
2 0.7734375 0.071875 0.01640625 0.0234375
2 0.45546875 0.79453125 0.015625 0.02265625
2 0.52421875 0.20390625 0.0203125 0.02578125
2 0.6171875 0.80390625 0.01640625 0.0234375
2 0.18125 0.68828125 0.021875 0.03046875
2 0.6828125 0.56953125 0.0171875 0.021875
2 0.4703125 0.771875 0.00859375 0.01875
2 0.7765625 0.64765625 0.02578125 0.0296875