2 0.9453125 0.6765625 0.04375 0.05390625
2 0.503125 0.27734375 0.03515625 0.0484375
2 0.63125 0.25390625 0.04296875 0.05390625
2 0.390625 0.54609375 0.0359375 0.05546875
2 0.6734375 0.69296875 0.04453125 0.05
2 0.71796875 0.5359375 0.04296875 0.059375
2 0.87890625 0.79375 0.04609375 0.0578125
2 0.575 0.81875 0.034375 0.03984375
2 0.2640625 0.7265625 0.0296875 0.0375
2 0.534375 0.69765625 0.03125 0.04140625
2 0.6828125 0.88671875 0.02734375 0.0359375
2 0.2953125 0.6875 0.0296875 0.03984375
2 0.26875 0.19453125 0.025 0.03125
2 0.228125 0.22109375 0.02578125 0.0328125
2 0.6359375 0.3484375 0.03125 0.03828125
2 0.39765625 0.28203125 0.02890625 0.040625
2 0.50234375 0.53359375 0.0265625 0.03671875
2 0.30625 0.13671875 0.02109375 0.02734375
2 0.58671875 0.60546875 0.02109375 0.028125
2 0.7578125 0.765625 0.01796875 0.02265625
2 0.70703125 0.928125 0.01796875 0.025
2 0.6421875 0.8734375 0.01640625 0.0234375