2 0.89375 0.13671875 0.05390625 0.09609375
2 0.621875 0.9546875 0.0328125 0.05
2 0.44453125 0.94765625 0.03984375 0.0734375
2 0.3953125 0.97421875 0.0359375 0.0484375
2 0.28046875 0.86796875 0.02890625 0.0453125
2 0.63671875 0.13359375 0.02421875 0.03359375
2 0.98515625 0.2140625 0.021875 0.0328125
2 0.19140625 0.96640625 0.028125 0.03828125
2 0.13828125 0.45 0.02734375 0.03671875
2 0.64140625 0.54296875 0.0265625 0.03359375
2 0.46953125 0.53203125 0.0265625 0.03828125
2 0.62421875 0.81328125 0.02421875 0.03828125
2 0.6390625 0.2203125 0.02421875 0.04296875
2 0.20859375 0.81484375 0.02734375 0.0390625
2 0.63515625 0.065625 0.028125 0.0359375
2 0.5515625 0.55390625 0.0203125 0.03046875
2 0.571875 0.715625 0.01953125 0.03203125
2 0.89921875 0.68046875 0.021875 0.0296875
2 0.51328125 0.11328125 0.0203125 0.025
2 0.61015625 0.878125 0.021875 0.03515625
2 0.49375 0.00859375 0.01875 0.01640625
2 0.5734375 0.89453125 0.01875 0.03046875
2 0.54921875 0.73984375 0.02109375 0.0328125
2 0.58515625 0.315625 0.02265625 0.02734375
2 0.31171875 0.125 0.02578125 0.034375
2 0.5 0.09296875 0.0203125 0.0234375