2 0.0359375 0.18515625 0.06875 0.10703125
2 0.621875 0.06171875 0.040625 0.059375
2 0.94375 0.5890625 0.0375 0.05390625
2 0.4609375 0.85390625 0.02890625 0.04453125
2 0.05625 0.9765625 0.0578125 0.046875
2 0.5765625 0.6796875 0.02734375 0.0390625
2 0.578125 0.53359375 0.0203125 0.0328125
2 0.60078125 0.8125 0.02578125 0.03984375
2 0.69921875 0.340625 0.0265625 0.0390625
2 0.796875 0.35859375 0.01875 0.02734375
2 0.84921875 0.2140625 0.02578125 0.03671875
2 0.575 0.44921875 0.025 0.03515625
2 0.61015625 0.975 0.02890625 0.03828125
2 0.2703125 0.8421875 0.0203125 0.0390625
2 0.6 0.5953125 0.0234375 0.0359375
2 0.46328125 0.7234375 0.02890625 0.0453125
2 0.5734375 0.36796875 0.0265625 0.0359375