2 0.61015625 0.371875 0.0359375 0.0515625
2 0.66953125 0.81953125 0.03984375 0.05078125
2 0.7296875 0.77578125 0.0484375 0.08984375
2 0.2328125 0.42578125 0.0328125 0.0484375
2 0.63046875 0.575 0.040625 0.0703125
2 0.4078125 0.59609375 0.02890625 0.040625
2 0.896875 0.48515625 0.02890625 0.03984375
2 0.7875 0.17734375 0.0328125 0.0375
2 0.29609375 0.97265625 0.03203125 0.04140625
2 0.8328125 0.17890625 0.021875 0.03359375
2 0.0453125 0.93203125 0.0203125 0.02265625
2 0.175 0.31640625 0.0203125 0.02890625
2 0.19609375 0.984375 0.02265625 0.0234375
2 0.50390625 0.20234375 0.02265625 0.03359375
2 0.5171875 0.3484375 0.01953125 0.0328125
2 0.56484375 0.5359375 0.0203125 0.02578125