2 0.88515625 0.50234375 0.06015625 0.06171875
2 0.70625 0.49140625 0.03671875 0.0484375
2 0.6953125 0.8375 0.03671875 0.04765625
2 0.44296875 0.98671875 0.03203125 0.0265625
2 0.63671875 0.39921875 0.0359375 0.04609375
2 0.7203125 0.6609375 0.03203125 0.0421875
2 0.18203125 0.6375 0.03359375 0.05078125
2 0.553125 0.29765625 0.03515625 0.046875
2 0.5875 0.7046875 0.03046875 0.03828125
2 0.18203125 0.13828125 0.03125 0.0453125
2 0.209375 0.609375 0.02578125 0.03828125
2 0.39765625 0.48046875 0.02421875 0.03046875
2 0.1703125 0.784375 0.01953125 0.03046875
2 0.934375 0.921875 0.02265625 0.03125
2 0.35390625 0.86796875 0.01875 0.025
2 0.259375 0.78125 0.02109375 0.02890625
2 0.59921875 0.9578125 0.0234375 0.02734375
2 0.97421875 0.95234375 0.02265625 0.03125
2 0.1359375 0.0203125 0.03359375 0.03984375
2 0.78359375 0.521875 0.025 0.034375
2 0.55703125 0.65859375 0.02109375 0.028125
2 0.78828125 0.66640625 0.0234375 0.03046875
2 0.4453125 0.72890625 0.0234375 0.02890625
2 0.7859375 0.78671875 0.02265625 0.0328125
2 0.646875 0.74765625 0.021875 0.02578125
2 0.12265625 0.884375 0.01875 0.02734375
2 0.9078125 0.91953125 0.0234375 0.03125
2 0.6078125 0.89609375 0.01796875 0.02265625
2 0.403125 0.28359375 0.02421875 0.028125
2 0.65390625 0.36875 0.0203125 0.02734375
2 0.61796875 0.5578125 0.02265625 0.0296875
2 0.37734375 0.94140625 0.01796875 0.02109375
2 0.96640625 0.68046875 0.0265625 0.034375
2 0.20546875 0.5046875 0.015625 0.021875
2 0.4140625 0.97265625 0.0203125 0.03125
2 0.75234375 0.93515625 0.01953125 0.02578125
2 0.259375 0.615625 0.0171875 0.025
2 0.859375 0.90078125 0.01953125 0.0265625
2 0.02578125 0.78203125 0.025 0.03515625
2 0.53515625 0.6671875 0.01953125 0.0265625