2 0.02890625 0.84140625 0.03515625 0.05390625
2 0.7640625 0.39375 0.03828125 0.0484375
2 0.171875 0.6359375 0.04453125 0.0671875
2 0.68125 0.696875 0.02890625 0.04765625
2 0.36484375 0.78203125 0.03515625 0.05625
2 0.8 0.3578125 0.03515625 0.053125
2 0.53359375 0.4328125 0.0328125 0.05234375
2 0.22890625 0.94140625 0.0265625 0.03515625
2 0.15390625 0.12890625 0.0296875 0.0359375
2 0.28125 0.7171875 0.03671875 0.04765625
2 0.92421875 0.1828125 0.03046875 0.03984375
2 0.6421875 0.36953125 0.02890625 0.04296875
2 0.43125 0.33125 0.01875 0.02734375
2 0.1375 0.40390625 0.028125 0.03359375
2 0.596875 0.66015625 0.0203125 0.0265625
2 0.821875 0.3 0.02265625 0.034375
2 0.315625 0.6859375 0.04609375 0.08984375
2 0.12265625 0.9203125 0.0171875 0.021875
2 0.40390625 0.55234375 0.01953125 0.028125
2 0.7859375 0.20625 0.0265625 0.034375
2 0.4296875 0.44140625 0.01640625 0.0234375
2 0.253125 0.271875 0.02421875 0.03515625
2 0.2328125 0.196875 0.028125 0.03359375
2 0.90859375 0.61171875 0.01875 0.025
2 0.63671875 0.20078125 0.025 0.034375
2 0.39921875 0.34375 0.01875 0.02578125
2 0.4984375 0.440625 0.01640625 0.028125
2 0.62421875 0.75703125 0.0140625 0.04296875
2 0.46875 0.58125 0.0140625 0.0375
2 0.425 0.60546875 0.01328125 0.03125