2 0.6953125 0.25625 0.03125 0.0453125
2 0.5171875 0.78359375 0.03203125 0.0421875
2 0.5984375 0.9578125 0.0359375 0.0484375
2 0.53515625 0.73125 0.02578125 0.03828125
2 0.34296875 0.37265625 0.03203125 0.0453125
2 0.54375 0.35234375 0.02890625 0.040625
2 0.0203125 0.9546875 0.03125 0.04609375
2 0.0984375 0.571875 0.03125 0.0421875
2 0.859375 0.65625 0.03828125 0.0625
2 0.2453125 0.4765625 0.02890625 0.0390625
2 0.5453125 0.6546875 0.0234375 0.0359375
2 0.08125 0.115625 0.0234375 0.03671875
2 0.0703125 0.86484375 0.0234375 0.0296875
2 0.496875 0.55546875 0.02734375 0.03671875
2 0.565625 0.58203125 0.021875 0.02265625
2 0.0890625 0.2015625 0.01875 0.0265625
2 0.05 0.71171875 0.025 0.034375
2 0.1015625 0.41171875 0.01953125 0.0296875
2 0.04296875 0.81953125 0.02265625 0.03125
2 0.090625 0.68203125 0.01640625 0.028125
2 0.05859375 0.62109375 0.0140625 0.03125