2 0.1265625 0.08203125 0.00859375 0.00625
2 0.23984375 0.13046875 0.01171875 0.00859375
2 0.39375 0.21875 0.0109375 0.0078125
2 0.1515625 0.24453125 0.01015625 0.00546875
2 0.34140625 0.28515625 0.00859375 0.00625
2 0.41328125 0.284375 0.0109375 0.0078125
2 0.47421875 0.28125 0.0109375 0.0078125
2 0.59609375 0.23046875 0.0109375 0.01015625
2 0.48046875 0.23046875 0.0140625 0.009375
2 0.4640625 0.22890625 0.0078125 0.00625
2 0.4171875 0.209375 0.00703125 0.00546875
2 0.37734375 0.20390625 0.009375 0.0046875
2 0.2484375 0.2359375 0.0078125 0.00703125
2 0.22578125 0.34609375 0.01328125 0.009375
2 0.403125 0.37109375 0.01171875 0.009375
2 0.89921875 0.271875 0.0203125 0.0140625
2 0.96171875 0.175 0.01796875 0.0109375
2 0.940625 0.1671875 0.0078125 0.01015625
2 0.925 0.203125 0.01796875 0.0109375
2 0.8734375 0.18984375 0.01171875 0.00859375
2 0.84765625 0.21953125 0.0125 0.0109375
2 0.82421875 0.2484375 0.0125 0.0140625
2 0.90390625 0.33359375 0.0109375 0.00703125
2 0.77265625 0.30703125 0.01328125 0.01015625
2 0.84296875 0.309375 0.0140625 0.00546875
2 0.85859375 0.3296875 0.0078125 0.0078125
2 0.703125 0.4171875 0.01171875 0.00703125
2 0.91640625 0.490625 0.01640625 0.009375
2 0.971875 0.525 0.0140625 0.01015625
2 0.88203125 0.54765625 0.0125 0.009375
2 0.2640625 0.5703125 0.009375 0.00859375
2 0.59921875 0.80625 0.01328125 0.01328125
2 0.5328125 0.8046875 0.01171875 0.00859375
2 0.53984375 0.83359375 0.01171875 0.0078125
2 0.2921875 0.90234375 0.02265625 0.0171875
2 0.38046875 0.91328125 0.015625 0.0109375
2 0.34140625 0.9859375 0.0140625 0.0109375
2 0.7203125 0.9828125 0.00703125 0.00859375
2 0.97578125 0.9515625 0.009375 0.009375
2 0.78046875 0.95625 0.0078125 0.01015625
2 0.86484375 0.96875 0.0203125 0.00859375
2 0.70703125 0.98125 0.0078125 0.0078125
3 0.5 0.66015625 1 0.6796875