2 0.8734375 0.08203125 0.00859375 0.00625
2 0.76015625 0.13046875 0.01171875 0.00859375
2 0.60625 0.21875 0.0109375 0.0078125
2 0.8484375 0.24453125 0.01015625 0.00546875
2 0.65859375 0.28515625 0.00859375 0.00625
2 0.58671875 0.284375 0.0109375 0.0078125
2 0.52578125 0.28125 0.0109375 0.0078125
2 0.40390625 0.23046875 0.0109375 0.01015625
2 0.51953125 0.23046875 0.0140625 0.009375
2 0.5359375 0.22890625 0.0078125 0.00625
2 0.5828125 0.209375 0.00703125 0.00546875
2 0.62265625 0.20390625 0.009375 0.0046875
2 0.7515625 0.2359375 0.0078125 0.00703125
2 0.77421875 0.34609375 0.01328125 0.009375
2 0.596875 0.37109375 0.01171875 0.009375
2 0.10078125 0.271875 0.0203125 0.0140625
2 0.03828125 0.175 0.01796875 0.0109375
2 0.059375 0.1671875 0.0078125 0.01015625
2 0.075 0.203125 0.01796875 0.0109375
2 0.1265625 0.18984375 0.01171875 0.00859375
2 0.15234375 0.21953125 0.0125 0.0109375
2 0.17578125 0.2484375 0.0125 0.0140625
2 0.09609375 0.33359375 0.0109375 0.00703125
2 0.22734375 0.30703125 0.01328125 0.01015625
2 0.15703125 0.309375 0.0140625 0.00546875
2 0.14140625 0.3296875 0.0078125 0.0078125
2 0.296875 0.4171875 0.01171875 0.00703125
2 0.08359375 0.490625 0.01640625 0.009375
2 0.028125 0.525 0.0140625 0.01015625
2 0.11796875 0.54765625 0.0125 0.009375
2 0.7359375 0.5703125 0.009375 0.00859375
2 0.40078125 0.80625 0.01328125 0.01328125
2 0.4671875 0.8046875 0.01171875 0.00859375
2 0.46015625 0.83359375 0.01171875 0.0078125
2 0.7078125 0.90234375 0.02265625 0.0171875
2 0.61953125 0.91328125 0.015625 0.0109375
2 0.65859375 0.9859375 0.0140625 0.0109375
2 0.2796875 0.9828125 0.00703125 0.00859375
2 0.02421875 0.9515625 0.009375 0.009375
2 0.21953125 0.95625 0.0078125 0.01015625
2 0.13515625 0.96875 0.0203125 0.00859375
2 0.29296875 0.98125 0.0078125 0.0078125
3 0.5 0.66015625 1 0.6796875