0 0.2671875 0.15 0.0421875 0.3
0 0.196875 0.4625 0.03984375 0.45390625
0 0.08046875 0.43359375 0.03515625 0.0828125
0 0.1578125 0.5140625 0.02734375 0.07578125
0 0.06640625 0.559375 0.01953125 0.04375
0 0.05 0.69140625 0.02734375 0.10703125
0 0.21328125 0.90859375 0.02890625 0.0890625
0 0.36328125 0.0984375 0.0296875 0.196875
0 0.4453125 0.04140625 0.025 0.0828125
0 0.4484375 0.22578125 0.0390625 0.11640625
0 0.45859375 0.3875 0.02109375 0.08359375
0 0.475 0.52109375 0.02734375 0.1140625
0 0.5125 0.6203125 0.03125 0.10078125
0 0.5640625 0.6 0.02421875 0.1125
0 0.5359375 0.61953125 0.015625 0.0703125
0 0.5515625 0.415625 0.0765625 0.21328125
0 0.596875 0.040625 0.03671875 0.08125
0 0.5796875 0.1140625 0.03203125 0.06328125
0 0.58515625 0.209375 0.03203125 0.07109375
0 0.95703125 0.03515625 0.03359375 0.0703125
0 0.87578125 0.13828125 0.0375 0.06640625
0 0.72265625 0.39375 0.03046875 0.1171875
0 0.65859375 0.3390625 0.021875 0.0640625
0 0.6453125 0.45703125 0.03984375 0.10078125
0 0.7125 0.521875 0.021875 0.07890625
0 0.6140625 0.78671875 0.028125 0.121875
0 0.55078125 0.9140625 0.03203125 0.13203125
0 0.496875 0.903125 0.04921875 0.19375
0 0.1546875 0.96875 0.02890625 0.06171875
0 0.0375 0.91953125 0.053125 0.1609375
0 0.1875 0.08046875 0.0234375 0.0703125
0 0.09453125 0.12890625 0.034375 0.06875