2 0 0 0 0.06851851875000001 0.0052083328125 0.0759259265625 0.0151041671875 0.075 0.0286458328125 0.08148148125 0.0609375 0.08055555625000001 0.0671875 0.08148148125 0.06770833281250001 0.08425925937499999 0.0916666671875 0.08425925937499999 0.0875 0.072222221875 0.0927083328125 0.060185185937499996 0.0927083328125 0.009259259374999999 0.08854166718749999 0 0 0
2 0.66875 0.15648148125 0.6739583328125 0.15370370312499998 0.6958333328124999 0.1601851859375 0.7109375 0.1574074078125 0.7213541671875 0.1611111109375 0.7182291671875001 0.14351851875 0.7197916671875 0.09444444375 0.7166666671875 0.0648148140625 0.7036458328124999 0.0638888890625 0.7026041671875001 0.07962962968750001 0.6989583328125 0.0861111109375 0.6880208328124999 0.078703703125 0.6854166671875 0.06851851875000001 0.6770833328125 0.0675925921875 0.6651041671875 0.07962962968750001 0.6463541671875 0.075 0.6328125 0.078703703125 0.6265625 0.0870370375 0.6260416671875 0.13888888906250002 0.6307291671875 0.1546296296875 0.6619791671875 0.15277777812499999 0.66875 0.15648148125
2 0.1708333328125 0 0.1651041671875 0.009259259374999999 0.1609375 0.030555556249999997 0.15677083281249998 0.0333333328125 0.1630208328125 0.0490740734375 0.1630208328125 0.055555556250000006 0.1609375 0.060185185937499996 0.1609375 0.06944444375 0.1572916671875 0.0703703703125 0.15572916718750002 0.07685185156249999 0.1520833328125 0.07962962968750001 0.1583333328125 0.0916666671875 0.1703125 0.10092592656249999 0.1776041671875 0.1 0.1833333328125 0.1074074078125 0.2791666671875 0.11574074062499999 0.2802083328125 0.1111111109375 0.2916666671875 0.0990740734375 0.2947916671875 0.09074074062500001 0.2953125 0.0351851859375 0.290625 0.015740740625 0.290625 0 0.1708333328125 0
2 0.3609375 0 0.3458333328125 0.0268518515625 0.33541666718749996 0.0324074078125 0.3182291671875 0.030555556249999997 0.3135416671875 0.061111110937500004 0.3140625 0.1 0.3182291671875 0.10092592656249999 0.3223958328125 0.109259259375 0.3296875 0.11388888906250001 0.3760416671875 0.1166666671875 0.4135416671875 0.12592592656249998 0.4359375 0.125 0.43854166718750004 0.13055555624999998 0.45625 0.1268518515625 0.49427083281249995 0.1351851859375 0.521875 0.1351851859375 0.5244791671875 0.13981481406250001 0.5354166671875 0.1361111109375 0.5401041671875 0.14351851875 0.5916666671875 0.147222221875 0.6020833328124999 0.140740740625 0.6072916671875 0.1425925921875 0.6088541671875001 0.13703703750000001 0.6072916671875 0.10833333281249999 0.603125 0.1074074078125 0.603125 0.102777778125 0.5854166671875001 0.078703703125 0.5864583328124999 0.0740740734375 0.5838541671875 0.0638888890625 0.5859375 0.060185185937499996 0.5838541671875 0.053703703125 0.5786458328124999 0.053703703125 0.55625 0.040740740625 0.5520833328125 0.03148148125 0.540625 0.0231481484375 0.5369791671875 0.0166666671875 0.5223958328125 0.0148148140625 0.5145833328125 0.009259259374999999 0.4796875 0.00648148125 0.46458333281249997 0.003703703125 0.46302083281249995 0 0.3609375 0
2 0.1494791671875 0.8111111109375001 0.1541666671875 0.815740740625 0.1546875 0.8129629625 0.1776041671875 0.8083333328125001 0.20208333281250002 0.8 0.2052083328125 0.7953703703125 0.203125 0.7796296296875 0.2046875 0.7666666671875 0.1916666671875 0.7574074078125 0.171875 0.7583333328124999 0.1552083328125 0.7648148140625 0.1375 0.7648148140625 0.134375 0.7703703703125 0.1328125 0.7824074078125001 0.13229166718750002 0.803703703125 0.1338541671875 0.8101851859375 0.1458333328125 0.8148148140625 0.1494791671875 0.8111111109375001
2 0.2208333328125 0.7981481484375 0.22552083281250002 0.8009259265625 0.23125 0.797222221875 0.2359375 0.8009259265625 0.2484375 0.7981481484375 0.28072916718749996 0.8009259265625 0.2833333328125 0.8046296296875 0.2880208328125 0.8027777781250001 0.28854166718749996 0.7629629625 0.2869791671875 0.7574074078125 0.2744791671875 0.7601851859375001 0.2640625 0.7518518515625 0.2203125 0.7509259265625 0.21354166718749998 0.7574074078125 0.2109375 0.7675925921875 0.2114583328125 0.79444444375 0.20625 0.7981481484375 0.2088541671875 0.8 0.2208333328125 0.7981481484375
2 0.8463541671874999 0.740740740625 0.8494791671874999 0.7361111109375 0.853125 0.7398148140624999 0.853125 0.7351851859375 0.8572916671874999 0.7333333328125 0.8583333328125 0.727777778125 0.8536458328125001 0.7194444437499999 0.8572916671874999 0.6972222218749999 0.8546875 0.6953703703125 0.8583333328125 0.68148148125 0.8505208328125 0.6574074078125001 0.8260416671874999 0.652777778125 0.8208333328125 0.6555555562500001 0.8114583328125 0.6509259265625 0.8067708328125001 0.6555555562500001 0.7984375 0.6555555562500001 0.8010416671874999 0.7416666671875001 0.8177083328125001 0.746296296875 0.8348958328125 0.7388888890625 0.8463541671874999 0.740740740625
2 0.9119791671874999 0.7379629624999999 0.9200520828125001 0.734259259375 0.9515625 0.7351851859375 0.95625 0.73148148125 0.9671875 0.7361111109375 0.9697916671875 0.727777778125 0.9697916671875 0.7120370375 0.9755208328125 0.6981481484375001 0.975 0.6888888890625 0.96875 0.6851851859375 0.9692708328125 0.6740740734374999 0.9520833328125 0.640740740625 0.9078125 0.6398148140625 0.9 0.6481481484375 0.8984375 0.665740740625 0.9 0.709259259375 0.9067708328125 0.734259259375 0.9119791671874999 0.7379629624999999
2 0.653125 0.7666666671875 0.6619791671875 0.7703703703125 0.6734375 0.7638888890625 0.6932291671875 0.7648148140625 0.6963541671875 0.7611111109375 0.73125 0.7629629625 0.7479166671875 0.7731481484375 0.7479166671875 0.7601851859375001 0.7427083328124999 0.75555555625 0.7427083328124999 0.7509259265625 0.7354166671875 0.7416666671875001 0.734375 0.7361111109375 0.7369791671875 0.7240740734375 0.7354166671875 0.7212962968750001 0.7369791671875 0.715740740625 0.7354166671875 0.6981481484375001 0.7401041671875 0.6898148140625 0.7453125 0.6953703703125 0.7458333328125 0.7009259265625001 0.75 0.702777778125 0.7510416671875 0.7120370375 0.7546875 0.709259259375 0.7682291671875 0.7240740734375 0.7713541671875 0.7240740734375 0.7723958328125 0.7046296296875 0.7697916671875 0.7009259265625001 0.7697916671875 0.6916666671875 0.771875 0.6861111109375 0.775 0.6851851859375 0.775 0.6805555562500001 0.7677083328125 0.675 0.7640625 0.6768518515624999 0.7651041671875001 0.6796296296875 0.7625 0.6861111109375 0.7572916671875001 0.6888888890625 0.74375 0.6861111109375 0.7348958328124999 0.6796296296875 0.7317708328125 0.675 0.7328125 0.646296296875 0.7286458328125 0.6388888890625 0.6864583328125 0.640740740625 0.6770833328125 0.6370370375000001 0.6739583328125 0.6416666671875 0.6760416671875 0.646296296875 0.6729166671875 0.6583333328125 0.6578125 0.6537037031249999 0.6541666671875 0.64351851875 0.6463541671875 0.6416666671875 0.6333333328124999 0.65 0.6338541671875 0.652777778125 0.6307291671875 0.6546296296875 0.6286458328125 0.6620370375 0.628125 0.7620370375000001 0.6307291671875 0.771296296875 0.646875 0.7703703703125 0.653125 0.7666666671875
2 0.46979166718750004 0.7833333328125 0.5057291671875 0.784259259375 0.5083333328124999 0.7814814812499999 0.5364583328125 0.7805555562500001 0.5390625 0.777777778125 0.5526041671875 0.7796296296875 0.5859375 0.7731481484375 0.5927083328125 0.7740740734375 0.5984375 0.7796296296875 0.6067708328125 0.7796296296875 0.6098958328124999 0.775 0.6114583328125 0.75648148125 0.6104166671875 0.6638888890625 0.6083333328125 0.6537037031249999 0.6036458328125 0.6490740734375 0.5890625 0.6490740734375 0.5760416671875 0.6564814812499999 0.41041666718750003 0.6546296296875 0.4 0.6518518515625 0.3578125 0.6518518515625 0.34427083281250004 0.6555555562500001 0.3239583328125 0.6518518515625 0.3140625 0.6555555562500001 0.3098958328125 0.6620370375 0.3109375 0.7861111109375 0.3135416671875 0.796296296875 0.45989583281249996 0.7870370375 0.46979166718750004 0.7833333328125
2 0.9640625 0.4583333328125 0.9635416671874999 0.447222221875 0.9708333328125001 0.44351851875000003 0.9776041671875 0.43148148124999997 0.9713541671874999 0.30555555624999997 0.975 0.290740740625 0.9755208328125 0.24351851875000002 0.9729166671874999 0.22870370312500002 0.96875 0.21944444375 0.9541666671875 0.2175925921875 0.9473958328125001 0.22314814843750003 0.9541666671875 0.4166666671875 0.9583333328125001 0.46296296249999996 0.9598958328125 0.46388888906250003 0.9640625 0.4583333328125
2 0.7395833328125 0 0.728125 0.0638888890625 0.7260416671875001 0.15925925937500002 0.7276041671875 0.20833333281250002 0.7296875 0.2203703703125 0.7286458328125 0.23611111093749998 0.7322916671875 0.3416666671875 0.7302083328125 0.3796296296875 0.7317708328125 0.42870370312499995 0.7296875 0.45277777812500003 0.7348958328124999 0.66944444375 0.7557291671875 0.6703703703125 0.7557291671875 0.6574074078125001 0.7640625 0.64444444375 0.765625 0.6231481484375 0.7640625 0.553703703125 0.765625 0.48148148125 0.7640625 0.0638888890625 0.7536458328125 0.0379629625 0.7505208328124999 0 0.7395833328125 0
2 0.2010416671875 0.4546296296875 0.1973958328125 0.4620370375 0.1885416671875 0.459259259375 0.18802083281249998 0.4546296296875 0.1770833328125 0.4546296296875 0.1765625 0.459259259375 0.1697916671875 0.46388888906250003 0.1578125 0.459259259375 0.1588541671875 0.46944444374999994 0.16875 0.4824074078125 0.2015625 0.48333333281249996 0.2010416671875 0.4546296296875
2 0.2791666671875 0.48518518593750004 0.28125 0.478703703125 0.290625 0.47407407343749997 0.2911458328125 0.4675925921875 0.2911458328125 0.4546296296875 0.2869791671875 0.45277777812500003 0.23020833281250003 0.4546296296875 0.2192708328125 0.4611111109375 0.2203125 0.4824074078125 0.24114583281250002 0.4824074078125 0.2515625 0.48981481406249994 0.2791666671875 0.48518518593750004
2 0.6421875 0.4953703703125 0.6505208328125 0.497222221875 0.6552083328125 0.4916666671875 0.7042410718750001 0.49259259218749996 0.7104166671875001 0.49629629687500004 0.7119791671875 0.5009259265625 0.7166666671875 0.5009259265625 0.7291666671875 0.4981481484375 0.7317708328125 0.4824074078125 0.7307291671875 0.46666666718750005 0.728125 0.4620370375 0.6307291671875 0.459259259375 0.6270833328125 0.465740740625 0.6265625 0.48981481406249994 0.6296875 0.5046296296875 0.6385416671875 0.502777778125 0.6421875 0.4953703703125
2 0.42546875 0.478703703125 0.43541666718750005 0.4824074078125 0.47927083281250005 0.478703703125 0.509375 0.48981481406249994 0.5208333328125 0.48981481406249994 0.528125 0.497222221875 0.53125 0.5203703703125 0.5348958328125 0.525 0.5604166671875 0.522222221875 0.5765625 0.5074074078125 0.6072916671875 0.5046296296875 0.6098958328124999 0.5018518515625 0.6104166671875 0.4620370375 0.6072916671875 0.45648148125 0.6 0.4601851859375 0.5729166671875 0.4620370375 0.4166666671875 0.4583333328125 0.39895833281250004 0.45370370312499997 0.3322916671875 0.4546296296875 0.32760416718749996 0.4574074078125 0.315625 0.4546296296875 0.31302083281250004 0.459259259375 0.31302083281250004 0.47407407343749997 0.3223958328125 0.4768518515625 0.3614583328125 0.48148148125 0.42546875 0.478703703125
2 0.8514077125 0.455126771875 0.8285399609375 0.47760384218749996 0.79965426875 0.480814840625 0.764750728125 0.480814840625 0.7665561015625 0.5857077125 0.7731756796875 0.6456464828125 0.8134953390625 0.6338728921875 0.8381684640625 0.6338728921875 0.8766827515625 0.6317321312499999 0.8766827515625 0.5418239734375 0.8754791078125 0.44121241875 0.8754791078125 0.35665591874999997 0.8736738265625 0.26567740156249997 0.869873978125 0.188858071875 0.8465935078125 0.1886132375 0.8532130859375 0.2838730921875 0.8496024312499999 0.3855549640625 0.8514077125 0.455126771875
2 0.897745221875 0.6370838078125 0.91700231875 0.6370838078125 0.942277265625 0.6370838078125 0.9513040374999999 0.6156770984375 0.9687557625000001 0.6039034234375 0.9813932812499999 0.6039034234375 0.9862075796875001 0.63922456875 0.992225428125 0.621028775 0.99583608125 0.565371321875 0.9934289796875 0.49472919375 0.9825968328125001 0.49472919375 0.9446843671874999 0.491518196875 0.89695879375 0.4978255984375 0.8953380265625001 0.54824596875 0.8935326531250001 0.5974813859375 0.897745221875 0.6370838078125
