2 0.2744791671875 0.6916666671875 0.26875 0.7083333328125 0.2734375 0.7083333328125 0.2786458328125 0.7148148140624999 0.3104166671875 0.715740740625 0.3223958328125 0.6925925921875 0.32083333281250004 0.6898148140625 0.32083333281250004 0.6601851859375001 0.3234375 0.6333333328124999 0.3255208328125 0.51944444375 0.3260416671875 0.3638888890625 0.3296875 0.3453703703125 0.3296875 0.3166666671875 0.32760416718749996 0.3 0.3307291671875 0.272222221875 0.32864583281250004 0.21296296250000002 0.3291666671875 0.2 0.3328125 0.197222221875 0.3291666671875 0.19444444375 0.3307291671875 0.18148148125000002 0.3265625 0.17314814843749998 0.2958333328125 0.165740740625 0.2864583328125 0.1675925921875 0.2875 0.1925925921875 0.2848958328125 0.197222221875 0.2833333328125 0.2101851859375 0.2802083328125 0.33703703749999997 0.2822916671875 0.3481481484375 0.278125 0.384259259375 0.2770833328125 0.502777778125 0.2755208328125 0.509259259375 0.27291666718749996 0.61851851875 0.2744791671875 0.6916666671875
2 0.5640625 0.902777778125 0.5645833328125 0.946296296875 0.5666666671875 0.9870370375 0.56875 0.99444444375 0.628125 0.99444444375 0.6296875 0.99351851875 0.6234375 0.984259259375 0.6130208328125 0.984259259375 0.615625 0.9629629625 0.63125 0.9620370375 0.6380208328125 0.95648148125 0.6520833328125 0.952777778125 0.6578125 0.9611111109375001 0.6682291671875 0.9583333328125001 0.6776041671875 0.9620370375 0.6802083328124999 0.9675925921875 0.6958333328124999 0.965740740625 0.6958333328124999 0.98148148125 0.7036458328124999 0.9953703703125001 0.7286458328125 0.9953703703125001 0.7229166671875 0.7546296296875 0.7203125 0.7166666671875 0.7177083328125 0.7120370375 0.6989583328125 0.7074074078125 0.6255208328124999 0.7175925921874999 0.61875 0.7212962968750001 0.60625 0.7194444437499999 0.59375 0.727777778125 0.5869791671875 0.7268518515625 0.5833333328125 0.73148148125 0.5838541671875 0.7351851859375 0.5947916671875 0.75648148125 0.5802083328125 0.7796296296875 0.5703125 0.7861111109375 0.5677083328125 0.796296296875 0.5692708328125 0.81851851875 0.5776041671875001 0.8601851859374999 0.5734375 0.88055555625 0.5640625 0.902777778125
2 0 0.76944444375 0.0260416671875 0.771296296875 0.0395833328125 0.765740740625 0.0484375 0.771296296875 0.0692708328125 0.76944444375 0.0848958328125 0.7731481484375 0.103125 0.7833333328125 0.1057291671875 0.7814814812499999 0.109375 0.7870370375 0.1421875 0.8027777781250001 0.16875 0.8055555562500001 0.20833333281250002 0.8027777781250001 0.21770833281250002 0.7981481484375 0.21875 0.7925925921875 0.225 0.7953703703125 0.2270833328125 0.7888888890625 0.2322916671875 0.7870370375 0.234375 0.76851851875 0.25052083281250004 0.753703703125 0.2828125 0.752777778125 0.290625 0.747222221875 0.334375 0.7398148140624999 0.3890625 0.7416666671875001 0.3947916671875 0.7351851859375 0.4046875 0.7351851859375 0.4088541671875 0.7370370375 0.4140625 0.75555555625 0.45 0.75648148125 0.4546875 0.7638888890625 0.4614583328125 0.752777778125 0.48072916718750003 0.74444444375 0.4848958328125 0.734259259375 0.5244791671875 0.73055555625 0.5395833328124999 0.7240740734375 0.5395833328124999 0.7009259265625001 0.5364583328125 0.6833333328125 0.5166666671875 0.6833333328125 0.5098958328125 0.6796296296875 0.4302083328125 0.684259259375 0.403125 0.690740740625 0.3479166671875 0.6944444437499999 0.3395833328125 0.696296296875 0.3322916671875 0.702777778125 0.321875 0.6972222218749999 0.3182291671875 0.70555555625 0.3140625 0.7083333328125 0.2697916671875 0.7111111109375 0.26614583281250004 0.709259259375 0.2630208328125 0.703703703125 0.2635416671875 0.7 0.2598958328125 0.702777778125 0.2567708328125 0.6972222218749999 0.253125 0.7 0.2520833328125 0.6972222218749999 0.1369791671875 0.703703703125 0.1213541671875 0.709259259375 0.0791666671875 0.7111111109375 0.0734375 0.7175925921874999 0.0625 0.7175925921874999 0.0609375 0.7129629625 0.0276041671875 0.7120370375 0.0276041671875 0.7203703703125 0.01875 0.727777778125 0 0.73055555625 0 0.76944444375
2 0.3973958328125 0.7916666671875 0.4114583328125 0.8009259265625 0.425 0.8018518515625 0.44166666718750003 0.790740740625 0.453125 0.775 0.46197916718750004 0.7509259265625 0.47864583281249995 0.747222221875 0.48333333281249996 0.740740740625 0.48333333281249996 0.734259259375 0.47083333281249995 0.727777778125 0.3963541671875 0.7351851859375 0.3921875 0.7398148140624999 0.3760416671875 0.740740740625 0.3723958328125 0.7370370375 0.3609375 0.74351851875 0.3557291671875 0.7601851859375001 0.3541666671875 0.7824074078125001 0.3609375 0.79444444375 0.36875 0.796296296875 0.3973958328125 0.7916666671875
2 0.1578125 0.80648148125 0.1875 0.80648148125 0.2286458328125 0.8009259265625 0.2322916671875 0.7981481484375 0.23958333281250002 0.76944444375 0.2567708328125 0.7481481484375 0.25625 0.725 0.2630208328125 0.715740740625 0.24739583281250002 0.7120370375 0.2104166671875 0.7166666671875 0.2125 0.7388888890625 0.2104166671875 0.740740740625 0.0869791671875 0.752777778125 0.05989583281250001 0.7638888890625 0.058854167187499994 0.76944444375 0.09114583281250001 0.7787037031249999 0.11875 0.79351851875 0.1578125 0.80648148125
2 0.9966666671875 0.6851851859375 0.9973958328125001 0.6824074078125 0.9994791671875 0.6851851859375 0.9994791671875 0.6574074078125001 0.9385416671875 0.659259259375 0.9390625 0.6888888890625 0.940625 0.6925925921875 0.9671875 0.6925925921875 0.9966666671875 0.6851851859375
2 0.5911458328125 0.7296296296875 0.6067708328125 0.7194444437499999 0.6671875 0.7175925921874999 0.7 0.7111111109375 0.7515625 0.7259259265625 0.7572916671875001 0.7240740734375 0.7552083328125 0.690740740625 0.7046875 0.66944444375 0.5739583328125 0.6805555562500001 0.5645833328125 0.6833333328125 0.5630208328124999 0.6898148140625 0.5619791671875001 0.7166666671875 0.5640625 0.7240740734375 0.584375 0.725 0.5911458328125 0.7296296296875
2 0.5604166671875 0.1324074078125 0.5588541671875 0.1546296296875 0.55625 0.1574074078125 0.5572916671875 0.1824074078125 0.5546875 0.1925925921875 0.559375 0.225 0.5786458328124999 0.22870370312500002 0.590625 0.2379629625 0.5921875 0.2370370375 0.5916666671875 0.23148148124999998 0.5958333328125 0.2259259265625 0.6072916671875 0.22685185156249998 0.6130208328125 0.234259259375 0.6130208328125 0.2398148140625 0.6369791671875 0.24444444375000002 0.6604166671875 0.240740740625 0.665625 0.24351851875000002 0.6630208328125 0.252777778125 0.6677083328125 0.25555555625 0.6916666671875 0.252777778125 0.7020833328125 0.2398148140625 0.7010416671875 0.23611111093749998 0.7041666671875 0.23148148124999998 0.7036458328124999 0.22407407343750002 0.6953125 0.196296296875 0.6958333328124999 0.1379629625 0.6927083328125 0.1175925921875 0.6932291671875 0.0870370375 0.6895833328125 0.0703703703125 0.6859375 0.0666666671875 0.6802083328124999 0.06851851875000001 0.659375 0.05648148125 0.6317708328125 0.051851851562499995 0.6265625 0.04351851875 0.61875 0.047222221875 0.6125 0.039814814062499995 0.5713541671875 0.0388888890625 0.5666666671875 0.040740740625 0.5651041671875 0.047222221875 0.55625 0.048148148437499996 0.5510416671875 0.060185185937499996 0.553125 0.061111110937500004 0.5557291671875 0.0740740734375 0.5604166671875 0.1324074078125
2 0.5526041671875 0.1268518515625 0.5546875 0.1861111109375 0.55625 0.1879629625 0.578125 0.1879629625 0.5875 0.19537037031249999 0.5979166671875 0.19537037031249999 0.603125 0.2018518515625 0.6229166671875 0.19351851874999998 0.63125 0.196296296875 0.6317708328125 0.1888888890625 0.6265625 0.177777778125 0.6354166671875 0.1620370375 0.6338541671875 0.15 0.6427083328125 0.13333333281249998 0.6630208328125 0.15555555625 0.6630208328125 0.1629629625 0.66875 0.171296296875 0.671875 0.1629629625 0.68125 0.15370370312499998 0.6833333328125 0.1453703703125 0.6822916671875 0.09074074062500001 0.6619791671875 0.0629629625 0.6333333328124999 0.053703703125 0.6244791671875001 0.0490740734375 0.6135416671875 0.037037037499999995 0.6098958328124999 0.0388888890625 0.6083333328125 0.0351851859375 0.6005208328125 0.0351851859375 0.5984375 0.039814814062499995 0.5958333328125 0.0361111109375 0.5713541671875 0.039814814062499995 0.5666666671875 0.05 0.5598958328125 0.048148148437499996 0.5526041671875 0.051851851562499995 0.5515625 0.0574074078125 0.5552083328124999 0.0703703703125 0.5546875 0.1148148140625 0.5526041671875 0.1268518515625
2 0.0328125 0 0.029166667187500002 0.0629629625 0.025520832812499998 0.072222221875 0.025 0.10370370312499999 0.0276041671875 0.1148148140625 0.052604167187499995 0.1175925921875 0.0578125 0.1231481484375 0.06875 0.1203703703125 0.0739583328125 0.1268518515625 0.07864583281250001 0.13981481406250001 0.0770833328125 0.146296296875 0.0791666671875 0.147222221875 0.10607638906250001 0.1481481484375 0.10833333281249999 0.1583333328125 0.1213541671875 0.1620370375 0.1755208328125 0.1648148140625 0.1848958328125 0.16851851874999998 0.18802083281249998 0.1648148140625 0.20572916718749998 0.1666666671875 0.2114583328125 0.1740740734375 0.2359375 0.178703703125 0.271875 0.18055555625 0.2796875 0.175 0.28854166718749996 0.178703703125 0.2869791671875 0.190740740625 0.28854166718749996 0.1981481484375 0.2869791671875 0.2009259265625 0.2890625 0.2018518515625 0.2901041671875 0.222222221875 0.2854166671875 0.23148148124999998 0.2869791671875 0.23518518593749999 0.2848958328125 0.240740740625 0.2864583328125 0.253703703125 0.2838541671875 0.2629629625 0.2838541671875 0.29444444375 0.2875 0.3009259265625 0.2838541671875 0.31759259218749997 0.2854166671875 0.322222221875 0.2833333328125 0.32592592656249997 0.28072916718749996 0.3879629625 0.2828125 0.40648148125 0.2822916671875 0.4370370375 0.3098958328125 0.4379629625 0.31302083281250004 0.4268518515625 0.32083333281250004 0.42592592656250006 0.321875 0.434259259375 0.3255208328125 0.43148148124999997 0.3239583328125 0.38703703749999996 0.3255208328125 0.384259259375 0.3234375 0.378703703125 0.3255208328125 0.36851851875 0.3140625 0.35648148125 0.31197916718749996 0.3453703703125 0.3140625 0.334259259375 0.3125 0.3166666671875 0.3265625 0.29444444375 0.325 0.2870370375 0.32760416718749996 0.2824074078125 0.3255208328125 0.2703703703125 0.328125 0.25833333281250004 0.3260416671875 0.25 0.3255208328125 0.2203703703125 0.321875 0.2175925921875 0.325 0.20833333281250002 0.34322916718749996 0.1925925921875 0.36875 0.197222221875 0.38125 0.19444444375 0.3859375 0.196296296875 0.3921875 0.209259259375 0.4 0.20648148125 0.4114583328125 0.2101851859375 0.45342261875 0.21111111093749999 0.45625 0.2203703703125 0.4661458328125 0.225 0.47083333281249995 0.222222221875 0.509375 0.2259259265625 0.5203125 0.2166666671875 0.5223958328125 0.21851851875 0.5223958328125 0.22407407343750002 0.5291666671875 0.225 0.5270833328125 0.21851851875 0.5328125 0.197222221875 0.5317708328124999 0.1574074078125 0.5286458328125 0.1518518515625 0.5291666671875 0.147222221875 0.5239583328124999 0.13888888906250002 0.5260416671875 0.12222222187500001 0.53125 0.1166666671875 0.5307291671875001 0.047222221875 0.5296875 0.039814814062499995 0.525 0.0324074078125 0.5182291671875 0.025 0.509375 0.021296296875000002 0.446875 0.027777778125000003 0.44322916718750005 0.022222221875 0.42552083281249997 0.013888889062500001 0.378125 0 0.0328125 0
2 0.9026041671874999 0.240740740625 0.9036458328125001 0.2629629625 0.9078125 0.272222221875 0.9213541671875 0.2731481484375 0.9244791671874999 0.27870370312500004 0.9322916671874999 0.2796296296875 0.9994791671875 0.28148148125 0.9994791671875 0.222222221875 0.9927083328125 0.2175925921875 0.9932291671875 0.21203703749999997 0.9994791671875 0.2009259265625 0.9994791671875 0.18148148125000002 0.9942708328125001 0.18055555625 0.9869791671874999 0.1879629625 0.9802083328125001 0.1888888890625 0.9713541671874999 0.1851851859375 0.9614583328125 0.16944444375 0.9583333328125001 0.15925925937500002 0.9520833328125 0.15277777812499999 0.9229166671875 0.1518518515625 0.903125 0.147222221875 0.8979166671875 0.15370370312499998 0.8963541671874999 0.16944444375 0.8994791671875 0.23333333281250002 0.9005208328125001 0.2398148140625 0.9026041671874999 0.240740740625
2 0.8166666671874999 0.2648148140625 0.8489583328125001 0.2601851859375 0.8776041671874999 0.2666666671875 0.8786458328125001 0.24351851875000002 0.875 0.17962962968750001 0.8723958328125001 0.146296296875 0.86875 0.13888888906250002 0.8625 0.14351851875 0.8473958328125001 0.1351851859375 0.8270833328125 0.134259259375 0.7864583328125 0.12222222187500001 0.7807291671875001 0.125 0.7828125 0.21296296250000002 0.784375 0.2398148140625 0.7880208328125 0.2546296296875 0.8166666671874999 0.2648148140625
2 0.9213541671875 0.9037037031249999 0.9197916671874999 0.9009259265624999 0.9052083328125 0.89444444375 0.8869791671874999 0.89351851875 0.8567708328125001 0.875 0.8416666671874999 0.86944444375 0.8333333328125001 0.872222221875 0.81875 0.884259259375 0.825 0.9990740734375001 0.9260416671874999 0.9990740734375001 0.9270833328125001 0.9888888890624999 0.9213541671875 0.9037037031249999
2 0.7708333328125 0.9546296296874999 0.775 0.99444444375 0.7859375 0.99444444375 0.7890625 0.9990740734375001 0.8114583328125 0.9990740734375001 0.8135416671875 0.99444444375 0.8135416671875 0.9851851859374999 0.8088541671874999 0.884259259375 0.8020833328125001 0.7916666671875 0.8026041671874999 0.7768518515625 0.7994791671875 0.7638888890625 0.7979166671875 0.775 0.778125 0.8027777781250001 0.7723958328125 0.8222222218749999 0.7723958328125 0.86944444375 0.7703125 0.875 0.7692708328125 0.9037037031249999 0.7708333328125 0.9546296296874999
2 0.9895833328125001 0.8925925921875001 0.9755208328125 0.9074074078125 0.9583333328125001 0.9 0.9520833328125 0.9037037031249999 0.9453125 0.9175925921875001 0.9505208328125001 0.9990740734375001 0.9994791671875 0.9990740734375001 0.9994791671875 0.89444444375 0.9895833328125001 0.8925925921875001
2 0.7802083328125 0 0.775 0.009259259374999999 0.778125 0.0129629625 0.7796875 0.0231481484375 0.7796875 0.0703703703125 0.78125 0.0759259265625 0.8020833328125001 0.08518518593749999 0.8104166671874999 0.0925925921875 0.815625 0.08796296249999999 0.8177083328125001 0.0916666671875 0.82569444375 0.0925925921875 0.8375 0.11388888906250001 0.84375 0.0990740734375 0.8604166671875 0.102777778125 0.86875 0.0990740734375 0.8619791671874999 0 0.7802083328125 0
