2 0.8053885703124999 0.1542811734375 0.8090088812499999 0.12470797812500001 0.7965300578125001 0.1208767328125 0.79197419375 0.135979715625 0.7869637859374999 0.14147494375 0.7779729171875001 0.131796984375 0.7777266640625 0.12128703593750001 0.7698152 0.1185102484375 0.755435315625 0.12754405156249998 0.7382073171875 0.118815246875 0.7241795703125 0.11937781249999999 0.716215165625 0.12609161875 0.704043553125 0.17649735 0.7050700156249999 0.1928891140625 0.73593565625 0.1981144453125 0.7416998015625 0.2032463296875 0.747399509375 0.20171136562499997 0.7672558375 0.21294753281249998 0.78259775 0.213638646875 0.7919142875 0.2195906640625 0.792826853125 0.201745996875 0.8053885703124999 0.1542811734375
2 0.26745285937499996 0 0.26648157656250004 0.0042070875 0.2627208984375 0.004289148437499999 0.259740428125 0.010253025 0.255563171875 0.0121394734375 0.258945240625 0.025273946874999998 0.268534503125 0.036990618749999996 0.2758475734375 0.0377286921875 0.27976359687499996 0.0462350296875 0.37126613750000004 0.07591258906250001 0.37332254531250003 0.071635940625 0.387194946875 0.0624849765625 0.3921144453125 0.05506819843750001 0.405119209375 0.001053690625 0.40510902499999996 0 0.26745285937499996 0
2 0.46013919062499997 0 0.4562197890625 0.004298653125 0.4448203734375 0.007368581250000001 0.42848996406250006 0.001697846875 0.4170491 0.03041580625 0.4088084875 0.0684251375 0.41266007499999996 0.07026462812499999 0.41484535781250004 0.07932167500000001 0.4209087 0.085472915625 0.4654499484375 0.09860691875000001 0.4999059453125 0.11606452812500001 0.5219360625 0.12020029843749999 0.5232237578125 0.12619927656250002 0.5413113796875 0.12657400624999998 0.5764831484374999 0.14324658437499999 0.603379821875 0.1494561703125 0.6048758046875 0.15455295156249999 0.6163661296875 0.1534045765625 0.6192671843750001 0.161676590625 0.6686749890625 0.17688440625 0.6802826921875 0.17291228593750002 0.6849409625 0.1758882953125 0.68771314375 0.1708266140625 0.6926476187499999 0.1425070984375 0.68879603125 0.1406676078125 0.6898374703125 0.1361566359375 0.6779984890625 0.10871606874999999 0.680054896875 0.1044394203125 0.6798086453125001 0.093929471875 0.6826717328125 0.0907893421875 0.6820998125 0.08400533125000001 0.6770249671874999 0.0828337109375 0.6581191703125 0.06516502187499999 0.656142175 0.055205781249999995 0.6468521109375 0.0445084671875 0.6447577359375 0.037372971875 0.6309647484375 0.0322880453125 0.624602209375 0.025117448437500002 0.59122561875 0.014561010937499999 0.5771334343750001 0.008456728125 0.576444134375 0.0044964656249999995 0.5569678031249999 0 0.46013919062499997 0
2 0.14783090625 0.705680396875 0.1522693921875 0.693401159375 0.1416651625 0.6814501640625 0.1221724671875 0.6779002015625 0.10447495 0.680466378125 0.08722047968749999 0.6764828703125 0.0829258453125 0.681193065625 0.0786956484375 0.692570109375 0.07339753906249999 0.7132034203125001 0.0734619765625 0.71987026875 0.0840926765625 0.727075965625 0.0884782203125 0.724287321875 0.092004140625 0.7298527531250001 0.09313648906250001 0.72726333125 0.11650724374999999 0.7279074875 0.1422336015625 0.7252943515625 0.1463199484375 0.7214863499999999 0.14783090625 0.705680396875
2 0.2203597296875 0.748082596875 0.2253436640625 0.747332665625 0.23480753437500002 0.7086554640625 0.23453480937500001 0.7028908109375 0.2217303203125 0.7027855078125 0.2134552234375 0.692322515625 0.1710348203125 0.6815787140625 0.16297950781249998 0.68637096875 0.15815091718750002 0.6957092968749999 0.1526180484375 0.7219901 0.14671005312500002 0.7244272578125 0.14883090000000002 0.7268174578125 0.16091961562499998 0.7277077953125 0.1648621109375 0.7314688359375 0.1712775921875 0.7291488390625 0.1750118 0.7338120765625 0.187816290625 0.7339173812500001 0.218655459375 0.743888009375 0.2203597296875 0.748082596875
2 0.7952176546875 0.7933730999999999 0.8037689578125 0.7725405656250001 0.8016481109375 0.7701503671875 0.8083248218750001 0.7574375843750001 0.80612804375 0.732223096875 0.78331771875 0.7222055109375 0.777618009375 0.7237404734374999 0.7695247296875001 0.7171205859375 0.7639159296875 0.7205771000000001 0.7557961796875 0.7187025078125 0.7389628171875 0.80319240625 0.7541608765625 0.8114525625000001 0.7725741671875 0.8081013531250001 0.7833222484375 0.8124833062500001 0.7874085953125001 0.80867530625 0.790127834375 0.8131042171875 0.7911692734375 0.8085932453125 0.795645725 0.8077261515625 0.7979104218749999 0.802547309375 0.7952176546875 0.7933730999999999
2 0.9100529828124999 0.8122826734374999 0.9187596296875 0.8000385375000001 0.9203350265625 0.7908994296875 0.9150783656250001 0.7858847078125 0.9180853046875 0.775175534375 0.9088366890625 0.7388301875 0.8659088015625 0.727969221875 0.85642194375 0.7343315421875001 0.85094201875 0.7511217515624999 0.842674934375 0.7938763796874999 0.8436484546875 0.8197587375 0.8478901484374999 0.8245391359375001 0.8565893078125001 0.8227463687500001 0.8870838265625001 0.830736865625 0.8924843390625 0.82818254375 0.9021000718750001 0.83515391875 0.9065120859375 0.8276199796875 0.9100529828124999 0.8122826734374999
2 0.6801176156250001 0.8219164953125 0.683033646875 0.8092857718750001 0.6790002421875 0.8036031796875 0.6800416828125 0.79909220625 0.67501978125 0.78842999375 0.675254540625 0.7827825015625 0.6804997078125 0.7716397828125 0.6796021171875 0.7685817140625 0.6823743 0.7635200328125 0.68480931875 0.7460268515624999 0.6912512703125 0.7389615578125001 0.6950763859375 0.7455463453125 0.694334140625 0.751076675 0.697977440625 0.7538183609375 0.6969095296875001 0.7630746296875001 0.7010867843749999 0.7611881796875 0.7109487718749999 0.7786695031249999 0.713993678125 0.779372475 0.71938269375 0.760660715625 0.717678425 0.756466128125 0.7197613046875 0.7474441828125 0.7230409703125 0.7424996625 0.7262941656249999 0.7423004421875 0.7273356046874999 0.7377894687500001 0.7214805515625 0.7307360328125 0.7175115843750001 0.7317202875000001 0.717901690625 0.7346611953125 0.7139062515625 0.740390746875 0.70820654375 0.7419257109374999 0.6956368125 0.7361729140625 0.68846759375 0.7278657984375 0.6864641265625 0.7226518546875 0.693936025 0.69491815 0.6915424531250001 0.6867632968749999 0.6500196390624999 0.6790775625000001 0.641718071875 0.67335986875 0.6376317265625 0.6771678703124999 0.638620225 0.682147490625 0.6328675734375 0.6931730468749999 0.619191965625 0.685264375 0.61793074375 0.674520103125 0.610735053125 0.6709582843749999 0.59617335 0.6761489828125 0.596055971875 0.6789727296875 0.5925944890625 0.680074146875 0.5888982453125 0.6868230546875 0.56589565625 0.7841428984375 0.5663501984375 0.7937506546875001 0.5822905031250001 0.7964804812499999 0.5892134687499999 0.7942776484375 0.5970075515625 0.7998781796875 0.609630225 0.7961403828125 0.62870634375 0.8014947328125 0.632584403125 0.7985889265624999 0.66616928125 0.8082431703124999 0.6801176156250001 0.8219164953125
2 0.5222899640625001 0.7854791109375 0.528678971875 0.7879044093750001 0.5330115734375 0.794606359375 0.5411313234375 0.7964809515625 0.5452176703125 0.7926729515625001 0.5509058828125 0.774980546875 0.5707197171875 0.6845267734375 0.570980946875 0.6741339843749999 0.5674550265625 0.6685685546875 0.5532454640625 0.6652880171875 0.5388920500000001 0.669576525 0.377928584375 0.6305146171875 0.368403759375 0.62546479375 0.327297521875 0.6159746703125 0.31326977500000003 0.6165372375 0.29431103593749997 0.6083591390625 0.2838356796875 0.609741840625 0.27831778749999997 0.61511990625 0.2514221640625 0.73624829375 0.2516684171875 0.74675824375 0.39635441562499996 0.770658821875 0.40682977343750004 0.769276121875 0.44163790937499997 0.7782624953124999 0.44480019375 0.776141721875 0.472412640625 0.7815662765625 0.4755749265625 0.7794455015625 0.4883529453125 0.784296103125 0.5222899640625001 0.7854791109375
2 1 0.32999726093750004 0.998207221875 0.3308860078125 0.9612723265625001 0.520967765625 0.9549177999999999 0.5670147859375 0.956231965625 0.5682684671875 0.9615415687500001 0.5637925953125 0.9635335406250001 0.5528491 0.9714714734375001 0.550880590625 0.9807765156249999 0.5406751671875 1 0.4333908875 1 0.32999726093750004
2 0.761955296875 0.39797899531250003 0.75138555 0.434500321875 0.7418687390625001 0.482668115625 0.7344233124999999 0.5056565265625 0.6907587609375 0.717941659375 0.71084985 0.723530334375 0.7137658828125 0.7108996125 0.724801665625 0.7001434796875 0.7311147421874999 0.67974449375 0.745213890625 0.6117284187500001 0.762982809375 0.5417087328125 0.85539825 0.1344675265625 0.851080625 0.1068628390625 0.8565755265625 0.06916989375 0.8459183546875 0.066709490625 0.8203818249999999 0.12638334843750001 0.7968982234374999 0.21884073437499998 0.7873814109375 0.267008528125 0.7867036046875 0.2792057046875 0.7821477390625 0.2943086875 0.761955296875 0.39797899531250003
2 0.1863781171875 0.3905337015625 0.17574741562500001 0.38332800312500004 0.1744712171875 0.393486465625 0.1811973875 0.40834326875000004 0.21296061875 0.41662666875000004 0.2189100625 0.38854147656250004 0.21369136718749998 0.3949389 0.20568899687500003 0.39024056093750004 0.20622295156249998 0.3856124265625 0.195565778125 0.383152025 0.19401685468750002 0.3875458359375 0.1863781171875 0.3905337015625
2 0.2473291890625 0.39510255 0.23521399999999998 0.3989575078125 0.23143834531250002 0.41994230625 0.2517377203125 0.4246287875 0.2602211046875 0.4341895828125 0.28815921875 0.43588819687499997 0.2916471734375 0.4300414828125 0.3018233328125 0.4276394265625 0.3037888328125 0.42144122656249994 0.30670486406249997 0.4088105046875 0.30306156562500003 0.4060688203125 0.2473291890625 0.39510255
2 0.7109052265625 0.5496415906250001 0.723709715625 0.5497468953125 0.7297880328125 0.5349953984375 0.7323139624999999 0.5194237671875 0.7308179796875 0.514326984375 0.636543259375 0.48971110625 0.6315328515624999 0.4952063328125 0.6256098796875 0.5185462281250001 0.625322178125 0.5336843124999999 0.6343659890625 0.5338716781249999 0.639584684375 0.5274742546875 0.6472878578125 0.5311532359375 0.6531049453125 0.526794528125 0.700672690625 0.5387266875 0.705856853125 0.5437246734375 0.7063378671875 0.5485871328124999 0.7109052265625 0.5496415906250001
2 0.525866728125 0.526878 0.528377678125 0.5322091062500001 0.5538692796875 0.5352434609375 0.572933903125 0.524440371875 0.6035003484375 0.528646346875 0.606662634375 0.5265255718749999 0.6161265031250001 0.487848371875 0.614331325 0.48173223125 0.606393390625 0.4837007421875 0.5795876265625 0.47941270625000004 0.42817545625 0.440655325 0.411962425 0.4321608453125 0.3467961328125 0.418066303125 0.34160390937499996 0.41971842812500004 0.33055663125 0.41431711875 0.32697776875 0.41824228124999996 0.3236451609375 0.43267739218749995 0.33215501718749996 0.4374928921875 0.3691749078125 0.450791015625 0.43216960625 0.4624836421875 0.44102940625000003 0.468330215625 0.48459274375000005 0.474586478125 0.5114258875 0.49218477656250004 0.52259054375 0.494762340625 0.528029021875 0.5036201640625 0.525866728125 0.526878
2 0.775345625 0.7009628453125 0.7993863796875 0.706513090625 0.8373951156249999 0.713091028125 0.8576200500000001 0.625487209375 0.8790799312500001 0.5271835625 0.8981010046875 0.44479423906250004 0.91680770625 0.35574139531250004 0.9303858375 0.2800361609375 0.90775711875 0.274560634375 0.8927782328125 0.3688680671875 0.866386675 0.46713161875000003 0.8524954359375 0.5353264046875 0.8251575421874999 0.552083265625 0.7962898703125 0.5487140984375001 0.76228090625 0.5408625109375 0.7404442453125 0.64347310625 0.733410875 0.7033647296875001 0.775345625 0.7009628453125
2 0.9424273968750001 0.745029159375 0.9523841718750001 0.7286534437500001 0.9684224875 0.6752347078125001 0.9819680999999999 0.6058616531250001 0.97141358125 0.60342495 0.9351951265625 0.5917678015625001 0.8872739 0.587177628125 0.8743525562500001 0.635941134375 0.8615178968749999 0.6835085296875001 0.8567138906249999 0.723043565625 0.8754774296875001 0.7273754703125 0.9001045812499999 0.7330610953125001 0.9137154593749999 0.7142336203124999 0.9333683984375 0.7066874890625 0.94568201875 0.7095303109375 0.9424273968750001 0.745029159375
