2 0.5260416671875 0.10833333281249999 0.5296875 0.0990740734375 0.5276041671875 0.08333333281250001 0.5135416671875 0.0740740734375 0.5171875 0.04444444375 0.48854166718750003 0.0416666671875 0.46666666718750005 0.03148148125 0.43854166718750004 0.040740740625 0.4322916671875 0.0361111109375 0.4114583328125 0.0361111109375 0.396875 0.053703703125 0.3927083328125 0.0629629625 0.3932291671875 0.0990740734375 0.3958333328125 0.10185185156250001 0.49895833281249996 0.109259259375 0.5260416671875 0.10833333281249999
2 0.8192708328125 0.1101851859375 0.815625 0.09074074062500001 0.8010416671874999 0.09351851875 0.7770833328125 0.08425925937499999 0.7645833328125 0.0888888890625 0.75 0.1074074078125 0.7510416671875 0.1166666671875 0.7822916671875 0.11851851875 0.8182291671874999 0.11851851875 0.8192708328125 0.1101851859375
2 0.8848958328125001 0.1111111109375 0.8734375 0.09444444375 0.8588541671875 0.0953703703125 0.8473958328125001 0.102777778125 0.8442708328125 0.1129629625 0.8479166671874999 0.11944444375 0.8854166671874999 0.11851851875 0.8848958328125001 0.1111111109375
2 0.9609375 0.18148148125000002 0.9994791671875 0.18148148125000002 0.9994791671875 0.0888888890625 0.99375 0.0953703703125 0.9927083328125 0.10185185156250001 0.9854166671875 0.10648148125000001 0.9822916671874999 0.11574074062499999 0.9765625 0.1175925921875 0.9630208328125001 0.109259259375 0.9395833328125001 0.08518518593749999 0.9369791671875 0.08796296249999999 0.934375 0.0953703703125 0.934375 0.10648148125000001 0.9473958328125001 0.1768518515625 0.9609375 0.18148148125000002
2 0.95 0.6675925921875 0.9697916671875 0.6944444437499999 0.9755208328125 0.6916666671875 0.9802083328125001 0.6805555562500001 0.9901041671874999 0.6703703703125 0.99375 0.672222221875 0.9838541671875 0.6268518515625 0.9692708328125 0.6120370375 0.9645833328125001 0.5953703703125 0.9541666671875 0.5370370375 0.953125 0.5175925921875 0.9453125 0.5111111109375 0.9432291671874999 0.5018518515625 0.9385416671875 0.5 0.925 0.5138888890625 0.9161458328125001 0.5324074078125001 0.9197916671874999 0.622222221875 0.9307291671875 0.64444444375 0.9401041671874999 0.6611111109375 0.95 0.6675925921875
2 0.4348958328125 0.5018518515625 0.47447916718750005 0.5 0.49791666718750005 0.48518518593750004 0.5010416671875 0.477777778125 0.48802083281249997 0.46944444374999994 0.4162109375 0.47222222187499996 0.4036458328125 0.46666666718750005 0.3885416671875 0.47222222187499996 0.3864583328125 0.48055555625 0.3864583328125 0.5296296296875 0.3942708328125 0.534259259375 0.41302083281249996 0.525 0.4348958328125 0.5018518515625
1 0.7479166671875 0.5009259265625 0.7645833328125 0.4824074078125 0.753125 0.475 0.6885416671875 0.4768518515625 0.6817708328125 0.48055555625 0.6807291671875 0.48703703750000005 0.684375 0.5009259265625 0.6927083328125 0.50555555625 0.7479166671875 0.5009259265625
1 0.8625 0.48703703750000005 0.884375 0.5074074078125 0.8989583328125 0.4953703703125 0.9067708328125 0.49351851875 0.909375 0.4824074078125 0.9083333328125001 0.4768518515625 0.903125 0.47222222187499996 0.8651041671874999 0.4703703703125 0.8151041671874999 0.4768518515625 0.8140625 0.4824074078125 0.8177083328125001 0.4861111109375 0.8302083328125001 0.48981481406249994 0.8625 0.48703703750000005
2 0.9994791671875 0.4824074078125 0.9776041671875 0.48055555625 0.9557291671874999 0.48425925937500003 0.9526041671875 0.49444444374999996 0.9588541671874999 0.522222221875 0.9994791671875 0.51851851875 0.9994791671875 0.4824074078125
3 0.6838541671875 0.7203703703125 0.6776041671875 0.7074074078125 0.6692708328125 0.7018518515625 0.6411458328124999 0.7018518515625 0.6348958328125 0.70555555625 0.6286458328125 0.7166666671875 0.6302083328125 0.7240740734375 0.6421875 0.7296296296875 0.6755208328125 0.728703703125 0.6838541671875 0.7203703703125
