2 0.2869791671875 0.31851851875000003 0.4135416671875 0.322222221875 0.41614583281249995 0.32592592656249997 0.4192708328125 0.3138888890625 0.4140625 0.3120370375 0.41197916718750005 0.2898148140625 0.4135416671875 0.2601851859375 0.4114583328125 0.25555555625 0.4145833328125 0.24814814843750002 0.4192708328125 0.24722222187499998 0.4140625 0.2379629625 0.415625 0.23148148124999998 0.4106770828125 0.234259259375 0.4067708328125 0.22638888906250001 0.40729166718750004 0.20740740781250003 0.4046875 0.2 0.384375 0.19537037031249999 0.35 0.21111111093749999 0.3411458328125 0.20555555625 0.3333333328125 0.21203703749999997 0.325 0.209259259375 0.3015625 0.21574074062499998 0.3 0.2166666671875 0.2989583328125 0.2296296296875 0.290625 0.234259259375 0.28958333281250004 0.246296296875 0.2869791671875 0.24722222187499998 0.2875 0.28148148125 0.284375 0.29351851875 0.284375 0.3101851859375 0.2869791671875 0.31851851875000003
2 0 0.29722222187499997 0.0171875 0.29814814843750004 0.0322916671875 0.3046296296875 0.065625 0.30740740781250003 0.0739583328125 0.303703703125 0.2515625 0.321296296875 0.265625 0.3111111109375 0.26510416718749996 0.24722222187499998 0.2567708328125 0.2416666671875 0.2510416671875 0.23333333281250002 0.2401041671875 0.20648148125 0.23541666718749998 0.20648148125 0.2322916671875 0.2009259265625 0.21614583281250002 0.2 0.1890625 0.17314814843749998 0.1776041671875 0.1675925921875 0.165625 0.16851851874999998 0.1578125 0.1620370375 0.15234375 0.16388888906250001 0.140625 0.1574074078125 0.009375 0.147222221875 0.0020833328125000002 0.14351851875 0 0.14351851875 0 0.29722222187499997
2 0.3359375 0.996296296875 0.35989583281250004 0.99351851875 0.3734375 0.99351851875 0.3760416671875 0.9990740734375001 0.3895833328125 0.99444444375 0.3927083328125 0.9990740734375001 0.40989583281249997 0.99444444375 0.4114583328125 0.99351851875 0.41041666718750003 0.990740740625 0.40416666718750005 0.990740740625 0.3963541671875 0.9740740734375001 0.39895833281250004 0.9583333328125001 0.40416666718750005 0.9509259265625 0.40833333281249995 0.9509259265625 0.40833333281249995 0.940740740625 0.41302083281249996 0.9351851859375 0.41510416718750004 0.91944444375 0.4244791671875 0.91944444375 0.4140625 0.9009259265624999 0.41510416718750004 0.890740740625 0.41979166718750005 0.8851851859375 0.4171875 0.8824074078124999 0.4192708328125 0.872222221875 0.41614583281249995 0.865740740625 0.41197916718750005 0.8648148140625 0.3802083328125 0.8620370375 0.3739583328125 0.8675925921875001 0.3645833328125 0.86944444375 0.3401041671875 0.8601851859374999 0.3296875 0.8648148140625 0.3229166671875 0.872222221875 0.3203125 0.88055555625 0.30625 0.878703703125 0.29739583281250004 0.884259259375 0.2796875 0.9037037031249999 0.2786458328125 0.9898148140625 0.28125 0.9990740734375001 0.3338541671875 0.9990740734375001 0.3359375 0.996296296875
2 0 0.9925925921875001 0.0083333328125 0.9898148140625 0.0140625 0.9925925921875001 0.0239583328125 0.9870370375 0.0333333328125 0.9916666671875 0.0463541671875 0.9833333328125 0.0640625 0.99351851875 0.0890625 0.99444444375 0.0947916671875 0.9879629624999999 0.09895833281250001 0.9888888890624999 0.1015625 0.9740740734375001 0.10729166718750001 0.9675925921875 0.109375 0.9601851859374999 0.13333333281249998 0.946296296875 0.2359375 0.99444444375 0.2557291671875 0.997222221875 0.2588541671875 0.9509259265625 0.259375 0.902777778125 0.2557291671875 0.890740740625 0.24479166718749998 0.890740740625 0.20989583281250002 0.9064814812499999 0 0.9166666671874999 0 0.9925925921875001
2 0.4848958328125 0.9851851859374999 0.5447916671875 0.977777778125 0.5557291671875 0.9731481484375 0.584375 0.972222221875 0.5916666671875 0.9703703703125001 0.5932291671875001 0.965740740625 0.5927083328125 0.85648148125 0.5901041671875 0.8509259265625 0.47447916718750005 0.8611111109375 0.46979166718750004 0.86851851875 0.46979166718750004 0.9203703703125001 0.4734375 0.9305555562500001 0.4828125 0.9824074078124999 0.4848958328125 0.9851851859374999
2 0.4817708328125 0.975 0.48020833281249997 0.978703703125 0.48333333281249996 0.9861111109375 0.49010416718750005 0.9879629624999999 0.49322916718750004 0.984259259375 0.5182291671875 0.978703703125 0.5796875 0.977777778125 0.5927083328125 0.9703703703125001 0.5927083328125 0.8833333328125 0.5911458328125 0.8768518515625001 0.5817708328125 0.878703703125 0.5770833328125 0.8675925921875001 0.578125 0.8601851859374999 0.5760416671875 0.8574074078124999 0.4765625 0.8638888890624999 0.46979166718750004 0.86851851875 0.47083333281249995 0.940740740625 0.4770833328125 0.946296296875 0.48072916718750003 0.9583333328125001 0.4817708328125 0.975
2 0.9515625 0.8953703703125001 0.9536458328125 0.8879629625 0.9536458328125 0.872222221875 0.9510416671874999 0.8101851859375 0.8776041671874999 0.8120370375 0.8817708328125 0.9120370375 0.884375 0.9277777781250001 0.9447916671875 0.9046296296874999 0.9515625 0.8953703703125001
2 0.629340278125 0.9629629625 0.646875 0.9574074078124999 0.66875 0.953703703125 0.6932291671875 0.9546296296874999 0.7098958328125 0.95 0.728125 0.952777778125 0.7322916671875 0.9472222218749999 0.73125 0.875 0.7286458328125 0.86851851875 0.7145833328125 0.8796296296874999 0.7046875 0.8740740734375001 0.6989583328125 0.85555555625 0.6927083328125 0.8166666671874999 0.6890625 0.81851851875 0.6895833328125 0.8259259265625 0.6854166671875 0.834259259375 0.665625 0.840740740625 0.6213541671875 0.8444444437499999 0.6151041671875 0.8490740734375001 0.6135416671875 0.85648148125 0.6151041671875 0.93148148125 0.6182291671875 0.975 0.629340278125 0.9629629625
2 0.7515625 0.946296296875 0.7604166671875 0.946296296875 0.7864583328125 0.9370370375 0.8026041671874999 0.9398148140625 0.8380208328125001 0.934259259375 0.8442708328125 0.921296296875 0.8604166671875 0.9037037031249999 0.859375 0.8222222218749999 0.8572916671874999 0.8120370375 0.7515625 0.8203703703125 0.7505208328124999 0.8324074078124999 0.7520833328125 0.8518518515625001 0.7484375 0.88148148125 0.7484375 0.9120370375 0.7515625 0.946296296875
2 0.5725138703125 0.570623228125 0.5756383031250001 0.6447193234374999 0.5735553484375 0.6780626937500001 0.5402275000000001 0.6836197453125 0.49856775000000003 0.6891769390625 0.4694059734375 0.6891769390625 0.4683644953125 0.798468778125 0.4673229390625 0.859597971875 0.5058582546875 0.8614503453125 0.5527254734375 0.8521883328125 0.591260709375 0.8521883328125 0.594385221875 0.7503062734375 0.594385221875 0.6595386703125 0.594385221875 0.592852071875 0.591260709375 0.5113463390625 0.5902192312500001 0.4483646296875 0.5902192312500001 0.3631541484375 0.5874999765625 0.3314814828125 0.56938935625 0.33166329375000003 0.5725138703125 0.43539786874999997 0.5725138703125 0.5076415187500001 0.5725138703125 0.570623228125
2 0.7079079765625 0.5743280484375 0.7131154453125 0.6502766578125 0.712074046875 0.6928817578124999 0.670414296875 0.6947342015625 0.6318790609375 0.6947342015625 0.60896615 0.7002913953125 0.60896615 0.789206765625 0.6110491062500001 0.842926321875 0.6589578031250001 0.8373691984375 0.6974930390625 0.8373691984375 0.6943686859375 0.798468778125 0.715198559375 0.798468778125 0.719364471875 0.8262548125 0.7318623640624999 0.8188451765625 0.732903921875 0.7428967765625 0.7370698328125 0.6169332875 0.730820965625 0.5502467609374999 0.7235303828124999 0.45021707343750006 0.7268228921875 0.3523148171875 0.7089495343750001 0.35389213750000004 0.706866578125 0.4039070140625 0.706866578125 0.470593471875 0.7079079765625 0.5743280484375
2 0.8833333328125 0.6870370375 0.8859375 0.7009259265625001 0.8895833328125 0.7129629625 0.8958333328125001 0.7194444437499999 0.896875 0.7851851859375001 0.9015625 0.790740740625 0.9057291671875 0.790740740625 0.9104166671874999 0.7833333328125 0.9572916671874999 0.7824074078125001 0.95625 0.7611111109375 0.9583333328125001 0.727777778125 0.95625 0.7120370375 0.9489583328125001 0.70555555625 0.9552083328125001 0.68148148125 0.9546875 0.6555555562500001 0.95625 0.652777778125 0.9536458328125 0.65 0.9546875 0.646296296875 0.946875 0.640740740625 0.9078125 0.6388888890625 0.8979166671875 0.6481481484375 0.8921875 0.646296296875 0.8869791671874999 0.6555555562500001 0.8770833328125001 0.6555555562500001 0.8755208328125 0.6583333328125 0.8770833328125001 0.66944444375 0.8848958328125001 0.678703703125 0.8833333328125 0.6870370375
