2 0.45729166718750003 0.5555555562500001 0.4713541671875 0.553703703125 0.4927083328125 0.54444444375 0.49583333281249997 0.5361111109375 0.49375 0.522222221875 0.45625 0.5240740734375 0.45208333281249996 0.5296296296875 0.40833333281249995 0.5314814812499999 0.3927083328125 0.5296296296875 0.3895833328125 0.5231481484375 0.3895833328125 0.5166666671875 0.3817708328125 0.5175925921875 0.3807291671875 0.5333333328125 0.384375 0.54444444375 0.44921875 0.546296296875 0.45729166718750003 0.5555555562500001
2 0.9859375 0.7638888890625 0.9994791671875 0.7583333328124999 0.9994791671875 0.7148148140624999 0.9963541671874999 0.7120370375 0.9942708328125001 0.702777778125 0.9963541671874999 0.6944444437499999 0.9994791671875 0.6925925921875 0.9994791671875 0.6768518515624999 0.9932291671875 0.6740740734374999 0.9760416671875 0.6805555562500001 0.9697916671875 0.6759259265625001 0.96875 0.690740740625 0.9703125 0.7629629625 0.9755208328125 0.7546296296875 0.9822916671874999 0.75555555625 0.9859375 0.7638888890625
2 0.8963541671874999 0.7203703703125 0.8973958328125 0.725 0.8947916671874999 0.728703703125 0.9 0.7361111109375 0.9 0.7425925921875 0.9020833328125001 0.7425925921875 0.9046875 0.7648148140625 0.9 0.7675925921875 0.9354166671874999 0.76944444375 0.9520833328125 0.7666666671875 0.9520833328125 0.6870370375 0.9510416671874999 0.678703703125 0.9473958328125001 0.672222221875 0.9348958328125001 0.6777777781250001 0.9078125 0.678703703125 0.9010416671874999 0.6740740734374999 0.8916666671875 0.678703703125 0.8921875 0.7 0.896875 0.6990740734374999 0.9026041671874999 0.709259259375 0.8963541671874999 0.7203703703125
2 0.6515625 0.547222221875 0.6572916671875 0.5518518515624999 0.6619791671875 0.55 0.6666666671875 0.553703703125 0.6734375 0.5768518515625 0.7 0.5768518515625 0.7125 0.5666666671875 0.7322916671875 0.5638888890625 0.734375 0.5546296296875 0.7328125 0.5240740734375 0.7203125 0.525 0.7177083328125 0.5305555562500001 0.7041666671875 0.5314814812499999 0.5796875 0.5296296296875 0.5760416671875 0.5166666671875 0.5604166671875 0.5138888890625 0.5515625 0.5175925921875 0.5411458328125 0.5287037031249999 0.5302083328125 0.5240740734375 0.5192708328125 0.525 0.5151041671875001 0.521296296875 0.5135416671875 0.5148148140625 0.5088541671875 0.525 0.5083333328124999 0.5416666671875 0.5119791671875 0.546296296875 0.6354166671875 0.54444444375 0.6515625 0.547222221875
2 0.7572916671875001 0.7861111109375 0.7854166671875 0.784259259375 0.7936458328125 0.777777778125 0.8296875 0.777777778125 0.8338541671874999 0.775 0.8359375 0.7675925921875 0.828125 0.7546296296875 0.8291666671875 0.7203703703125 0.8322916671874999 0.7166666671875 0.8416666671874999 0.7194444437499999 0.8421875 0.7046296296875 0.8390625 0.7046296296875 0.8286458328125 0.678703703125 0.8104166671874999 0.6731481484375 0.7984375 0.675 0.7791666671875 0.6703703703125 0.7567708328125 0.68148148125 0.7536458328125 0.69351851875 0.7572916671875001 0.7583333328124999 0.7552083328125 0.7675925921875 0.7572916671875001 0.7861111109375
2 0.7510416671875 0.290740740625 0.775 0.2953703703125 0.8078125 0.2953703703125 0.8135416671875 0.3046296296875 0.8140625 0.3120370375 0.8166666671874999 0.3129629625 0.8171875 0.31851851875000003 0.8145833328125001 0.32592592656249997 0.8151041671874999 0.3611111109375 0.8130208328125 0.3851851859375 0.8177083328125001 0.39351851875 0.8177083328125001 0.40092592656250003 0.825 0.41203703750000004 0.825 0.43240740781250003 0.8151041671874999 0.4388888890625 0.815625 0.44907407343749994 0.8125 0.4546296296875 0.8145833328125001 0.475 0.8114583328125 0.49351851875 0.8135416671875 0.5009259265625 0.8135416671875 0.5138888890625 0.8231770828125 0.5138888890625 0.8270833328125 0.521296296875 0.828125 0.5296296296875 0.8369791671875 0.5305555562500001 0.8552083328125001 0.5583333328125 0.8541666671874999 0.56851851875 0.8572916671874999 0.578703703125 0.859375 0.5722222218749999 0.8583333328125 0.5481481484375 0.8604166671875 0.540740740625 0.8583333328125 0.5138888890625 0.8578125 0.4453703703125 0.8557291671874999 0.427777778125 0.8572916671874999 0.41851851875 0.8567708328125001 0.3879629625 0.8526041671875 0.3740740734375 0.8520833328125 0.3453703703125 0.8479166671874999 0.34351851875 0.84375 0.3361111109375 0.8447916671875 0.29814814843750004 0.8510416671875 0.2925925921875 0.8515625 0.2740740734375 0.8479166671874999 0.2629629625 0.846875 0.2509259265625 0.8494791671874999 0.21296296250000002 0.8442708328125 0.2138888890625 0.8375 0.20740740781250003 0.8359375 0.21574074062499998 0.828125 0.2203703703125 0.8276041671875 0.2259259265625 0.8197916671875 0.22407407343750002 0.8135416671875 0.2018518515625 0.7994791671875 0.197222221875 0.7932291671875 0.197222221875 0.7854166671875 0.20277777812500003 0.7625 0.20277777812500003 0.7427083328124999 0.2101851859375 0.7427083328124999 0.271296296875 0.7473958328125 0.325 0.7484375 0.3 0.7510416671875 0.290740740625
2 0 0.21203703749999997 0.0385416671875 0.21574074062499998 0.0760416671875 0.20648148125 0.0802083328125 0.2166666671875 0.0947916671875 0.21851851875 0.10260416718750001 0.22314814843750003 0.1486979171875 0.225 0.1604166671875 0.22870370312500002 0.1703125 0.2259259265625 0.1760416671875 0.2296296296875 0.2046875 0.2259259265625 0.20729166718749997 0.222222221875 0.2130208328125 0.22407407343750002 0.2171875 0.21574074062499998 0.2171875 0.10833333281249999 0.1932291671875 0.109259259375 0.1619791671875 0.11944444375 0.1572916671875 0.12592592656249998 0.1541666671875 0.140740740625 0.1359375 0.1703703703125 0.12552083281249998 0.172222221875 0.11510416718750001 0.16851851874999998 0.10052083281249999 0.1416666671875 0.09375 0.1379629625 0.0921875 0.1296296296875 0.0828125 0.11944444375 0.07083333281250001 0.1148148140625 0.0682291671875 0.109259259375 0.05078125 0.10833333281249999 0.046875 0.0990740734375 0.0375 0.09444444375 0.0078125 0.0990740734375 0 0.10185185156250001 0 0.21203703749999997
2 0.515625 0.2796296296875 0.6005208328125 0.28055555625 0.60625 0.27870370312500004 0.6143229171875 0.2666666671875 0.6177083328124999 0.2666666671875 0.634375 0.2731481484375 0.6484375 0.2740740734375 0.653125 0.27777777812500004 0.6541666671875 0.2833333328125 0.6697916671875 0.2916666671875 0.6740451390625 0.2888888890625 0.7135416671875 0.290740740625 0.7286458328125 0.28148148125 0.7317708328125 0.2759259265625 0.7296875 0.23611111093749998 0.7197916671875 0.23055555625 0.7130208328125 0.21944444375 0.709375 0.20370370312500002 0.7010416671875 0.1981481484375 0.6958333328124999 0.1990740734375 0.6723958328124999 0.1768518515625 0.6609375 0.1740740734375 0.6510416671875 0.1666666671875 0.6114583328125 0.1611111109375 0.575 0.1620370375 0.5588541671875 0.1546296296875 0.5401041671875 0.16388888906250001 0.5369791671875 0.1768518515625 0.5286458328125 0.1879629625 0.5229166671875001 0.1916666671875 0.5104166671875 0.1898148140625 0.5083333328124999 0.2148148140625 0.5083333328124999 0.24722222187499998 0.5130208328125 0.25740740781250004 0.5135416671875 0.2759259265625 0.515625 0.2796296296875
2 0.5119791671875 0.7990740734374999 0.5151041671875001 0.8027777781250001 0.7364583328125 0.7888888890625 0.740625 0.7833333328125 0.740625 0.7675925921875 0.7359375 0.759259259375 0.740625 0.7361111109375 0.740625 0.696296296875 0.7385416671875 0.6888888890625 0.7354166671875 0.6870370375 0.7203125 0.6861111109375 0.6927083328125 0.6953703703125 0.6447916671875 0.6888888890625 0.6354166671875 0.6972222218749999 0.6302083328125 0.6972222218749999 0.6182291671875 0.6888888890625 0.6109375 0.6888888890625 0.5947916671875 0.6990740734374999 0.5854166671875001 0.6879629625 0.5734375 0.6851851859375 0.509375 0.6861111109375 0.5104166671875 0.752777778125 0.5151041671875001 0.7740740734375 0.5145833328125 0.79444444375 0.5119791671875 0.7990740734374999
2 0.2338541671875 0.22777777812500002 0.2510416671875 0.2398148140625 0.3015625 0.2398148140625 0.350347221875 0.24814814843750002 0.3557291671875 0.25555555625 0.3583333328125 0.26851851875 0.3572916671875 0.2759259265625 0.359375 0.2953703703125 0.3572916671875 0.29814814843750004 0.3567708328125 0.3083333328125 0.3609375 0.31851851875000003 0.3708333328125 0.3101851859375 0.3734375 0.2759259265625 0.378125 0.2638888890625 0.38229166718749996 0.2629629625 0.3838541671875 0.25740740781250004 0.396875 0.2546296296875 0.4348958328125 0.26203703749999996 0.4479166671875 0.259259259375 0.48229166718750005 0.2629629625 0.48541666718750004 0.25833333281250004 0.49427083281249995 0.25555555625 0.49635416718750003 0.24814814843750002 0.4973958328125 0.1481481484375 0.4947916671875 0.14351851875 0.46979166718750004 0.1416666671875 0.46302083281249995 0.15370370312499998 0.453125 0.16388888906250001 0.4421875 0.1546296296875 0.42395833281249995 0.12870370312499999 0.41510416718750004 0.13333333281249998 0.2708333328125 0.1129629625 0.2640625 0.10833333281249999 0.2541666671875 0.1101851859375 0.2375 0.10185185156250001 0.2338541671875 0.11851851875 0.2338541671875 0.1768518515625 0.23125 0.196296296875 0.23177083281250002 0.2203703703125 0.2338541671875 0.22777777812500002
2 0.3552083328125 0 0.353125 0.0175925921875 0.3526041671875 0.1416666671875 0.3557291671875 0.15555555625 0.3578125 0.1888888890625 0.3552083328125 0.2398148140625 0.3546875 0.3574074078125 0.35208333281250004 0.36851851875 0.3526041671875 0.3879629625 0.35104166718749996 0.3925925921875 0.3552083328125 0.46296296249999996 0.353125 0.478703703125 0.35104166718749996 0.48148148125 0.3515625 0.5379629625 0.3484375 0.553703703125 0.3489583328125 0.6111111109375 0.3447916671875 0.66944444375 0.3458333328125 0.6925925921875 0.3427083328125 0.709259259375 0.3411458328125 0.7416666671875001 0.3375 0.9925925921875001 0.3401041671875 0.9990740734375001 0.36875 0.9990740734375001 0.3760416671875 0.9509259265625 0.37552083281250004 0.9175925921875001 0.3796875 0.8731481484374999 0.3791666671875 0.8333333328125001 0.375 0.8175925921875 0.375 0.7861111109375 0.3786458328125 0.646296296875 0.3786458328125 0.61851851875 0.3765625 0.602777778125 0.3786458328125 0.5916666671875 0.3854166671875 0.009259259374999999 0.3651041671875 0 0.3552083328125 0
3 0.271875 0.5324074078125001 0.2692708328125 0.5203703703125 0.2578125 0.51851851875 0.23541666718749998 0.51944444375 0.23020833281250003 0.5296296296875 0.23020833281250003 0.5351851859375001 0.2338541671875 0.5370370375 0.2677083328125 0.5361111109375 0.271875 0.5324074078125001
3 0.0744791671875 0.5324074078125001 0.07552083281250001 0.525 0.07291666718749999 0.5175925921875 0.0432291671875 0.5166666671875 0.0432291671875 0.5324074078125001 0.0453125 0.534259259375 0.071875 0.5351851859375001 0.0744791671875 0.5324074078125001
2 0.8729166671874999 0.6768518515624999 0.8755208328125 0.66944444375 0.8744791671875 0.6425925921875 0.8760416671875 0.6361111109375 0.8739583328125 0.6129629624999999 0.8765625 0.60555555625 0.8744791671875 0.5324074078125001 0.8614583328125001 0.5314814812499999 0.8609375 0.5833333328125 0.8645833328125001 0.66944444375 0.8692708328125001 0.6768518515624999 0.8729166671874999 0.6768518515624999
2 0.9994791671875 0.5370370375 0.9697916671875 0.5379629625 0.9598958328125 0.54444444375 0.9604166671875 0.5833333328125 0.9666666671874999 0.6731481484375 0.9994791671875 0.6740740734374999 0.9994791671875 0.5370370375
2 0.9510416671874999 0.6675925921875 0.9479166671874999 0.6148148140624999 0.9484375 0.590740740625 0.9385416671875 0.447222221875 0.9338541671874999 0.409259259375 0.9322916671874999 0.3601851859375 0.93125 0.34722222187499996 0.9296875 0.34629629687499996 0.9296875 0.31944444375000003 0.93125 0.31759259218749997 0.9276041671874999 0.30648148124999997 0.9234375 0.30555555624999997 0.9223958328125 0.3101851859375 0.9135416671875 0.3166666671875 0.9088541671874999 0.3333333328125 0.9104166671874999 0.33888888906250003 0.909375 0.3518518515625 0.9130208328125 0.3638888890625 0.9104166671874999 0.4 0.9125 0.41018518593750003 0.9114583328125001 0.4601851859375 0.9151041671875 0.497222221875 0.9135416671875 0.5226851859375 0.9078125 0.5314814812499999 0.890625 0.5314814812499999 0.8890625 0.540740740625 0.890625 0.66944444375 0.9072916671875 0.675 0.9473958328125001 0.6777777781250001 0.9510416671874999 0.6675925921875
