2 0.44842600781249997 0.522672565625 0.4048440515625 0.5184175718749999 0.38962884062500003 0.5144091625 0.38743629999999996 0.5075558421874999 0.3883383484375 0.5011374390625 0.380473015625 0.5009670625 0.3772508 0.51640964375 0.3793147828125 0.5279200234375 0.44326974999999996 0.5387783609375 0.4499754625 0.5490710421875 0.46415883593749996 0.5491943328125 0.4865938234375 0.542997109375 0.4908481875 0.5351797921875 0.4907180890625 0.5211361250000001 0.4533253078125 0.5177509625 0.44842600781249997 0.522672565625
2 0.9678145625000001 0.760232359375 0.97000525 0.74464480625 0.964202665625 0.7410242296875 0.9462803859375001 0.745050596875 0.9407355296875 0.739596190625 0.9376421765625 0.75412185625 0.9291380796875 0.8258586734375 0.9354555015624999 0.8183313 0.942031578125 0.8201905343749999 0.9444821546875 0.8289501687499999 0.95866521875 0.8253333156249999 0.9647218265624999 0.782238315625 0.96201383125 0.77905265625 0.9612394109375 0.7695935625 0.964462246875 0.761631271875 0.9678145625000001 0.760232359375
2 0.8638940109375 0.81855926875 0.8588655359375 0.8206576406250001 0.893679803125 0.8274205171875 0.9105708625 0.8269893250000001 0.9216531640625 0.7481346453125 0.9217814125 0.7397374390625 0.9190731062499999 0.7328116328125 0.905921571875 0.736573459375 0.8789729484375 0.7337211015625 0.8729123281250001 0.728194209375 0.8629842453125001 0.7314740359374999 0.8605361374999999 0.7526355640625 0.865306884375 0.7523710234375 0.869562790625 0.7632544328125 0.8618272484375 0.7733875796875 0.86221445625 0.7781171265625 0.859120178125 0.7814223546875 0.8632469125 0.789482534375 0.8623448640625 0.7959009375 0.864407921875 0.79619088125 0.8638940109375 0.81855926875
2 0.7011537578125 0.5955921562500001 0.7211394062500001 0.5955958781249999 0.724491103125 0.5867166734375 0.7271963218749999 0.5562410234375 0.71468910625 0.555418275 0.7113370984375 0.5605573359375 0.6977983562500001 0.5595896140625001 0.5747883390624999 0.5404316328125 0.5729820828125 0.5270874234375 0.5578957359375 0.5221620984374999 0.54861228125 0.5245974953125 0.5367506203125 0.534150753125 0.526563884375 0.5280439734375 0.5156039625 0.5274386828125001 0.511993303125 0.5231911359375 0.51134805625 0.5165552734375 0.505288671875 0.5259889640625001 0.5024533546875001 0.5424209453125 0.5054193875 0.547512921875 0.6279133296875 0.5628582703125 0.643515440625 0.56785608125 0.6485445328125 0.5732380015625 0.6534441421875 0.5720565468750001 0.6575705671875001 0.5763765796875 0.6610539078125 0.60024176875 0.687357903125 0.6039385546875 0.7011537578125 0.5955921562500001
2 0.7894941156249999 0.797817765625 0.7952936125 0.7640368875 0.79890365625 0.7608041437499999 0.8078008265625 0.764859634375 0.8103784140625001 0.750261484375 0.8072838265625 0.7498265671875 0.800576725 0.72270323125 0.7832981484375 0.7146647328125 0.771177834375 0.7148313843749999 0.7527388640625 0.707564828125 0.7290146156249999 0.715450909375 0.724244796875 0.7269358875 0.718834671875 0.7916273296874999 0.715482971875 0.800506534375 0.7149687515625 0.8191347765625 0.74307776875 0.821215190625 0.7521288968750001 0.8159420656249999 0.787819809375 0.8209580953125 0.79233251875 0.8187872390625 0.7954264890625 0.8117418625000001 0.7894941156249999 0.797817765625
2 0.83935799375 0.36442865156250004 0.8357482578125 0.3714015421875 0.8313671921875001 0.40631679218750005 0.8259536687500001 0.42986663593749996 0.829435775 0.43877124375000004 0.8284048625 0.44610656249999997 0.8340792 0.4581243453125 0.8312441937499999 0.47829647187499996 0.8205426171875001 0.4833376421875 0.819640878125 0.493496190625 0.81577310625 0.498562765625 0.8150011562499999 0.5190248359375 0.8093292890624999 0.53692821875 0.8103614374999999 0.54455348125 0.8085573421875001 0.5573902890625 0.8180989859375 0.5587312796874999 0.820936309375 0.56661024375 0.8208080624999999 0.57500745 0.8294471968750001 0.5771566265625 0.8436330390625001 0.60720108125 0.84118400625 0.617142175 0.842861090625 0.627663153125 0.8458261968749999 0.6215346937499999 0.8481451296875001 0.597549934375 0.8512391015624999 0.590504559375 0.8529130984375 0.563624084375 0.86193326875 0.495699896875 0.8623186265625 0.477988571875 0.8651545593750001 0.4690368796875 0.8688913062499999 0.438706203125 0.8666981500000001 0.424372590625 0.8701771671874999 0.39587574375 0.8663087796875001 0.3934620265625 0.8632135734374999 0.3855468203125 0.8695285265624999 0.3480982828125 0.8764908859375 0.3434666234375 0.8795839296875 0.3252008125 0.8775199453125 0.3136904328125 0.8781636468749999 0.3016255671875 0.8860258953125 0.2643944859375 0.8807393828125001 0.2645865421875 0.8749364921874999 0.2572258203125 0.872229421875 0.2652605953125 0.8638486328124999 0.2687578796875 0.862559684375 0.274186884375 0.85508094375 0.27126576406249997 0.851984503125 0.24838997499999999 0.8387031781250001 0.24184827812499998 0.8325140031249999 0.24097844687499997 0.82400435 0.245392646875 0.80131070625 0.24220326406249998 0.7806807390625 0.246784115625 0.772175715625 0.307300496875 0.7693434859375 0.3611339328125 0.77385434375 0.33652220312500003 0.77772180625 0.327715484375 0.800802659375 0.3356344140625 0.8332958296875 0.34020103125 0.8376806015625 0.3501675265625 0.837165453125 0.3575753328125 0.8396154140625001 0.3588546765625 0.83935799375 0.36442865156250004
2 0.1903893671875 0.17878448125 0.201478615625 0.184083075 0.211664734375 0.18270956562500001 0.216822690625 0.1871745703125 0.2457052 0.187493640625 0.2487994796875 0.184188409375 0.25421516093749996 0.186819584375 0.2595010546875 0.17914723906250002 0.2744492765625 0.0727851125 0.250595240625 0.0703676734375 0.21823185937499998 0.0761045765625 0.2126879296875 0.0818706078125 0.20753151875000003 0.0961063296875 0.185356109375 0.12291059687500001 0.1747830875 0.12329470625000001 0.164983253125 0.11817732656249999 0.1542788984375 0.0895571875 0.1480894140625 0.084947209375 0.147701896875 0.07647751875 0.1398356375 0.06508670625 0.1286173703125 0.058834954687499996 0.12681173125 0.0529710359375 0.10966248125 0.049625839062499996 0.1070828859375 0.0399130453125 0.0984434421875 0.0340237234375 0.0684005390625 0.034476596875 0.06027747812499999 0.0361400515625 0.0449426640625 0.14525292343750001 0.082593790625 0.1542845453125 0.1210174828125 0.1503343875 0.1237260953125 0.1610003390625 0.137909778125 0.1648637765625 0.1450019265625 0.17053564062499998 0.1903893671875 0.17878448125
2 0.678435728125 0.29693127656249996 0.682562153125 0.3012513109375 0.6828204999999999 0.3068977703125 0.6971336625 0.3173245859375 0.70173233125 0.315165809375 0.7405867546875 0.32249649375 0.7568325671875 0.3154294375 0.7607003390625 0.31036286562500004 0.7641784328125001 0.27064558125 0.7551520890625001 0.263766859375 0.749993515625 0.25182156093749997 0.7485738515625 0.23572660625 0.7410948015625001 0.22906534218750002 0.735808290625 0.22925739531249997 0.71569161875 0.2039895703125 0.7047313890625 0.19964413281249999 0.6959627734375 0.19093158125 0.6575378453125 0.17992115625 0.621305459375 0.175764053125 0.6063476671875 0.1661816671875 0.5864915015625 0.1727413203125 0.58159281875 0.18514321250000002 0.571794215625 0.19498641562500002 0.56560535 0.1978567296875 0.5534847265625 0.194283234375 0.5479423406249999 0.21874999218750002 0.5434321 0.2508420140625 0.546656478125 0.2615804515625 0.5445949640625 0.27999123593749997 0.5461425656250001 0.2839488390625 0.630083334375 0.2966809703125 0.6360144734375 0.2956444859375 0.6456840578125 0.28484812656249997 0.6490365265625 0.285319284375 0.664638946875 0.294057240625 0.678435728125 0.29693127656249996
2 0.7054229390625 0.7673018218750001 0.7109640890625 0.7278744828125 0.70993194375 0.72024921875 0.707095084375 0.7179804734374999 0.6922667734375 0.7149614640624999 0.6636426078125 0.72028885625 0.6170943125 0.707201740625 0.6066507734375 0.7141492265625 0.6014931265625 0.713424365625 0.5907903171875 0.7035049546875001 0.5835696109375 0.7024901515625 0.5661634046875 0.7103291484375001 0.558426009375 0.6980214218749999 0.5469500140625 0.6936035015625001 0.483382103125 0.6856046375 0.47513542500000006 0.7517674828125 0.4768134359375 0.773508896875 0.47346266249999996 0.7936085390625001 0.47023952031249994 0.7978306828124999 0.47281865156249997 0.801933259375 0.6939515734375 0.8189860812499999 0.698850875 0.8140644796875 0.7010415625 0.7984769265625 0.6975594578125001 0.7895723203125 0.7054229390625 0.7673018218750001
2 0.389865578125 0.2582454390625 0.3892224921875 0.27779059375 0.38677284375 0.2802513953125 0.38483957343749997 0.290264971875 0.38754818750000003 0.30093092499999996 0.398507490625 0.294055925 0.40585428125 0.2604925046875 0.4121713953125 0.24922498437499999 0.4164263765625 0.24888795625000001 0.41874685312500004 0.2436039265625 0.4320275609375 0.24266533125 0.468647465625 0.255292128125 0.4819281734375 0.2543535328125 0.5154531828125 0.26280526718749997 0.519192090625 0.2586556078125 0.5283466796875 0.2571371265625 0.5314406515625001 0.25009175156249996 0.5463894890625001 0.15120991718750001 0.5444549875 0.1462629125 0.5199560140624999 0.14094975468749998 0.5115758406250001 0.1519273296875 0.500358809375 0.1606361609375 0.49081639218750006 0.14994480625 0.47637282187499996 0.12173417812500001 0.46696050468749994 0.125086490625 0.3269287125 0.0848357453125 0.3208680921875 0.079308853125 0.3108108375 0.07976545 0.29546614375 0.0691936625 0.289536240625 0.0851907296875 0.281417809375 0.142956365625 0.2761328421875 0.16184915 0.27329814375 0.185761421875 0.274330290625 0.1933866859375 0.2896752921875 0.20769861562499997 0.339704459375 0.21472975625 0.38685463593749997 0.2297715125 0.3911532921875 0.237855853125 0.39192801875 0.25105509062500003 0.389865578125 0.2582454390625
2 0.42217872500000003 0 0.42169251250000006 0.0018462984375000001 0.40390897499999995 0.1246404078125 0.405070603125 0.138829046875 0.40249455625 0.17212792500000001 0.3928282140625 0.2221958125 0.37594672500000004 0.3385715171875 0.37182153281249997 0.349212065625 0.3696311546875 0.3685397640625 0.36743954218749997 0.37290688125 0.3617719953125 0.4431722984375 0.3575182484375 0.4584699078125 0.3550685984375 0.460930709375 0.34772366093749996 0.516935003125 0.34243838437499996 0.5320876390625 0.33496458281249997 0.5890088484375 0.3227200359375 0.646194596875 0.3205299640625 0.6692624406250001 0.315115825 0.68533199375 0.309058290625 0.7172065562500001 0.27052580000000004 0.9651830859375 0.2722025765625 0.9719639203125 0.3005696296875 0.97595065 0.3144912609375 0.92928588125 0.31861459999999997 0.8962044578125001 0.32892618749999997 0.8527724328125 0.333951575 0.81327260625 0.3320161453125 0.797105165625 0.3363975203125 0.765930059375 0.35946633437500003 0.627983315625 0.363332253125 0.60047586875 0.3634598828125 0.5845983718750001 0.36706930937500004 0.5738853374999999 0.45453830625 0 0.42217872500000003 0
3 0.2312897203125 0.4996362546875 0.26494328437500003 0.503430928125 0.2695848578125 0.5003431578125 0.268681265625 0.48806083281249996 0.257592171875 0.48463231249999994 0.2352854296875 0.482432328125 0.22871027968750002 0.4917935328125 0.2279370953125 0.49729502343750004 0.2312897203125 0.4996362546875
3 0.07114465156250001 0.47525928281249996 0.07411006718749999 0.47287096718750005 0.0761725078125 0.4656806203125 0.074624596875 0.4579828703125 0.045354878125 0.45293425468750004 0.043164190625 0.46852180781249997 0.0449695203125 0.47064558125 0.07114465156250001 0.47525928281249996
2 0.866324521875 0.5842094484375 0.8535592703124999 0.5814803828125 0.8458271234374999 0.6327551296875 0.8374531234375 0.718535615625 0.84106409375 0.7265233078125 0.8446744468749999 0.7270307109374999 0.84828418125 0.7200578203125 0.8509897078125 0.6933223171875 0.8534390500000001 0.687121371875 0.854597590625 0.66390855625 0.8582073250000001 0.6569356671875 0.866324521875 0.5842094484375
2 0.9894637109375 0.6061906609375 0.9599362640625 0.6029758734375 0.9492346875000001 0.6080170421875 0.9443381656250001 0.646599953125 0.938027534375 0.7364105296875 0.9703918421875001 0.7418940609375 0.9894637109375 0.6061906609375
2 0.9483156625 0.40872744375 0.94689723125 0.40759307187499993 0.9506342875 0.3810025390625 0.952439309375 0.37938616875000003 0.9503753250000001 0.3678757875 0.946378071875 0.3663789859375 0.944702221875 0.3708185890625 0.9350321765625 0.37600473125 0.92807074375 0.3918568234375 0.928844853125 0.39757577187500004 0.926009228125 0.41026760781249993 0.9279443484375 0.422694903125 0.92033983125 0.45809215312499996 0.920985384375 0.4684681609375 0.9129951999999999 0.51783659375 0.9114509937499999 0.5550205890625 0.906359940625 0.5800182921875 0.899462321875 0.5879316359375 0.8824420890625 0.5855395984375 0.8796061546875 0.5944912890625 0.86324135625 0.7221599140625 0.878972640625 0.72998095625 0.9182999234375 0.738313121875 0.9233277796875001 0.728734459375 0.9275784390625 0.6760353953125 0.9314446671875001 0.6522680953125 0.9416190562500001 0.5087690546875 0.9422605984375 0.47052317187500003 0.9475430953125 0.42170922656250004 0.9483156625 0.40872744375
