2 0 0.09225464531250001 0.0005672671875 0.09218151875 0.0143268828125 0.09818645468750001 0.046566565625 0.09613413125 0.052845071875 0.0968413703125 0.05346253125 0.0995992796875 0.0774062703125 0.0987631453125 0.0728220546875 0.08687885468749999 0.07760712812500001 0.0746673828125 0.0758298390625 0.0237724796875 0.07134256875 0.014664275 0 0.0171556125 0 0.09225464531250001
2 0.7055040906250001 0.087020878125 0.7013469359375 0.05751835937500001 0.68830171875 0.05704741875 0.68781003125 0.072814925 0.68439261875 0.07941969531250001 0.6732032671875 0.0723985125 0.6702452296875 0.0623104171875 0.6618846578124999 0.061675884375000004 0.6503328765624999 0.07412365625 0.6314327265624999 0.0701512125 0.618028565625 0.07432525625 0.6120732015625 0.0828716359375 0.613362290625 0.134710078125 0.618596278125 0.1502776375 0.6497626125 0.1473363046875 0.656658578125 0.15080145312499998 0.6617667953125 0.1478435984375 0.6838546703125 0.1535577078125 0.6988526937499999 0.15025449375 0.709392271875 0.153592403125 0.705655203125 0.1361195890625 0.7055040906250001 0.087020878125
2 0.1457947328125 0.07228622031250001 0.146117875 0.0815398375 0.142506578125 0.0825924375 0.1411712296875 0.0891245 0.137624559375 0.092027825 0.1442908390625 0.1038394078125 0.156585853125 0.11267495937500001 0.1638407640625 0.11149512187499999 0.169824953125 0.118698071875 0.26589073750000003 0.12368179374999999 0.266770196875 0.11901862968750002 0.27780146562499997 0.106589034375 0.28063373281250004 0.0981517171875 0.27921538749999997 0.042611829687500005 0.27385214062499996 0.023342820312500002 0.27330279687500003 0.00761166875 0.15358410312499998 0.0117923375 0.148181571875 0.0212459015625 0.14476067343750001 0.042674639062500005 0.1406934875 0.0455961390625 0.1474890234375 0.06110916875 0.14771522343750002 0.06758670312500001 0.1457947328125 0.07228622031250001
2 0.3044124125 0.1075127421875 0.30886736875 0.11569558437500001 0.316316165625 0.12006791875 0.3627390390625 0.1212262671875 0.40053933906249994 0.1291711546875 0.42288921406249996 0.1274641890625 0.42568568124999995 0.1329254765625 0.44325396875 0.12860601562500001 0.48154246875 0.135607365625 0.5091298203125 0.1346439953125 0.5118939734375 0.13917991875 0.5226955531249999 0.1350967578125 0.5276387125 0.1423360625 0.579299059375 0.1442380046875 0.5894831796875 0.137396934375 0.59475296875 0.13906589062500002 0.59612063125 0.1334591890625 0.5935573390625 0.1048275 0.5893608953125 0.1040475546875 0.5891993234374999 0.0994207453125 0.5706616046875 0.07597934687499999 0.5715410640624999 0.07131618437500001 0.5685830265625 0.06122808749999999 0.5705358328125001 0.057453934375 0.56822756875 0.05104910625 0.5630224078125 0.051230874999999995 0.5401878171875001 0.0390574125 0.5357005453125 0.0299492078125 0.5239583624999999 0.0220208421875 0.52008855 0.015670546875 0.5054494703125 0.014328771874999998 0.49744784375 0.0090492546875 0.4624763265625 0.007491015625 0.4472844171875 0.0052420578125 0.4455936109375 0.0015951406250000002 0.3435724640625 0.0051577984375 0.3294146140625 0.0325204203125 0.31919818125 0.038436128125 0.301956521875 0.0371852390625 0.2983382515625 0.067885771875 0.30021596875 0.10673279375 0.3044124125 0.1075127421875
2 0.21306478125 0.789820075 0.214173928125 0.776810478125 0.200837884375 0.7680112796875 0.1810905875 0.7696273609375 0.164660275 0.7766865515625 0.1469627296875 0.7773045640625 0.14403351874999998 0.782965796875 0.1428920578125 0.79505003125 0.143114771875 0.8163515312499999 0.1449025203125 0.8227745343749999 0.15703595937499998 0.8269832765625 0.160550315625 0.823154590625 0.1653965328125 0.827617809375 0.1658201046875 0.824823546875 0.188561240625 0.81939695625 0.2127346640625 0.8102143906249999 0.2156961890625 0.80547851875 0.21306478125 0.789820075
2 0.294096740625 0.812005615625 0.29871675625 0.8099913000000001 0.29784775625000004 0.7701825625 0.2960923234375 0.764684921875 0.2836968796875 0.7678972515625 0.27299572968749997 0.7599325296874999 0.22924006718749998 0.7605340218750001 0.222699559375 0.767247853125 0.22045243593750002 0.7775177171875 0.2219100671875 0.804335034375 0.216834165625 0.8082182515625 0.21950137500000003 0.809978090625 0.23140861406250002 0.8077093015625 0.2361902015625 0.8103217953125 0.241786621875 0.8064204015625 0.2466005234375 0.809958259375 0.258995965625 0.8067459296875 0.2913649046875 0.8083950515625 0.294096740625 0.812005615625
2 0.8610889015625001 0.706968703125 0.8639569703125 0.6846327796875 0.8612897609375001 0.682872940625 0.8644486578125001 0.668865275 0.85580074375 0.64507851875 0.83117491875 0.6413060203125001 0.8260666999999999 0.6442638734374999 0.8165358390625 0.639964246875 0.8120127671875 0.6447546484375 0.8036845109374999 0.645045478125 0.8092923265625 0.7310132484375 0.8261104109374999 0.7350583984375 0.8430289249999999 0.72705566875 0.8545449078124999 0.7285065015625001 0.8575064328125 0.7237706312500001 0.8612793015625 0.727344840625 0.8611177296875001 0.7227180328125 0.8652172312499999 0.7207218937500001 0.866064375 0.71513336875 0.8610889015625001 0.706968703125
2 0.9769054687500001 0.695512378125 0.9821464296875 0.6814320046875 0.9813027703125 0.6721965625 0.9749273203125 0.6687132375 0.9750600625000001 0.657590715625 0.9567197171874999 0.6248775249999999 0.9124435390625001 0.6254971921875 0.9049266265625 0.6340981015625 0.9039790515625 0.6517345078125001 0.9070593734375001 0.6951719859375001 0.9146985687500001 0.7199204578125 0.9200329875 0.7234401359375 0.9279717281250001 0.7194569484375 0.959495265625 0.7192826140624999 0.9640506515625 0.7154175734375 0.9751430609374999 0.7196626703125 0.9774548125000001 0.7112435296874999 0.9769054687500001 0.695512378125
2 0.7572983765625 0.7643295875 0.756845975 0.751374521875 0.7514792421875 0.7469294796875 0.7513176703125 0.7423026703125 0.743707303125 0.7333035265625 0.742472384375 0.727787709375 0.744654878125 0.7156671203125 0.7429963875000001 0.712945565625 0.7443640484375 0.7073388640625 0.742188528125 0.68981151875 0.74658234375 0.6813196687499999 0.7519813906249999 0.6866900734375 0.7526957921874999 0.6922240687500001 0.7569245484375 0.6939293765625 0.758288725 0.7031466421875 0.76183539375 0.70024331875 0.7758858421875 0.7145765109375 0.7790089375 0.71446745 0.7793713671875 0.694998496875 0.7766395312500001 0.691387934375 0.7763163875 0.682134315625 0.7782045656250001 0.6765094359375 0.781295346875 0.6754750140625 0.781133775 0.6708482046875 0.7736526640625 0.665550509375 0.77007368125 0.6675284703125001 0.77121165625 0.6702682015625 0.7688352765625 0.67683661875 0.7637270593750001 0.6797944734375 0.7500966984375 0.677490984375 0.741021725 0.6713224578125 0.7377370562500001 0.666804709375 0.73777634375 0.6380821375 0.7333537 0.6308246578125 0.691256528125 0.634147703125 0.6817579828125 0.6307734390624999 0.6787964578125 0.6355093093749999 0.68104009375 0.6400634109375 0.6783370843750001 0.652202175 0.6630805468750001 0.64810249375 0.6590814765624999 0.6380507515625 0.6512091078125 0.63647268125 0.638487034375 0.6452553578125 0.63910449375 0.6480132671875001 0.6360460265625 0.6499730515625 0.6342224765625 0.6574486546875 0.6371919109374999 0.7574059140625 0.640117634375 0.7665686484374999 0.6562213171875 0.7650798046875 0.6623382531249999 0.7611602359375 0.671316284375 0.7645526765625 0.6825414359375 0.7576752531250001 0.7023533609375 0.7579098953125001 0.7053472000000001 0.7540993874999999 0.740286403125 0.7547322640624999 0.7572983765625 0.7643295875
2 0.5954178828125001 0.769982578125 0.6022169046875 0.770671640625 0.6081364671875 0.7760238671875 0.6164647249999999 0.7757330390625 0.6194262484374999 0.77099716875 0.620341509375 0.7524354 0.6160690437499999 0.659935565625 0.6136315203125 0.6498292921875 0.6087853046875 0.6453660734375 0.5942108562499999 0.6458750249999999 0.5814564703125 0.653732340625 0.4158677359375 0.657661846875 0.4053604703125 0.655249296875 0.36319867031249997 0.6567216203124999 0.349794509375 0.660895665625 0.3293651265625 0.6579031125 0.319604578125 0.661949921875 0.31566665 0.66857286875 0.32103780625 0.79253500625 0.32399584375 0.802623103125 0.4699377109375 0.788261796875 0.479698259375 0.7842149890625 0.5156461828125 0.7838861515625 0.51815181875 0.78101918125 0.5462273703125 0.779112271875 0.548733009375 0.7762453015624999 0.56233105625 0.777623428125 0.5954178828125001 0.769982578125
2 0.966280084375 0.22707932187500002 0.9631604749999999 0.21236441562500002 0.9586732031249999 0.20325621093750001 0.944034125 0.2019144390625 0.9374613015625 0.20770290937500002 0.9509817093749999 0.40086724374999994 0.9567615546875 0.44698992187500003 0.9583554171875001 0.44786075312499996 0.962325659375 0.4421631671875 0.9614173718749999 0.43107700156249995 0.9685753390625 0.42712107968749996 0.9749219625000001 0.4148550765625 0.9642810171875 0.2892239828125 0.9674075999999999 0.2742909546875 0.966280084375 0.22707932187500002
2 0.7208312671875 0 0.7127659734375 0.0561931078125 0.7140122890625 0.1515780890625 0.717286496875 0.20056773749999998 0.719788646875 0.212524734375 0.7192969578125 0.228292240625 0.7266244078125 0.3336562578125 0.72586723125 0.3716688015625 0.7291414390625001 0.42065845 0.7278995484374999 0.4447905671875 0.7406662671875 0.6611434765624999 0.7615192234375 0.661341765625 0.7610668234375 0.6483867 0.768942678125 0.635140803125 0.769760996875 0.6138029515625 0.7657758718750001 0.544455340625 0.7648169015625 0.47222258281249996 0.74868158125 0.05493890781250001 0.7373664578125 0.0293923109375 0.7339106328125 0 0.7208312671875 0
2 0.1687325609375 0.47543499218749996 0.1565991203125 0.47122624843749994 0.1579956109375 0.481368875 0.168337815625 0.4939785828125 0.2011626421875 0.4937588046875 0.19964038125 0.46509076406250005 0.1962552828125 0.472620896875 0.1873095671875 0.4701538171875 0.1866274796875 0.465545184375 0.1756966421875 0.465926896875 0.1753376984375 0.47057188281249995 0.1687325609375 0.47543499218749996
2 0.2287892796875 0.46407286093750005 0.2180846421875 0.4709321078125 0.21986890468750003 0.49217907812500006 0.24068954687500002 0.49145200468750005 0.2513583828125 0.4984913625 0.2787841640625 0.49290118281249995 0.2806400265625 0.48635094062500006 0.28984774375 0.48139694843749997 0.29014205937500004 0.47490123906250004 0.2896896578125 0.4619461734375 0.2854609015625 0.4602408640625 0.2287892796875 0.46407286093750005
2 0.71656699375 0.4933638046875 0.7289624359375 0.49015147499999995 0.731015671875 0.47432943906249997 0.729425296875 0.458634640625 0.72666114375 0.454098715625 0.6292276984375 0.4547216953125 0.6258102859375 0.461326465625 0.62612994375 0.4854040515625 0.6297700703125 0.50010078125 0.6385542140625 0.4979410515625 0.6419393109375 0.49041091875 0.650332196875 0.49197081249999997 0.6548229546875 0.48625505156250004 0.7038581390624999 0.48546919375 0.7101592296875 0.48895511718750007 0.71188235 0.49352739687499997 0.71656699375 0.4933638046875
2 0.5319418796875001 0.5192673515624999 0.5357470625 0.5237669234375 0.5611554078125 0.5201001734374999 0.5767743750000001 0.504730903125 0.6073878796875001 0.500882384375 0.6098935156249999 0.49801541406250005 0.609024515625 0.458206678125 0.605707534375 0.45276356562500003 0.5985495656250001 0.456719490625 0.571547359375 0.4595154078125 0.4152632859375 0.46126700625000006 0.3974041671875 0.45725820937500006 0.330810428125 0.46051020468750004 0.3262227265625 0.46344988125000003 0.3141539125 0.4610918625 0.3117129046875 0.46580955625 0.312229934375 0.4806153453125 0.32169616562500003 0.48306424843749995 0.3608964421875 0.48632779687500005 0.424770921875 0.4813177796875 0.4348420375 0.48467205 0.4785402296875 0.47944011406250003 0.50901383125 0.48949383593749995 0.520465184375 0.4890939453125 0.5280109234375 0.496242365625 0.5319418796875001 0.5192673515624999
2 0.8179764625000001 0.6228505109375 0.8426345578125 0.6219894312500001 0.881050671875 0.6185058453125001 0.877912921875 0.52865245625 0.87319871875 0.4281441984375 0.8702477390625001 0.3436392078125 0.8652684531249999 0.252779115625 0.8587899640625001 0.1761391953125 0.83551513125 0.1767069875 0.8454551984374999 0.2716777921875 0.8453953890625 0.37342373125 0.849627590625 0.44289015468750004 0.827558209375 0.46615160624999996 0.798802175 0.4703687453125 0.763919896875 0.47158686093749996 0.769384878125 0.576352828125 0.7780922578125 0.636024065625 0.8179764625000001 0.6228505109375
2 0.9907702625000001 0.6221713578125 0.9961494203125 0.603776628125 0.9978154578125 0.5480270703125 0.992944446875 0.47751198125 0.9821189 0.47789001875 0.9441174671875 0.476004103125 0.8966410921874999 0.4839732609375 0.8967809578124999 0.5344194796874999 0.896694975 0.5836879109375 0.9022870828125 0.6231191921875 0.9215324484374999 0.6224471296874999 0.9467919984375 0.6215650453125 0.9550661874999999 0.599856346875 0.9720963859375 0.5874807875 0.9847262062500001 0.5870397453125 0.9907702625000001 0.6221713578125
