2 0.341655878125 0.7075030046874999 0.3385587375 0.678035690625 0.33834185625 0.6510587250000001 0.32850914531250003 0.5375759640625 0.31276714375000003 0.3828181171875 0.3144572921875 0.3640199515625 0.3114569375 0.335473490625 0.3076428765625 0.3191158921875 0.30784718906249997 0.2911636328125 0.29958098906249997 0.23244676874999998 0.2987439703125 0.21950037656250002 0.302079475 0.21635672343749998 0.2981632578125 0.2139752546875 0.2983622 0.2009199796875 0.2933472875 0.1930678328125 0.26201217187500003 0.1889130765625 0.2528821015625 0.1917347375 0.2565312734375 0.2164889 0.25442529999999997 0.221365378125 0.2542263578125 0.23442065625000003 0.26437810625 0.3609042515625 0.26761145625 0.3717367265625 0.267242253125 0.40808555156250004 0.27859485 0.5260636984375 0.277718409375 0.5326729984374999 0.2865492125 0.641605934375 0.295749215625 0.7141900437500001 0.29179357499999997 0.7313642687499999 0.296455396875 0.730874290625 0.302312696875 0.736775846875 0.334006271875 0.7343757453124999 0.343500175 0.710102240625 0.341655878125 0.7075030046874999
2 0.6733801734375 0.9687037046875 0.66302056875 0.9697925421875 0.6633844015625 0.9483406999999999 0.6788270203125 0.9457865890624999 0.6849800484374999 0.9395537218750001 0.6985783703124999 0.9344003765625001 0.705147221875 0.9420891984375 0.71521646875 0.9382377984374999 0.7249272546875 0.940941259375 0.7280978671875 0.9461941703125 0.7434437015625 0.9427192062499999 0.74508905625 0.9583737187500001 0.7543105437500001 0.97136989375 0.7791735906249999 0.9687566828125 0.74831155 0.7299336046875 0.7417534390625 0.6924508171875 0.738679609375 0.688118759375 0.7195483953124999 0.6854744 0.6475778359375 0.703280096875 0.6412312375 0.7076712578125 0.6286061421875 0.7071361546875 0.6170456890625 0.7167304437500001 0.6102151609375001 0.716517334375 0.607073228125 0.721502696875 0.6079783515625 0.7251316703125 0.621082003125 0.745168021875 0.6089981984375 0.7697137359374999 0.599834075 0.77719410625 0.598308815625 0.7875957062500001 0.6021856109375 0.8095328671875001 0.614828646875 0.850100209375 0.6128140890625 0.8707945234375 0.6058133015625 0.8938749640625 0.6108802046874999 0.9371006421875 0.6172106937499999 0.9774004328125001 0.6200568984375 0.98454949375 0.6791066359375 0.978343115625 0.680563790625 0.9772589375 0.6733801734375 0.9687037046875
2 0.1349155203125 0.8232659375000001 0.13731184999999999 0.8211520203125 0.141518425 0.8262960500000001 0.17579652968749998 0.8385207203125 0.20250387500000003 0.83850674375 0.24158000937500002 0.8316065984375 0.25041972343749996 0.8260223765625 0.2508749703125 0.8203883703124999 0.2573810890625 0.8224976281249999 0.2587755109375 0.8158338859375001 0.2637617421875 0.813447759375 0.26389795 0.79481291875 0.2784067640625 0.7783915609375 0.3104247484375 0.7740953109375 0.3176137375 0.767753559375 0.360349784375 0.755813609375 0.414931271875 0.75193891875 0.41995155625 0.7448940828125 0.429793178125 0.7438596859375 0.434130590625 0.7452658578125 0.44124610468750003 0.7631385109375 0.4770835203125 0.760302871875 0.4825196265625 0.7671797234375 0.48809194062500005 0.7554217359375001 0.5063861375 0.7451197015625 0.5094653359375 0.7345547781249999 0.5484446859375 0.7267337796875 0.562788609375 0.7187089875 0.56036896875 0.6956876484375 0.5554221625 0.6785180796875 0.5357389171875 0.680586871875 0.52861803125 0.677611203125 0.44985099531249995 0.6905450828124999 0.42359352812499995 0.6998220374999999 0.36907477499999997 0.70927629375 0.3609806625 0.7119890734375 0.354406440625 0.7191972343749999 0.3434661234375 0.71476095 0.3407113328125 0.7234297265625 0.3368578484375 0.726627821875 0.2931198921875 0.7340179453125 0.28930045937500004 0.73255733125 0.2856118640625 0.7273588609375 0.285742703125 0.7236210046875 0.2824071984375 0.726764659375 0.278718603125 0.7215661890625 0.2753831 0.72470984375 0.27405678125 0.722056165625 0.16026066875 0.7405338031250001 0.145301978125 0.7476921828124999 0.10353915625000001 0.753943684375 0.0985188734375 0.7609885203125 0.087641290625 0.7621317999999999 0.085603421875 0.7576908578125 0.052355906249999994 0.7602542875 0.05322697656249999 0.7685419687499999 0.0451955984375 0.7768343109375 0.0268386703125 0.7815567796875 0.030903665625 0.82023263125 0.056996245312500006 0.81935224375 0.0698830140625 0.81241163125 0.0792693921875 0.8170112421875 0.0997950265625 0.81299185625 0.1157215734375 0.815042015625 0.1349155203125 0.8232659375000001
2 0.5046045718750001 0.74810003125 0.50858889375 0.741164078125 0.5079113953125 0.734718103125 0.494802371875 0.729578734375 0.4215054953125 0.74473075625 0.4178455828125 0.7497705578125 0.4018849828125 0.7523791109375 0.3978719796875 0.749076790625 0.387153915625 0.7567204875 0.38371625625 0.7738402734375 0.38448517031249996 0.796104084375 0.3924771234375 0.8073674359374999 0.4004403984375 0.808392515625 0.428445378125 0.8007939421874999 0.4433986984375 0.808532546875 0.45696296875 0.8080379109375 0.47237690624999995 0.7952455265625 0.4821271140625 0.7783932921875001 0.48841635156249996 0.7535255875 0.5046045718750001 0.74810003125
2 0.2811041921875 0.7492462390625 0.286870078125 0.7393299578125 0.27094353125000004 0.7372798015625001 0.23465086875000002 0.7457494453125 0.23904564375 0.7676321640625 0.2371672953125 0.7696916390624999 0.11566421093749998 0.7945654671875 0.0898906703125 0.8084466906250001 0.0894354234375 0.8140806953125 0.1225180484375 0.8199138328125001 0.15151956718749998 0.8317620703124999 0.1917230765625 0.8405708765625001 0.22124794531249997 0.8374676890625 0.2615876640625 0.82764165625 0.26492316875 0.8244980015625 0.2691745359375 0.7951893531249999 0.2840418125 0.7722131375 0.2811041921875 0.7492462390625
2 1 0.6061290968749999 0.9527864156250001 0.612546734375 0.9564015343750001 0.6419596078125 0.9583426171875 0.6454796953125 0.9847596062499999 0.6427031578125 1 0.6371244484374999 1 0.6061290968749999
2 0.7737481109375001 0.6630193078125 0.7212779671875 0.6471205390625 0.5924263765625 0.671835703125 0.583393090625 0.6755782171875 0.5825166484375 0.6821875171875 0.584287471875 0.7090011578125 0.5871336781250001 0.7161502171875 0.6074316890625 0.7149478375 0.614649359375 0.7188443609374999 0.629124121875 0.7070817125 0.6890162484375 0.6989247453125 0.7209714984375 0.6890489296875 0.7738001046874999 0.6983928390624999 0.779304315625 0.6959522703125 0.7737481109375001 0.6630193078125
2 0.5498568171875 0.22196916406249997 0.5627382171875001 0.2299255375 0.5641953734375 0.2288413578125 0.5630966796875 0.223370678125 0.56665980625 0.217410021875 0.57815215625 0.21713315312499998 0.584624221875 0.2239011203125 0.5852049359375 0.22942624218750002 0.6095159515625 0.23152618125000002 0.632437915625 0.22539288281249997 0.6379080734375 0.227611025 0.636286028125 0.2370917703125 0.6412382062499999 0.2393643546875 0.6647749375 0.23409746562499997 0.6737795421875 0.220116675 0.672356440625 0.2165421453125 0.6749803921875001 0.2116112265625 0.6736881265625 0.20429883906250002 0.6624968765625 0.1775443015625 0.6569173625 0.11947608125 0.6516801984375 0.0995439546875 0.649004253125 0.06910134375 0.64363625 0.052907071875 0.639623246875 0.0496047515625 0.6341190359375 0.05204531875 0.6121416171875 0.042251898437500005 0.5842047406249999 0.0405330515625 0.5781538703125 0.032789789062500005 0.570771309375 0.03728983125 0.5637812624999999 0.0305763046875 0.5227640453125 0.0339563625 0.5182957953125 0.036288046875 0.5174193546875 0.042897346875 0.5087104765625 0.0447437140625 0.5047888890625 0.05725923125 0.5069575953125 0.057962315625000004 0.51090249375 0.07058205625 0.5216618093750001 0.1281058578125 0.5224307234375 0.15036966875 0.5201311796875 0.1534044390625 0.5237803515625 0.178158603125 0.5222550921875 0.1885602015625 0.530304409375 0.2203001015625 0.5498568171875 0.22196916406249997
2 0.571395103125 0.192705640625 0.5902072781250001 0.182349165625 0.5987853171874999 0.18424065625 0.5985290125 0.1768193859375 0.592187784375 0.1663135609375 0.599348090625 0.1497335375 0.5965359375 0.137925765625 0.6035994578125 0.1204248890625 0.6261235390625 0.1404021421875 0.6268978234375 0.14776896875 0.6334666765625 0.1554577921875 0.6357034875 0.1468434578125 0.6440592734374999 0.1366549671875 0.6452601234374999 0.1281495171875 0.6385138125 0.0739280375 0.61540901875 0.0484256640625 0.585952253125 0.0422114328125 0.5766626625 0.0385326765625 0.5645268671875 0.0277048609375 0.5610945765625 0.0299276609375 0.55915349375 0.026407573437499998 0.551383790625 0.0272242015625 0.5497957984374999 0.0320462359375 0.5468187546875 0.028635031249999998 0.5228608312499999 0.034877215625 0.5192636515625 0.045496582812500005 0.5123363375000001 0.044362620312500003 0.505471759375 0.048808221875 0.5050165109375 0.054442228125000006 0.5099973703125 0.066953084375 0.5141251 0.1112084984375 0.51331139375 0.12339736406249999 0.5215775921875 0.1821142265625 0.5233251046875 0.1837926078125 0.5450802703125001 0.1815060484375 0.5551781984375 0.1878929234375 0.565537803125 0.186804084375 0.571395103125 0.192705640625
2 0 0.16636350625000002 0.015082589062499999 0.166453059375 0.0208431046875 0.1714337625 0.03143033125 0.1675279203125 0.037287631249999995 0.17342947656250002 0.0433044515625 0.18583145 0.042428009375 0.1924407515625 0.0445967171875 0.1931438375 0.0714558109375 0.191251859375 0.07476503281249999 0.2011453328125 0.0881016796875 0.2034677015625 0.142261971875 0.2005683015625 0.15197275625 0.2032717640625 0.1546934953125 0.199261696875 0.17249839218750002 0.1992523796875 0.1789704578125 0.206020346875 0.20379945312499997 0.2080658453125 0.23973365625 0.20615106249999998 0.24692264375 0.1998093109375 0.25611544999999997 0.20256721249999998 0.255819721875 0.21470163593749997 0.2581479484375 0.22190513906249998 0.2568843640625 0.22483102656249998 0.25905307031249997 0.22553411093750003 0.26221831406249996 0.24568400625 0.2585243484375 0.2553825203125 0.2604654328125 0.258902609375 0.2589742234375 0.2646454984375 0.2618831625 0.277374121875 0.26026111875 0.28685486718750003 0.2635518296875 0.318163890625 0.267855190625 0.3242287734375 0.2659714703125 0.34118523125 0.2680093390625 0.3456261734375 0.266324559375 0.34952735625 0.270219296875 0.41149675625000004 0.274226928125 0.42969606093749996 0.276902875 0.4601386734375 0.3044526078125 0.4581741046875 0.30639906093749997 0.446797209375 0.314071978125 0.44505972812500005 0.315979009375 0.45323852656249997 0.3193145125 0.450094871875 0.3131148625 0.40605722499999997 0.314378446875 0.4031313390625 0.31172581250000003 0.397823984375 0.312733090625 0.38747682656250004 0.300079315625 0.37670345156249996 0.2968459671875 0.3658709765625 0.29775646093749997 0.354602965625 0.29436359375 0.3372700734375 0.306026203125 0.3136996546875 0.30369797656249997 0.3064961515625 0.30580395 0.30161967500000003 0.30247381562500003 0.2898663453125 0.303805503125 0.2776230375 0.3008625140625 0.26955312343750004 0.29724739218749996 0.24014025 0.293331175 0.23775878281249999 0.2954712 0.22822359374999998 0.31195515 0.210663615625 0.3378201046875 0.21260023125 0.349961271875 0.2085310640625 0.35481666562499997 0.20988279531249998 0.362387425 0.22212144218750002 0.3698667703125 0.218542253125 0.3816494765625 0.221027946875 0.4234806625 0.2175623359375 0.4272604109375 0.22647533125 0.43758596250000004 0.230045203125 0.44195742656250003 0.22679266406249998 0.48067510156250004 0.226447378125 0.490584828125 0.2160955625 0.49285031874999996 0.21771950156250003 0.4934310328125 0.223244621875 0.5002615625 0.22345773124999999 0.49751214062500004 0.21722952499999998 0.5009838531249999 0.1954510296875 0.4957861109375 0.155963209375 0.4920975171875 0.15076473906250001 0.4921315703125 0.146106028125 0.48608069687500005 0.138362765625 0.486410478125 0.1215696328125 0.49100956562500003 0.11550009218749999 0.48323266406250004 0.0464905140625 0.48142241874999997 0.0392325671875 0.4759863125 0.0323557171875 0.46847828593749996 0.0256966328125 0.4592854796875 0.02293873125 0.39780536093749996 0.0359177359375 0.3935987875 0.030773706249999998 0.375116390625 0.02433705 0.3265284125 0.015478459375 0 0.049797978124999996 0 0.16636350625000002
2 0.9739015625 0.23046875937500003 0.9677072843750001 0.171534128125 0.9604896125 0.1676376046875 0.9604268796875 0.1620580421875 0.9654812140625 0.1503544953125 0.9634487171874999 0.13101656875 0.958172128125 0.13064013593749998 0.9516946921875 0.13876915 0.945057734375 0.1403977484375 0.93586493125 0.1376398484375 0.9243779515625 0.12301973125000001 0.920205428125 0.11321699375000001 0.9133121671875 0.10742432187499999 0.8842084937499999 0.1095522140625 0.8640413203125 0.1070167390625 0.8595390187499999 0.1140071328125 0.8596304328125 0.1298249703125 0.869416521875 0.1930372171875 0.8711299796875001 0.1993743078125 0.8732986875 0.2000773953125 0.8766575015625 0.22206899687499998 0.8817691999999999 0.2308419984375 0.8953334703125 0.2303473625 0.8990220640625 0.23554583281250002 0.9068885515625 0.23565005781249998 0.9739015625 0.23046875937500003
2 0.828983559375 0.1023222234375 0.8232517250000001 0.10757979375 0.8073592296875001 0.1008709265625 0.78706121875 0.10207330781249999 0.745400553125 0.094348678125 0.7399931296875 0.0977101015625 0.7512596828125 0.184973425 0.75562040625 0.2115148546875 0.7607948375 0.22586741875 0.7903483875 0.23300250312499998 0.8219792281249999 0.22502283906249998 0.8511456374999999 0.22847450781249998 0.8497619562500001 0.20534428437500002 0.8394578875 0.14218647812500002 0.8333837046875001 0.109307959375 0.828983559375 0.1023222234375
2 0.8704151140624999 0.8353403281249999 0.857169884375 0.8488358 0.8753870625 0.9623683421875 0.9758752125000001 0.9518066125000001 0.9758465296875001 0.941568340625 0.9612444734375 0.85744866875 0.9594001750000001 0.854849434375 0.94421923125 0.8499278312499999 0.925993140625 0.8509124453125001 0.894014578125 0.8356530031249999 0.8784124406249999 0.831706696875 0.8704151140624999 0.8353403281249999
2 0.8625397156249999 0.9497532625 0.8473282609374999 0.8498701953125 0.8309159578124999 0.7584925796875 0.82988536875 0.7437044796875 0.8254224890625 0.73113918125 0.8250299765625 0.74235275 0.8082502984375 0.7720471515625 0.8045850140624999 0.7919839375 0.8095210796875 0.8389474703124999 0.8080298734375001 0.8446903609374999 0.8099942671875 0.87334570625 0.8168714156249999 0.9238293296875 0.8251770390625 0.9629904984375001 0.836054621875 0.9618472171875 0.8396464312499999 0.966124834375 0.861919578125 0.9637838328124999 0.8635075703125 0.9589617968749999 0.8625397156249999 0.9497532625
2 0.7286759796875 0 0.7332468171875 0.043488621875 0.735381471875 0.04885041875 0.757068534375 0.055881278125 0.7661305015625001 0.062377035937500006 0.7708263750000001 0.0572283484375 0.7732854375 0.060693996875 0.7813245859375 0.060780073437500005 0.7952915390624999 0.0807256890625 0.79995873125 0.065338728125 0.8169212390625 0.067280003125 0.824821778125 0.0627255171875 0.8138636171875 0 0.7286759796875 0
