2 0.069741196875 0.09232967812500001 0.055856276562499994 0.1060381078125 0.04670089375 0.1204258703125 0.046387543749999996 0.1343502421875 0.056463651562499995 0.13753096250000002 0.14063903125 0.1414642875 0.143226696875 0.1311295109375 0.1408296015625 0.1052936328125 0.1373696703125 0.09898458437499999 0.12673791406249998 0.1051049484375 0.112549309375 0.10306695156250001 0.08690514218749999 0.0914301546875 0.069741196875 0.09232967812500001
2 0.17277659375 0.12772647343750002 0.172837984375 0.13884961406250002 0.1771927796875 0.1423301765625 0.20916236718749998 0.1452907046875 0.2273665515625 0.1443366640625 0.22878153281250002 0.14148091875 0.225466978125 0.1379458390625 0.2236513921875 0.1232058453125 0.2119535328125 0.10898375625000001 0.183963996875 0.1123050203125 0.17277659375 0.12772647343750002
2 0.39248674375000003 0.1403190640625 0.3886391390625 0.126612759375 0.3899927296875 0.112633871875 0.37863408593750003 0.10488438281250001 0.37083229218749997 0.10529325781250001 0.36497853125 0.1130176125 0.36375738750000003 0.1195719859375 0.35473445 0.126535234375 0.351952946875 0.133171384375 0.339712375 0.13844886875 0.3339426 0.13782405312499998 0.3222447421875 0.123601965625 0.3159063890625 0.12207975156249999 0.30965202187499996 0.1122083671875 0.2983418375 0.105383534375 0.29757942187499997 0.10078750781250001 0.28574911875 0.093989934375 0.2774756640625 0.095350725 0.271621903125 0.10307508125 0.2682137 0.13755997343749998 0.26566156093750004 0.1386209203125 0.266860109375 0.151538859375 0.2639461609375 0.165599521875 0.26515764062499997 0.18871594687499998 0.2765292171875 0.20666392031249997 0.329545884375 0.21315740156250002 0.3649140125 0.2113038359375 0.39324276406249997 0.214455171875 0.400608425 0.20572438593750003 0.40342545625000004 0.1898144078125 0.3973745890625 0.1539708515625 0.3971193609375 0.1391490828125 0.39248674375000003 0.1403190640625
2 0.5335070703125 0.2237937703125 0.5381396875 0.22262378906250002 0.541961428125 0.2159331234375 0.5564763171875 0.21424523281250002 0.5881196234375 0.2209316484375 0.6438693328125 0.2198643234375 0.6452843125000001 0.2170085765625 0.6390299484375 0.207137190625 0.6261238765625 0.20966796406250002 0.62375264375 0.2042290546875 0.6191200265625 0.20539903593750003 0.6173303046874999 0.2110560109375 0.6059361328125 0.2125803515625 0.5994879296875 0.1990103375 0.601507015625 0.18777816249999998 0.5986156640625 0.1823665125 0.59879656875 0.1758666546875 0.5901839015625 0.170754846875 0.5871601015625 0.1727677109375 0.5813160046875 0.15082126875 0.5649725984375 0.1275706765625 0.5516529890624999 0.10230722343750001 0.5395448640625 0.10016019375 0.53255394375 0.10608975000000001 0.5158132 0.10511270312500001 0.49681107343750003 0.1107445453125 0.485235996875 0.1187687421875 0.42944749218749995 0.08924061250000001 0.41738782343749997 0.088018240625 0.41602130156249995 0.0917986421875 0.41896438125 0.13800423281250002 0.41894505468750004 0.1973458296875 0.42136474843749994 0.20370939531249999 0.42723144062499996 0.206183525 0.42960267500000004 0.21162243281249998 0.47486600625 0.2194494453125 0.5122626015625 0.21748957343750003 0.517806565625 0.22276220468750002 0.5299986796875 0.2165600640625 0.5335070703125 0.2237937703125
2 0.679469953125 0.1030261921875 0.6639632859375 0.10569325468749999 0.6303622828125001 0.1213621578125 0.627012203125 0.12710090937500002 0.6257555296875 0.1429291109375 0.6197693234375 0.15807797968749998 0.6086788390625 0.175348746875 0.6025601875000001 0.1979221296875 0.6032870765625 0.2117919859375 0.5940703015625 0.21505660624999998 0.6000339125 0.21938005 0.6755126375 0.2265507359375 0.6867129734375 0.22132776875000001 0.690159971875 0.21743833281249997 0.6903893359375 0.21186313281250002 0.6844417843749999 0.108328809375 0.679469953125 0.1030261921875
2 0.7254441140625 0.2239339390625 0.7383017265625 0.220478509375 0.799737225 0.2283851703125 0.8042244640625 0.22444121875 0.8033037390625 0.2068727359375 0.7977633281250001 0.2006727203125 0.79567958125 0.1609124703125 0.7980863421875 0.1570775515625 0.792277771875 0.12585728125 0.7870636453125 0.11593137812500001 0.788901828125 0.111199059375 0.7758148515625 0.120229690625 0.75335279375 0.11955248125 0.74209106875 0.11365230781249999 0.72951128125 0.11245719375 0.719616078125 0.102776615625 0.712854521875 0.1031309734375 0.7031660890625 0.10734751093749999 0.7054533359375 0.12113559062499998 0.7030950328125 0.1258951671875 0.7051399843749999 0.13505996250000002 0.7033987203125001 0.14164159375000002 0.7042709875 0.15828541875 0.7069685031249999 0.15999844218749998 0.7076469328125 0.17294363906250002 0.7056149125 0.1739773296875 0.7119920609375 0.2060949984375 0.7112910375 0.21262211406249998 0.7179201453124999 0.2196922703125 0.7254441140625 0.2239339390625
2 0.9432546921875 0.23013570468750003 0.943325746875 0.21158804999999997 0.9392584421875 0.173786146875 0.93635415625 0.1581760109375 0.9329911421875 0.1537162765625 0.9350586890624999 0.143408759375 0.931912109375 0.1231753390625 0.921787540625 0.1190699609375 0.9082644328124999 0.11977867812500001 0.904345771875 0.1246200296875 0.9041164078125 0.130195228125 0.8903768671875 0.1466776296875 0.8697755859375 0.1217957921875 0.8645129984375 0.110945234375 0.8603520421875 0.1111633 0.8484506843749999 0.1229133828125 0.848234253125 0.13868706875 0.854042821875 0.1699073390625 0.8557986515625 0.1934588328125 0.8544692906250001 0.20790004999999998 0.8497526875 0.21741920312500002 0.8491970406249999 0.22672028906250002 0.8515198156249999 0.23123454062499998 0.8654790562500001 0.2388477375 0.915652828125 0.24085422343750001 0.9413680515625 0.23394336718750003 0.9432546921875 0.23013570468750003
2 0.9641079343750001 0.22997002968750002 0.9861952515624999 0.233448465625 0.9808162781249999 0.1308115421875 0.971696421875 0.1359254765625 0.9700036171875001 0.14343176562499999 0.9712861531250001 0.148000534375 0.9579827453125 0.172804846875 0.960454165625 0.21996235312499998 0.9641079343750001 0.22997002968750002
2 0.7999239921875 0 0.7960057234375 0.0079079359375 0.7962254234375 0.032003534374999996 0.806821934375 0.3337142921875 0.8215921921874999 0.4961268203125 0.8264315765625 0.5088539515625 0.8543726546875 0.50460803125 0.8585594734375 0.5247869359374999 0.867075225 0.5280494296875 0.8669395109375 0.4956046609375 0.8629561906250001 0.44945358750000003 0.8636442843750001 0.43272798593750006 0.868625778125 0.40835980625 0.8394875890625 0 0.7999239921875 0
2 0.8445902875 0.248287240625 0.847468709375 0.24350040625 0.8464995249999999 0.2250072671875 0.8482407875 0.218425634375 0.8466674968750001 0.20830892343750002 0.8534161203125 0.19775608125 0.8476301453125 0.147063496875 0.8441702140625 0.1407544484375 0.8376864828125001 0.1364582640625 0.8254071140624999 0.11114029218749999 0.8218147374999999 0.1122557578125 0.8170722703125 0.10137794062500001 0.81328605625 0.09879477812500001 0.8079298187499999 0.1259641875 0.8044376281250001 0.1687982515625 0.8020308671875 0.1726331703125 0.8091478359375 0.22881917812500002 0.8091123078125 0.2380930078125 0.8064277234375 0.24657846874999997 0.80889914375 0.2937359765625 0.81318288125 0.31576419375000003 0.83231745625 0.3027078359375 0.8472555453125 0.2991433734375 0.8445902875 0.248287240625
2 0.8803787734374999 0.6525237640625 0.877316178125 0.6239411734375 0.88343483125 0.6013677890625 0.87803653125 0.5580724609375001 0.863482846875 0.5291648953125 0.8548475828125 0.5435253999999999 0.8460055515624999 0.543988790625 0.8453529859375 0.5514405625000001 0.8525636046875 0.569606603125 0.8517430656249999 0.59375671875 0.858323715625 0.5999022171874999 0.8635992328125001 0.6209512593750001 0.8717823046875001 0.6974797234375 0.875193778125 0.702864115625 0.8853538734375 0.6976956640624999 0.8952716703125001 0.687903928125 0.8803787734374999 0.6525237640625
2 0.29301780625 1 0.2940912046875 0.9298840937499999 0.2895910328125 0.9236295609375 0.28354343437499996 0.9276552890625 0.2782679171875 0.90660624375 0.27936627812500003 0.8778055874999999 0.288786553125 0.848568796875 0.289581228125 0.8040217109375 0.286602621875 0.76708995 0.2817242984375 0.5744887140625 0.27929167499999996 0.5579266640625 0.2737997234375 0.5526513046875 0.2512892046875 0.551049440625 0.2358309953125 0.5546411625000001 0.236305925 0.5935585296875 0.24307074687500002 0.6330734546875 0.24904089375 0.7171354640625001 0.2486306265625 0.729210521875 0.2446279796875 0.7424010437499999 0.2417172984375 0.796330990625 0.234099678125 0.8301092921875 0.2319643453125 0.89883375 0.23542727343749997 1 0.29301780625 1
2 0.4026698578125 0.5635142421875 0.40067336718749996 0.55527410625 0.39433501406250004 0.5537518921875 0.34199677500000003 0.5602036078125 0.2935287390625 0.5608893171875 0.2836109390625 0.5706810531250001 0.28320067187500003 0.5827561109375 0.284037409375 0.6086737640625 0.28744888125 0.61405815625 0.2961455375 0.61082079375 0.312039878125 0.6155509875 0.35496750625 0.6086652625 0.3670142421875 0.59968915 0.37470618437500003 0.5872324765625 0.388083915625 0.5837497890625001 0.4019203734375 0.5691167015625 0.4026698578125 0.5635142421875
2 0.23341457187499998 0.5881468796875 0.23609915625000003 0.5796614171875001 0.23517843125 0.5620929343750001 0.23077517812499998 0.557687715625 0.1875083375 0.5581008421875 0.12216711093749999 0.5652340171875 0.11872011093749998 0.5691234515625 0.118587665625 0.5765479671875 0.12251925781249999 0.5819051015625 0.1420544359375 0.5864444843750001 0.1854950765625 0.5813862671875001 0.20959892343750003 0.6014485609375 0.2173037984375 0.599190371875 0.2212224578125 0.5943490203125 0.221028621875 0.5906503937500001 0.22806799843749997 0.5856454921875 0.23341457187499998 0.5881468796875
2 0.048080771875 0.5746798984375 0.032803467187500004 0.571771759375 0.0064227484375000005 0.5759359046875 0.0033504890625 0.5770241125 0.0047558062499999994 0.6038391640625 0.009485342187499999 0.6045184953125 0.031378821875000004 0.6042983046875 0.03487428125 0.601333525 0.0380305265625 0.591896146875 0.0525324828125 0.580009771875 0.048080771875 0.5746798984375
2 0.9568491375000001 0.509436628125 0.9151733500000001 0.5153295515625 0.884600978125 0.5141501921875 0.875044990625 0.5109422140625 0.87376245625 0.5063734453125 0.872395934375 0.5101538484375 0.8736074140625 0.533270271875 0.878010665625 0.5376754906250001 0.8955138265624999 0.543248565625 0.9156531109375001 0.5394115203125 0.9255483140624999 0.5490920984375001 0.956416271875 0.5409839984375 0.9720424546875 0.5206939375 0.9726950203125 0.5132421640625 0.97146094375 0.5095980531250001 0.9568491375000001 0.509436628125
2 0.8381327031250001 0.562945321875 0.8372604375 0.546301496875 0.8293487921875 0.534662571875 0.746552865625 0.5371473296875 0.732134896875 0.5406845328125 0.7318700046875 0.5555335609375 0.7511273593750001 0.5647234890624999 0.764081890625 0.5631173734375 0.7766487453125 0.554114003125 0.8006227031250001 0.5537847765625 0.804554296875 0.5591419109375 0.8071322984375 0.5784779328125 0.8183940234374999 0.5843781078125 0.8343594187500001 0.57056064375 0.8381327031250001 0.562945321875
2 1 0.790272540625 0.9992310625 0.7807384890625 0.9915487828125 0.7635243640625 0.9765137765624999 0.7652395109375 0.9662438296875001 0.7583601640625 0.9502655015625001 0.76197914375 0.9386290359375 0.7588801968750001 0.936173815625 0.7617904609374999 0.9340836734375 0.7915702921875 0.93603170625 0.7988857734375 0.9794923828125001 0.8021712750000001 1 0.7993050515625 1 0.790272540625
3 0.7630028546875 0.5325764359375 0.7853195359375 0.5304796703125 0.797039990625 0.5252294453124999 0.7929630203125 0.517098340625 0.7782542953125 0.5150876015625 0.7642595265625001 0.516748234375 0.7610063640625 0.5243362968749999 0.7603053390625 0.5308634125 0.7630028546875 0.5325764359375
3 0.626440778125 0.5341701703124999 0.6259077265624999 0.5239989453125 0.625339146875 0.5231015453125 0.6096386421875 0.52206998125 0.604437446875 0.5223425640625 0.6039657875 0.523294478125 0.6008450703125 0.5234580281250001 0.5998532890625 0.524437203125 0.5994300890625001 0.526313775 0.5996723859374999 0.530937059375 0.6009549187500001 0.535505828125 0.604741134375 0.538088990625 0.615095065625 0.5366191671875 0.6156636453125001 0.5375165671875 0.61930448125 0.5373257578125 0.6198730593749999 0.5382231562500001 0.62507425625 0.5379505734375 0.626440778125 0.5341701703124999
3 0.6929546890625 0.519557965625 0.69495118125 0.5277981015625001 0.7007694140625 0.529347575 0.7155136671875 0.522084484375 0.7121991125 0.5185494078125 0.6929546890625 0.519557965625
3 0.2246047984375 0.539467159375 0.22047936875000002 0.5304113984375001 0.183599340625 0.5332713953125 0.1817611578125 0.5380037140625 0.1854633859375 0.548936046875 0.22031139687499998 0.5471097406250001 0.2246047984375 0.539467159375
