2 0.8458972875 0.5938760546874999 0.8608999718750001 0.52509198125 0.8638747875 0.52392514375 0.8681881796875001 0.50877796875 0.867344096875 0.5057047015625 0.8490936937500001 0.49924582031250003 0.8388771625 0.5014699125 0.8143957687500001 0.4963202875 0.8079353421875 0.4899381625 0.7958066453125 0.4869141390625 0.7893516515625 0.489121815625 0.7868302734375 0.4970816125 0.78262073125 0.498894871875 0.778583265625 0.5064766656249999 0.7762393984375 0.5287947984375 0.7633565796874999 0.5761591609375001 0.7620699296875 0.5834725374999999 0.7660609015625 0.5911475015625001 0.7644928890625 0.59743645625 0.8213174765625 0.6106501453125001 0.8273299 0.6188291140625 0.8379425093749999 0.621475134375 0.8458972875 0.5938760546874999
2 0.5487031640625 0.5436340359375 0.553142140625 0.5495121562499999 0.581161071875 0.5555437875 0.5830158796875 0.558869059375 0.6446700859375001 0.5742411796875 0.6627484140625 0.5749315234375 0.683301628125 0.58291883125 0.6950916046875 0.5829955874999999 0.7247986984375 0.5951737578125 0.73703668125 0.5934536687499999 0.7608955828124999 0.5020666312500001 0.7626821640625 0.48628945312500005 0.7569511015625 0.4791349078125 0.72955225 0.47707496562499996 0.5933229828125001 0.4335664765625 0.5848411062500001 0.426680346875 0.5325074234375 0.41267782343750004 0.52632835625 0.4073201203125 0.5105528390625 0.4081582015625 0.5049473625 0.42202894999999996 0.4927993421875 0.47721069375 0.48294869843750005 0.5253310609375 0.48447022031250003 0.5342988671875 0.48929984062500004 0.536457296875 0.501199103125 0.5317899421875001 0.5079408890625 0.5391964890625001 0.5159119703124999 0.537366815625 0.539721359375 0.54521170625 0.5487031640625 0.5436340359375
2 0.9590555984375 0.3768417171875 0.9556847046874999 0.37313844375 0.9441760875 0.3740861109375 0.9415399921875001 0.37820021718749997 0.92552115 0.43814248906250003 0.9149411421875 0.487035278125 0.91393585 0.4953730765625 0.918156259375 0.5107394203125 0.9165882468750001 0.517028375 0.9185577734375 0.5241993359375 0.9237780390625 0.522638078125 0.9304461671875 0.5023523765625 0.959790396875 0.3846590984375 0.9590555984375 0.3768417171875
2 1 0.384747459375 0.995160328125 0.384889365625 0.9746071140625 0.3769020578125 0.9415067796875001 0.503201553125 0.9341201546875 0.5414392796875 0.9384444140625 0.5434717109375 0.9400124265625 0.53718275625 0.9511249640624999 0.5313649781249999 0.9612322125 0.533884996875 0.983192228125 0.54699441875 0.995326359375 0.5586082453125 1 0.5451440828125 1 0.384747459375
2 0.72907265625 1 0.731785 0.98912138125 0.7404226515625 0.9760066390625 0.7487898109375 0.979047078125 0.7517072671875 0.9759573937500001 0.75579665625 0.9617086421875 0.7588807562500001 0.9557976921875 0.7630902984375 0.9539844328125 0.7671223296874999 0.9378128390624999 0.7730719609375 0.935479159375 0.7753693359375 0.9284177843749999 0.774014459375 0.9166287140625 0.7681167531249999 0.9122954359375001 0.7671579546875 0.905376475 0.7462140953125 0.9011088578124999 0.7094427953125 0.904346278125 0.7000075531250001 0.8991309921875 0.690801746875 0.9016070859375 0.6884470109375 0.9067456140625 0.682622965625 0.9301045875 0.6879633828125 0.940978821875 0.6826392671875 0.9558739921875 0.6786537265625 0.9567888281249999 0.6728242468750001 0.9715579984374999 0.6659717281249999 1 0.72907265625 1
2 0.7572760656249999 1 0.77156130625 0.9436909578125 0.7703785062499999 0.9376704218749999 0.7667836109375 0.9348655703125001 0.7653194484375 0.9278206109375 0.7567856484375 0.9276014390625 0.758066865625 0.9116982609375001 0.7530706 0.9123610953125001 0.743859359375 0.9062473875 0.7374617265625 0.910377909375 0.7326840296875 0.9015525203125 0.727687765625 0.9022153562499999 0.73123616875 0.920276965625 0.7214157171875 0.9273711703125 0.711756471875 0.9230543078125001 0.7007942765624999 0.9002814140625001 0.6940579234375 0.9014646687500001 0.6928286296875 0.910700890625 0.687160359375 0.9140589921875 0.682117603125 0.9299785859374999 0.687176659375 0.9398283968750001 0.684712640625 0.9497110390625 0.6684945546875001 0.9609357656249999 0.6659158171875 0.9669727171875 0.6628371515625 0.9814734703125 0.6625004921875 1 0.7572760656249999 1
2 0.43013509687499996 0 0.41421279687499996 0.05395986093750001 0.40759659375 0.0675786078125 0.4024499875 0.0968321140625 0.398412521875 0.1044139078125 0.3904988 0.1081664265625 0.37924135468750003 0.1511646796875 0.3775121328125 0.1688647015625 0.3822952625 0.18627989218750002 0.3819100515625 0.1985893828125 0.3847755828125 0.20216665625000002 0.384091703125 0.2156740421875 0.3775556015625 0.23758311562499998 0.377337034375 0.24707134062499997 0.372179559375 0.2591452421875 0.358436359375 0.2776669328125 0.35613898125 0.28472830781249997 0.356201775 0.295240953125 0.3504350875 0.3205227703125 0.3542020609375 0.32909615468750003 0.35383315 0.36717505156249997 0.3500770453125 0.37578126875 0.3509784859375 0.38077738125 0.3459876546875 0.39003001875 0.34666509375 0.3959245546875 0.33490228437499997 0.43879680781249997 0.3349077171875 0.44738660937499997 0.33227162187500003 0.45150071562500005 0.3301463234375 0.464330625 0.3279582296875 0.4666478875 0.329083671875 0.4707455796875 0.32443156093750003 0.48294548437499996 0.3283078171875 0.4867747578125 0.33946141406249997 0.45711041874999997 0.3665137015625 0.35506831875 0.3748071984375 0.33041650625 0.38275654375 0.294227625 0.39324356875 0.275848353125 0.3957075875 0.2659657125 0.39815530625 0.2303136640625 0.40481800156250003 0.2014381609375 0.41238756875 0.1861485734375 0.4232598046875 0.15545980937499998 0.4414613046875 0.08461047499999999 0.4406172234375 0.0815372046875 0.44862392812499996 0.0472711703125 0.45563077500000004 0.0299327359375 0.46309384375 0 0.43013509687499996 0
2 0.30514988593750003 0.887520659375 0.3202479640625 0.8807880421875 0.34545872499999997 0.885165246875 0.3750456671875 0.884907925 0.377452328125 0.8731024390625001 0.3719971921875 0.8583825140625001 0.3666048484375 0.8541752375 0.347630515625 0.8570785781250001 0.330401703125 0.8680513031249999 0.31787149375 0.851567365625 0.3156206109375 0.8433719828124999 0.2892844078125 0.8348970859374999 0.264975090625 0.8355159953125 0.251622534375 0.8503179937500001 0.2510078875 0.8549361046874999 0.24197959062500002 0.8717705359375 0.23973414062499998 0.872164953125 0.2393434953125 0.8758846421875001 0.26056871406250004 0.881176684375 0.2766310265625 0.889952828125 0.28056464062500003 0.895704946875 0.2870769921875 0.8954201156250001 0.2921251828125 0.8880903234374999 0.30514988593750003 0.887520659375
2 0.5506768984375 0.9124750859375 0.555287953125 0.92412174375 0.553047934375 0.9331059625 0.5544547390625 0.938228078125 0.585396559375 0.9497598265624999 0.5967904578125001 0.9449664703125 0.6086842859375 0.9317093125 0.6392191625 0.9211913468749999 0.6578602109375 0.9239305390625001 0.6627882484375001 0.9041652546875 0.6431829671875 0.8859173015625 0.6115745734375 0.8856706203125 0.5960749843750001 0.878943321875 0.5819302703125 0.8840050968750001 0.513706353125 0.8669949640624999 0.4571739953125 0.8719853015625001 0.412587390625 0.8570515234375 0.40069356406249995 0.87030868125 0.39627088593750004 0.890199965625 0.426087265625 0.897634025 0.45383570312500005 0.9198208375 0.46877257187500004 0.9244992890624999 0.4890963515625 0.9247952156249999 0.4979580046875 0.910782053125 0.5053090046875 0.9049806890625 0.5222099640625 0.9082402984375 0.5293943203125 0.9052602000000001 0.5506768984375 0.9124750859375
2 0.8440461140625001 0.3300354671875 0.8316988515625001 0.3364996671875 0.8305214828124999 0.3390689328125 0.8347883843749999 0.33917851718750003 0.8350751781250001 0.3487927421875 0.8333924484375 0.35123600625 0.8357526171874999 0.354687278125 0.884382121875 0.3706290625 0.9009443609375 0.37094140625 0.9034083796875001 0.3610587640625 0.89823460625 0.3473632640625 0.8440461140625001 0.3300354671875
2 0.78335070625 0.32158230468750004 0.7783490093750001 0.3136553390625 0.7702632109375 0.3116393234375 0.739102821875 0.309595796875 0.7315743109375 0.301038825 0.7219205015625 0.3053117640625 0.7190604046875 0.3103242921875 0.7218903109375 0.3463379265625 0.724026478125 0.3506876203125 0.7327842796875 0.3500083703125 0.743735609375 0.355601659375 0.7702849453125 0.34599853125 0.7953864203125 0.3551198453125 0.797293153125 0.35177816093750003 0.8030024796875 0.3245734984375 0.78335070625 0.32158230468750004
