2 0.7333496875 0.12325397656249999 0.6216901984375001 0.150572434375 0.6142136171875 0.1738323328125 0.6058377687500001 0.2371719453125 0.6057113734375 0.26801002500000004 0.7394235828125 0.2896071265625 0.7485778640625 0.2843484984375 0.751540809375 0.25203901875 0.760693240625 0.22433951875 0.7648171953125 0.1987383875 0.7691967187500001 0.145122409375 0.7619750875 0.13288716875 0.7333496875 0.12325397656249999
2 0.7138906109375001 0.2542278328125 0.7051226109375001 0.252995571875 0.7024143078125 0.246069765625 0.707953296875 0.1804614078125 0.7182685890625 0.1819111265625 0.7199438218750001 0.1699912328125 0.705371696875 0.14643766875 0.7018905171875 0.14875349531249998 0.6973771890625 0.1434440609375 0.6605017171875 0.1588321140625 0.6278796828125001 0.15518241093750001 0.6180807734375 0.16128546875 0.61563143125 0.167486415625 0.6146011359375 0.18230202499999998 0.6167933671875 0.1854152 0.611640659375 0.24453266718750002 0.6201515468750001 0.25507905000000003 0.6722443921875 0.2698804265625 0.7039637609375 0.2724682421875 0.710023765625 0.27051484375 0.7138912265624999 0.261708125 0.7138906109375001 0.2542278328125
2 0.19877602968750002 0 0.184831084375 0.0106337453125 0.16897340624999999 0.0336507828125 0.14640924375 0.037024774999999996 0.1381563921875 0.0283847078125 0.120878740625 0.031566646875 0.107344009375 0.0792208171875 0.102317696875 0.10750020625000001 0.103222521875 0.13474311249999998 0.1116033125 0.1312458265625 0.1296550734375 0.1337828375 0.13648949531250001 0.14128853125000002 0.1847133328125 0.1461958984375 0.2743293640625 0.1821662484375 0.31868512031249996 0.18840004375 0.333899715625 0.1849281625 0.4322822015625 0.20343004687500002 0.45330123125000005 0.226019615625 0.4583297046875 0.22392124375 0.46851644062500003 0.23002802500000002 0.47302915 0.2278571671875 0.5644489687500001 0.2472505640625 0.568316740625 0.24218399062499998 0.580695090625 0.24392365468750002 0.5830152609375 0.234899478125 0.586880871875 0.203651884375 0.5604402937499999 0.1073683765625 0.49145207031249993 0.040636157812500004 0.433556025 0.014733912499999998 0.39345555625 0.0119032359375 0.36964609843749996 0 0.19877602968750002 0
2 0.9228780546875001 1 0.9663566203125 0.3107032796875 0.9405803 0.30818718125 0.9354449828125 0.3680512984375 0.8885014828125 0.7789409 0.7693176609375 0.7534565578125 0.738368665625 1 0.9228780546875001 1
2 0.9178226984375 1 0.926049975 0.9039668140625 0.930940015625 0.786840846875 0.920495240625 0.7788277515625001 0.888775871875 0.7762399359375001 0.8818144390624999 0.7920920296875 0.8192765124999999 0.7655374125 0.8181151921875 0.7550889187500001 0.8163101703125 0.7567052921874999 0.8076759750000001 0.8143984421875 0.79672500625 0.9222573703125001 0.7900143015625 1 0.9178226984375 1
2 0.883489978125 0.7839122828125 0.878073678125 0.773800815625 0.836553546875 0.754875184375 0.828430484375 0.7565386375 0.8157950234375001 0.7641130953124999 0.81424865625 0.7751160734375 0.8161831578125 0.780063078125 0.81257435 0.7982564046875 0.8143796812499999 0.8003801781250001 0.8368159046875 0.8091435375 0.8619591984375001 0.8098721187500001 0.8798811703125 0.8021056078125 0.8837489421875 0.797039034375 0.883489978125 0.7839122828125
2 0.6778340078125 0.8176559296875 0.7014300078125 0.8181670562500001 0.704652840625 0.8102047656250001 0.707999909375 0.7452233781250001 0.68685386875 0.7459915984375 0.563715296875 0.7314906765625 0.5397327062499999 0.733730296875 0.526846 0.8216816390625 0.533292284375 0.8132373515625 0.547991421875 0.813433128125 0.552374959375 0.8084390421875 0.6020156828125 0.795780053125 0.6436634437500001 0.7988281890625 0.64766100625 0.8040651375 0.647274721875 0.8105560265625 0.6690657 0.8126835234374999 0.6778340078125 0.8176559296875
2 0 0.7258492125 0.004116859375 0.7276462875 0.0194606265625 0.7269976375 0.08715496406249999 0.73931653125 0.1024984203125 0.7349277359374999 0.164647903125 0.741792225 0.18179669062499998 0.7395272015625001 0.21506397187499998 0.7498127671875 0.246653859375 0.7458372062499999 0.293072675 0.7523609453125 0.312543175 0.7597724734375 0.363220059375 0.803360640625 0.3664444359375 0.814099078125 0.36631711718750004 0.8337167203125 0.37611695312500004 0.8388341 0.5006708671875 0.8170679390625001 0.5051832671875001 0.8111569375000001 0.5134308703125 0.7562145296875 0.5140727218750001 0.7217087906249999 0.5090442484375 0.7238071625 0.4973102171875 0.7174829234375 0.11332608125000002 0.695308340625 0.0148153484375 0.6852036640625 0 0.6866194375 0 0.7258492125
2 0.7401692203125 1 0.7477276749999999 0.9191113484375 0.77169545 0.7373447421875 0.7693731203125 0.7201879015625 0.77272173125 0.6739072421875 0.8310884734374999 0.153820728125 0.830700646875 0.1416108890625 0.8207697859374999 0.11122940781249999 0.8296623265624999 0.0591827171875 0.8177988140625001 0.046295103125 0.809418025 0.0497923875 0.7982025359375 0.07720194375 0.7954957765625 0.088976865625 0.7963990578125 0.0975190453125 0.79382054375 0.100896759375 0.7685585734375 0.2245098921875 0.7690749546875 0.2320626703125 0.7654652203125 0.23903555937499998 0.7480679640625 0.3553387765625 0.7474248796875 0.374883934375 0.7497459734375 0.37708019375 0.7408580640625 0.485229065625 0.7162428828125 0.6341787890624999 0.7171458562499999 0.6389808218749999 0.7128918015625 0.6505382843749999 0.71456826875 0.6535789734375 0.706837046875 0.7160741578125001 0.6855367078125 1 0.7401692203125 1
2 0.7752045187500001 1 0.781640203125 0.9360327734375 0.78730713125 0.8582870640625 0.793105703125 0.8132857484375 0.794391871875 0.7741954375 0.78768508125 0.7508122453125 0.7745332359375 0.7508339265624999 0.76924734375 0.758506271875 0.7503049546875 0.90077305 0.741137534375 1 0.7752045187500001 1
