2 0.9994791671875 0.752777778125 0.9994791671875 0.734259259375 0.9921875 0.7120370375 0.9541666671875 0.7083333328125 0.9526041671875 0.7129629625 0.953125 0.75555555625 0.9557291671874999 0.7666666671875 0.9635416671874999 0.765740740625 0.9703125 0.7703703703125 0.9765625 0.7666666671875 0.978125 0.7703703703125 0.9822916671874999 0.76851851875 0.9828125 0.7574074078125 0.9947916671874999 0.75 0.9994791671875 0.752777778125
2 0.146875 0.8055555562500001 0.1484375 0.7879629625 0.1520833328125 0.775 0.14895833281249998 0.7509259265625 0.1546875 0.7453703703125 0.15572916718750002 0.7194444437499999 0.1427083328125 0.7166666671875 0.14010416718750002 0.7203703703125 0.1395833328125 0.73055555625 0.1276041671875 0.7361111109375 0.12395833281249999 0.746296296875 0.12395833281249999 0.772222221875 0.11875 0.7861111109375 0.1145833328125 0.8111111109375001 0.1244791671875 0.8101851859375 0.1291666671875 0.8 0.1369791671875 0.797222221875 0.1395833328125 0.8018518515625 0.1395833328125 0.8138888890624999 0.1421875 0.8194444437499999 0.146875 0.8055555562500001
2 0.8260416671874999 0.7 0.8192708328125 0.6833333328125 0.8234375 0.615740740625 0.8223958328125001 0.6101851859375 0.81875 0.60648148125 0.8197916671875 0.5953703703125 0.8182291671874999 0.590740740625 0.8145833328125001 0.5888888890625 0.8083333328125001 0.5944444437499999 0.7958333328125 0.5925925921874999 0.79375 0.5953703703125 0.79375 0.6148148140624999 0.8114583328125 0.6861111109375 0.8114583328125 0.7101851859375 0.8072916671874999 0.7212962968750001 0.8239583328125001 0.728703703125 0.8286458328125 0.7351851859375 0.8489583328125001 0.73148148125 0.8489583328125001 0.727777778125 0.828125 0.7129629625 0.8260416671874999 0.7
2 0.9541666671875 0.1416666671875 0.946875 0.1453703703125 0.9432291671874999 0.15092592656249998 0.940625 0.1648148140625 0.9317708328125001 0.177777778125 0.9234375 0.1833333328125 0.9255208328125001 0.1888888890625 0.9270833328125001 0.23240740781250002 0.9317708328125001 0.252777778125 0.9760416671875 0.25555555625 0.9895833328125001 0.2611111109375 0.9994791671875 0.259259259375 0.9994791671875 0.1453703703125 0.9802083328125001 0.146296296875 0.9666666671874999 0.1379629625 0.9541666671875 0.1416666671875
2 0.1666666671875 0 0.1651041671875 0.004629629687499999 0.16354166718750002 0.0490740734375 0.15625 0.0490740734375 0.1541666671875 0.0425925921875 0.14375 0.030555556249999997 0.1265625 0.034259259375000004 0.11510416718750001 0.0268518515625 0.09895833281250001 0.025 0.0546875 0.027777778125000003 0.0453125 0.018518518749999997 0.0380208328125 0.015740740625 0.0296875 0.0175925921875 0.0302083328125 0.034259259375000004 0.021875 0.045370370312500005 0.0166666671875 0.045370370312500005 0.0135416671875 0.040740740625 0 0.045370370312500005 0 0.09351851875 0.06875 0.0953703703125 0.09114583281250001 0.0925925921875 0.096875 0.10092592656249999 0.1119791671875 0.10555555624999999 0.159375 0.1074074078125 0.1619791671875 0.109259259375 0.1640625 0.1203703703125 0.1630208328125 0.127777778125 0.1682291671875 0.14444444375 0.1854166671875 0.1490740734375 0.1989583328125 0.1740740734375 0.20729166718749997 0.17962962968750001 0.3135416671875 0.19351851874999998 0.3375 0.190740740625 0.340625 0.18055555625 0.3427083328125 0.1601851859375 0.3416666671875 0.109259259375 0.3380208328125 0.1074074078125 0.33541666718749996 0.0990740734375 0.33645833281250004 0.09444444375 0.33125 0.0916666671875 0.32864583281250004 0.08333333281250001 0.321875 0.077777778125 0.3135416671875 0.077777778125 0.3020833328125 0.09629629687499999 0.2942708328125 0.0990740734375 0.2927083328125 0.102777778125 0.1729166671875 0.021296296875000002 0.17135416718750002 0 0.1666666671875 0
2 0.39010416718749996 0.1981481484375 0.40989583281249997 0.20370370312500002 0.46067708281249997 0.20648148125 0.4703125 0.2101851859375 0.5072916671875001 0.20833333281250002 0.5213541671875 0.2148148140625 0.5463541671875001 0.21944444375 0.6229166671875 0.222222221875 0.6265625 0.22685185156249998 0.634375 0.221296296875 0.646875 0.2009259265625 0.646875 0.1888888890625 0.6432291671875 0.1851851859375 0.646875 0.1620370375 0.6458333328125 0.109259259375 0.6421875 0.0953703703125 0.6197916671875 0.0990740734375 0.3890625 0.0703703703125 0.3661458328125 0.0629629625 0.3609375 0.0629629625 0.3583333328125 0.0703703703125 0.35885416718749996 0.0916666671875 0.36875 0.0925925921875 0.37447916718749996 0.10370370312499999 0.37447916718749996 0.10833333281249999 0.3723958328125 0.12407407343750002 0.3609375 0.1231481484375 0.3572916671875 0.12592592656249998 0.3546875 0.1583333328125 0.3567708328125 0.197222221875 0.39010416718749996 0.1981481484375
2 0.7401041671875 0.22870370312500002 0.7552083328125 0.225 0.7598958328125 0.2166666671875 0.7651041671875001 0.2259259265625 0.7651041671875001 0.23611111093749998 0.7682291671875 0.2398148140625 0.7661458328124999 0.26851851875 0.7692708328125 0.32592592656249997 0.7713541671875 0.32777777812500003 0.7791666671875 0.3231481484375 0.7817708328124999 0.32777777812500003 0.78125 0.3416666671875 0.790625 0.340740740625 0.8 0.35 0.8005208328125001 0.35648148125 0.7979166671875 0.3611111109375 0.7953125 0.384259259375 0.7989583328125 0.509259259375 0.8020833328125001 0.5296296296875 0.8104166671874999 0.5287037031249999 0.8125 0.497222221875 0.8114583328125 0.4861111109375 0.8067708328125001 0.48055555625 0.8083333328125001 0.4620370375 0.8057291671875 0.4546296296875 0.8072916671874999 0.43055555625 0.8052083328125 0.4240740734375 0.8067708328125001 0.41944444374999995 0.8057291671875 0.38148148125 0.8114583328125 0.36296296250000004 0.8078125 0.3490740734375 0.809375 0.3296296296875 0.8072916671874999 0.25740740781250004 0.8088541671874999 0.25 0.8130208328125 0.2453703703125 0.8842013890624999 0.252777778125 0.9057291671875 0.2453703703125 0.9213541671875 0.197222221875 0.9192708328125001 0.19351851874999998 0.9208333328125 0.1879629625 0.9098958328125001 0.1851851859375 0.9161458328125001 0.15925925937500002 0.9197916671874999 0.1583333328125 0.9197916671874999 0.12222222187500001 0.6817708328125 0.09629629687499999 0.6625 0.0981481484375 0.6604166671875 0.10185185156250001 0.6635416671875001 0.1703703703125 0.6625 0.20555555625 0.6651041671875 0.22407407343750002 0.6697916671875 0.23333333281250002 0.6739583328125 0.22777777812500002 0.6890625 0.22314814843750003 0.7328125 0.222222221875 0.7359375 0.22870370312500002 0.7401041671875 0.22870370312500002
3 0.6536458328125 0.5333333328125 0.671875 0.5287037031249999 0.6520833328125 0.5287037031249999 0.6536458328125 0.5333333328125
3 0.5552083328124999 0.5425925921875 0.565625 0.5287037031249999 0.5244791671875 0.5268518515625 0.525 0.5370370375 0.5286458328125 0.5425925921875 0.5479166671875 0.54444444375 0.5552083328124999 0.5425925921875
2 0.7598958328125 0.6074074078125 0.7828125 0.5824074078125 0.7828125 0.5666666671875 0.7796875 0.5546296296875 0.6838541671875 0.5527777781250001 0.6833333328125 0.55648148125 0.6760416671875 0.5555555562500001 0.6723958328124999 0.5601851859375 0.6729166671875 0.571296296875 0.6890625 0.58055555625 0.7020833328125 0.58055555625 0.7197916671875 0.5722222218749999 0.7421875 0.571296296875 0.7442708328125 0.5740740734374999 0.7463541671875 0.590740740625 0.7447916671875 0.5981481484375 0.7552083328125 0.6074074078125 0.7598958328125 0.6074074078125
3 0.6942708328125 0.5398148140625 0.6880208328124999 0.54444444375 0.6994791671875 0.547222221875 0.7239583328125 0.54351851875 0.7520833328125 0.54444444375 0.7479166671875 0.540740740625 0.7432291671875 0.5416666671875 0.7291666671875 0.5296296296875 0.6984375 0.5296296296875 0.6942708328125 0.5398148140625
2 0.3072916671875 0.5731481484375001 0.3161458328125 0.5638888890625 0.3171875 0.5527777781250001 0.3072916671875 0.546296296875 0.23020833281250003 0.54444444375 0.2208333328125 0.54444444375 0.22135416718749998 0.5481481484375 0.2192708328125 0.55 0.207465278125 0.5518518515624999 0.20052083281250002 0.5453703703125 0.1963541671875 0.5574074078125 0.1911458328125 0.5555555562500001 0.1890625 0.5583333328125 0.1901041671875 0.5638888890625 0.1854166671875 0.5824074078125 0.1848958328125 0.5953703703125 0.1885416671875 0.60555555625 0.1979166671875 0.602777778125 0.2140625 0.609259259375 0.2322916671875 0.6046296296875 0.2630208328125 0.603703703125 0.2765625 0.5944444437499999 0.2838541671875 0.5833333328125 0.2989583328125 0.5796296296875 0.3072916671875 0.5731481484375001
2 0.1578125 0.8009259265625 0.1619791671875 0.8027777781250001 0.1739583328125 0.7768518515625 0.178125 0.7583333328124999 0.1854166671875 0.5675925921875 0.1838541671875 0.5555555562500001 0.1854166671875 0.5518518515624999 0.1822916671875 0.54444444375 0.1739583328125 0.540740740625 0.1578125 0.5398148140625 0.1546875 0.5611111109375 0.1505208328125 0.571296296875 0.14895833281249998 0.5796296296875 0.1546875 0.5925925921874999 0.1578125 0.615740740625 0.1552083328125 0.665740740625 0.1505208328125 0.6740740734374999 0.15 0.6833333328125 0.1572916671875 0.7083333328125 0.15625 0.7787037031249999 0.1583333328125 0.7870370375 0.1578125 0.8009259265625
