2 0.1630208328125 0.1129629625 0.1619791671875 0.0870370375 0.1588541671875 0.08055555625000001 0.14791666718750002 0.0861111109375 0.1338541671875 0.08333333281250001 0.1088541671875 0.0703703703125 0.0916666671875 0.0703703703125 0.0770833328125 0.08333333281250001 0.0671875 0.097222221875 0.0661458328125 0.1111111109375 0.0760416671875 0.1148148140625 0.1598958328125 0.1231481484375 0.1630208328125 0.1129629625
2 0.24635416718749997 0.13055555624999998 0.2479166671875 0.127777778125 0.24479166718749998 0.12407407343750002 0.24375 0.109259259375 0.2328125 0.09444444375 0.2046875 0.09629629687499999 0.1927083328125 0.1111111109375 0.1921875 0.12222222187500001 0.1963541671875 0.12592592656249998 0.228125 0.13055555624999998 0.24635416718749997 0.13055555624999998
2 0.3802083328125 0.2046296296875 0.40833333281249995 0.209259259375 0.41614583281249995 0.2009259265625 0.41979166718750005 0.1851851859375 0.415625 0.1490740734375 0.41614583281249995 0.134259259375 0.4114583328125 0.1351851859375 0.40833333281249995 0.12129629687500001 0.41041666718750003 0.1074074078125 0.3994791671875 0.0990740734375 0.3916666671875 0.0990740734375 0.3854166671875 0.10648148125000001 0.3838541671875 0.1129629625 0.37447916718749996 0.11944444375 0.3713541671875 0.12592592656249998 0.35885416718749996 0.13055555624999998 0.353125 0.1296296296875 0.3421875 0.1148148140625 0.3359375 0.1129629625 0.3302083328125 0.102777778125 0.3192708328125 0.0953703703125 0.31875 0.09074074062500001 0.3072916671875 0.08333333281250001 0.2989583328125 0.08425925937499999 0.2927083328125 0.0916666671875 0.2875 0.12592592656249998 0.2848958328125 0.1268518515625 0.2854166671875 0.13981481406250001 0.28177083281250004 0.15370370312499998 0.28177083281250004 0.1768518515625 0.2921875 0.19537037031249999 0.3447916671875 0.2046296296875 0.3802083328125 0.2046296296875
2 0.4427083328125 0.20277777812500003 0.4447916671875 0.20833333281250002 0.4895833328125 0.21851851875 0.5270312500000001 0.21851851875 0.5322916671875 0.22407407343750002 0.5447916671875 0.21851851875 0.5479166671875 0.2259259265625 0.5526041671875 0.225 0.5567708328125 0.21851851875 0.5713541671875 0.2175925921875 0.6026041671875 0.2259259265625 0.6583333328125 0.22777777812500002 0.6598958328125 0.225 0.6541666671875 0.2148148140625 0.6411458328124999 0.2166666671875 0.6390625 0.21111111093749999 0.634375 0.21203703749999997 0.6322916671875001 0.2175925921875 0.6208333328125 0.21851851875 0.6151041671875 0.2046296296875 0.6177083328124999 0.19351851874999998 0.6151041671875 0.1879629625 0.615625 0.18148148125000002 0.6072916671875 0.1759259265625 0.6041666671875 0.177777778125 0.5994791671875 0.15555555625 0.584375 0.13148148125 0.5723958328125 0.10555555624999999 0.5604166671875 0.102777778125 0.553125 0.10833333281249999 0.5364583328125 0.10648148125000001 0.5171875 0.1111111109375 0.5052083328125 0.11851851875 0.45104166718750005 0.0861111109375 0.4390625 0.08425925937499999 0.4375 0.08796296249999999 0.4380208328125 0.134259259375 0.4348958328125 0.19351851874999998 0.4369791671875 0.2 0.4427083328125 0.20277777812500003
2 0.6145833328125 0.225 0.6895833328125 0.23611111093749998 0.7010416671875 0.23148148124999998 0.7046875 0.22777777812500002 0.7052083328125 0.222222221875 0.7046875 0.11851851875 0.7 0.1129629625 0.684375 0.1148148140625 0.65 0.12870370312499999 0.6463541671875 0.134259259375 0.6442708328125 0.15 0.6375 0.1648148140625 0.6255208328124999 0.18148148125000002 0.6182291671875 0.20370370312500002 0.6182291671875 0.2175925921875 0.6088541671875001 0.2203703703125 0.6145833328125 0.225
2 0.7244791671875 0.171296296875 0.7244791671875 0.184259259375 0.7223958328125 0.1851851859375 0.7270833328124999 0.2175925921875 0.7260416671875001 0.22407407343750002 0.7322916671875 0.23148148124999998 0.7395833328125 0.23611111093749998 0.7526041671875 0.23333333281250002 0.8135416671875 0.24444444375000002 0.8182291671874999 0.240740740625 0.8182291671874999 0.22314814843750003 0.8130208328125 0.2166666671875 0.8130208328125 0.1768518515625 0.815625 0.17314814843749998 0.8114583328125 0.1416666671875 0.8067708328125001 0.13148148125 0.8088541671874999 0.1268518515625 0.7953125 0.1351851859375 0.7729166671875001 0.13333333281249998 0.7619791671875 0.1268518515625 0.7494791671875001 0.125 0.7401041671875 0.1148148140625 0.7333333328125 0.1148148140625 0.7234375 0.11851851875 0.725 0.1324074078125 0.7223958328125 0.13703703750000001 0.7239583328125 0.146296296875 0.721875 0.15277777812499999 0.721875 0.16944444375 0.7244791671875 0.171296296875
2 0.8640625 0.23611111093749998 0.8630208328125001 0.2453703703125 0.8651041671874999 0.25 0.8786458328125001 0.25833333281250004 0.9286458328125 0.2629629625 0.9546875 0.25740740781250004 0.9567708328125001 0.253703703125 0.9578125 0.23518518593749999 0.9557291671874999 0.197222221875 0.9536458328125 0.18148148125000002 0.9505208328125001 0.1768518515625 0.953125 0.1666666671875 0.9510416671874999 0.146296296875 0.9411458328125001 0.1416666671875 0.9276041671874999 0.1416666671875 0.9234375 0.146296296875 0.9229166671875 0.1518518515625 0.9083333328125001 0.1675925921875 0.8890625 0.1416666671875 0.884375 0.13055555624999998 0.8802083328125001 0.13055555624999998 0.8677083328125 0.1416666671875 0.8666666671875 0.1574074078125 0.8708333328125001 0.1888888890625 0.8713541671874999 0.2125 0.8692708328125001 0.22685185156249998 0.8640625 0.23611111093749998
2 0.9994791671875 0.15648148125 0.9901041671874999 0.1611111109375 0.9880208328125001 0.16851851874999998 0.9890625 0.17314814843749998 0.9744791671874999 0.197222221875 0.9744791671874999 0.24444444375000002 0.9776041671875 0.2546296296875 0.9994791671875 0.259259259375 0.9994791671875 0.15648148125
2 0.8536458328125001 0.5231481484375 0.8567708328125001 0.54351851875 0.8651041671874999 0.547222221875 0.8666666671875 0.5148148140625 0.8651041671874999 0.46851851875 0.8666666671875 0.45185185156249996 0.8729166671874999 0.427777778125 0.8651041671874999 0.013888889062500001 0.8578125 0.0101851859375 0.8541666671874999 0.013888889062500001 0.8473958328125001 0.013888889062500001 0.8447916671875 0.00555555625 0.8416666671874999 0.003703703125 0.8296875 0.009259259374999999 0.8213541671875 0.0240740734375 0.8203125 0.048148148437499996 0.8151041671874999 0.35 0.8213541671875 0.5129629625 0.8255208328125001 0.5259259265625 0.8536458328125001 0.5231481484375
2 0.8223958328125001 0.2546296296875 0.8192708328125 0.2629629625 0.8192708328125 0.3101851859375 0.8223958328125001 0.3324074078125 0.8421875 0.3203703703125 0.8572916671874999 0.31759259218749997 0.8572916671874999 0.2666666671875 0.8604166671875 0.26203703749999996 0.8604166671875 0.24351851875000002 0.8625 0.2370370375 0.8614583328125001 0.22685185156249998 0.86875 0.2166666671875 0.865625 0.165740740625 0.8625 0.15925925937500002 0.85625 0.1546296296875 0.8453125 0.12870370312499999 0.8416666671874999 0.1296296296875 0.8375 0.11851851875 0.8338541671874999 0.11574074062499999 0.8270833328125 0.1425925921875 0.8213541671875 0.1851851859375 0.81875 0.1888888890625 0.8229166671874999 0.2453703703125 0.8223958328125001 0.2546296296875
2 0.8526041671875 0.61851851875 0.8567708328125001 0.6398148140625 0.8609375 0.7166666671875 0.8640625 0.722222221875 0.8744791671875 0.7175925921874999 0.8848958328125001 0.7083333328125 0.871875 0.672222221875 0.8703125 0.64351851875 0.8776041671874999 0.621296296875 0.8744791671875 0.577777778125 0.8614583328125001 0.5481481484375 0.8520833328125 0.5620370375 0.8432291671875 0.5620370375 0.8421875 0.5694444437499999 0.8484375 0.5879629625 0.8463541671874999 0.6120370375 0.8526041671875 0.61851851875
2 0.271875 0.91851851875 0.2677083328125 0.9120370375 0.2614583328125 0.915740740625 0.25729166718749996 0.89444444375 0.2598958328125 0.865740740625 0.2708333328125 0.8370370375 0.27395833281250004 0.7925925921875 0.27291666718749996 0.75555555625 0.278125 0.5629629625 0.2765625 0.546296296875 0.2713541671875 0.540740740625 0.24895833281250002 0.5379629625 0.23333333281250002 0.540740740625 0.23177083281250002 0.5796296296875 0.2364583328125 0.61944444375 0.23802083281250003 0.703703703125 0.23697916718749998 0.715740740625 0.2322916671875 0.728703703125 0.2265625 0.7824074078125001 0.2171875 0.815740740625 0.2114583328125 0.884259259375 0.209375 0.9990740734375001 0.2625 0.9990740734375001 0.2666666671875 0.9953703703125001 0.271875 0.91851851875
2 0.30625 0.60555555625 0.3494791671875 0.6009259265625 0.3619791671875 0.5925925921874999 0.3703125 0.58055555625 0.3838541671875 0.577777778125 0.3984375 0.5638888890625 0.3994791671875 0.5583333328125 0.39791666718749996 0.55 0.3916666671875 0.5481481484375 0.3390625 0.5518518515624999 0.290625 0.55 0.2802083328125 0.559259259375 0.2791666671875 0.571296296875 0.2786458328125 0.597222221875 0.28177083281250004 0.602777778125 0.290625 0.6 0.30625 0.60555555625
2 0.1816666671875 0.5648148140625 0.2046875 0.5861111109375 0.2125 0.584259259375 0.2166666671875 0.5796296296875 0.2166666671875 0.5759259265625001 0.22395833281250002 0.571296296875 0.22916666718749998 0.5740740734374999 0.2322916671875 0.565740740625 0.2322916671875 0.5481481484375 0.228125 0.54351851875 0.1848958328125 0.5416666671875 0.11927083281249999 0.5453703703125 0.115625 0.5490740734374999 0.11510416718750001 0.55648148125 0.11875 0.5620370375 0.1380208328125 0.5675925921875 0.1816666671875 0.5648148140625
2 0 0.577777778125 0.0046875 0.578703703125 0.0265625 0.5796296296875 0.0302083328125 0.5768518515625 0.0338541671875 0.5675925921875 0.0489583328125 0.55648148125 0.0447916671875 0.5509259265625001 0.0296875 0.547222221875 0.003125 0.55 0 0.5509259265625001 0 0.577777778125
2 0.9130208328125 0.5611111109375 0.9223958328125 0.571296296875 0.9536458328125 0.5648148140625 0.9703125 0.5453703703125 0.9713541671874999 0.5379629625 0.9703125 0.534259259375 0.9557291671874999 0.5333333328125 0.9138020828125001 0.5370370375 0.8833333328125 0.534259259375 0.8739583328125 0.5305555562500001 0.8729166671874999 0.5259259265625 0.8713541671874999 0.5296296296875 0.8713541671874999 0.5527777781250001 0.8755208328125 0.5574074078125 0.8927083328125001 0.5638888890625 0.9130208328125 0.5611111109375
2 0.7734375 0.56851851875 0.7973958328124999 0.5694444437499999 0.8010416671874999 0.575 0.8026041671874999 0.5944444437499999 0.8135416671875 0.6009259265625 0.8302083328125001 0.5879629625 0.834375 0.58055555625 0.834375 0.5638888890625 0.8270833328125 0.5518518515624999 0.7442708328125 0.55 0.7296875 0.5527777781250001 0.7286458328125 0.5675925921875 0.7473958328125 0.577777778125 0.7604166671875 0.5768518515625 0.7734375 0.56851851875
2 0.984375 0.825 0.9838541671875 0.80648148125 0.9770833328125 0.7888888890625 0.9619791671875 0.7898148140625 0.9520833328125 0.7824074078125001 0.9359375 0.7851851859375001 0.9244791671874999 0.7814814812499999 0.921875 0.784259259375 0.9182291671874999 0.8138888890624999 0.9197916671874999 0.821296296875 0.9630208328125001 0.8268518515625001 0.984375 0.825
3 0.7953125 0.540740740625 0.7916666671875 0.5324074078125001 0.7770833328125 0.5296296296875 0.7630208328125 0.5305555562500001 0.759375 0.5379629625 0.7583333328124999 0.54444444375 0.7609375 0.546296296875 0.7833333328125 0.5453703703125 0.7953125 0.540740740625
3 0.6026041671875 0.54351851875 0.6130208328125 0.5425925921875 0.6135416671875 0.54351851875 0.6171875 0.54351851875 0.6177083328124999 0.54444444375 0.6229166671875 0.54444444375 0.6244791671875001 0.540740740625 0.6244791671875001 0.5305555562500001 0.6239583328125 0.5296296296875 0.6083333328125 0.527777778125 0.603125 0.527777778125 0.6026041671875 0.5287037031249999 0.5994791671875 0.5287037031249999 0.5984375 0.5296296296875 0.5979166671875 0.5314814812499999 0.5979166671875 0.5361111109375 0.5989583328125 0.540740740625 0.6026041671875 0.54351851875
3 0.7109375 0.5296296296875 0.6916666671875 0.5296296296875 0.6932291671875 0.5379629625 0.6989583328125 0.5398148140625 0.7140625 0.5333333328125 0.7109375 0.5296296296875
3 0.22291666718749997 0.525 0.2192708328125 0.515740740625 0.1822916671875 0.5166666671875 0.18020833281249998 0.521296296875 0.1833333328125 0.5324074078125001 0.2182291671875 0.5324074078125001 0.22291666718749997 0.525
