0 0 0.6667670125 0.0094360296875 0.6668962984375 0.025455296875 0.66020281875 0.077644678125 0.653122365625 0.123438725 0.6657891203124999 0.156120490625 0.668700546875 0.086840596875 0.6739846953125 0.08607859531249999 0.6812346453125 0.1624118875 0.6798332734375 0.1785400125 0.6721040656249999 0.20140982031250002 0.678696384375 0.2110040640625 0.6770869125 0.226075771875 0.6681995374999999 0.281899521875 0.67511398125 0.30260206875 0.679907775 0.32836892500000003 0.692563890625 0.34390575 0.6941968765625 0.3707464078125 0.6891643375000001 0.3822579546875 0.7029400265625 0.40190414375000005 0.7065756421875 0.426421640625 0.7049639484375 0.441149428125 0.7033704468749999 0.4607807890625 0.6996744828125 0.48925919218749997 0.708950571875 0.49901669374999996 0.7057875218749999 0.5147316328125 0.71319855 0.529033925 0.707895328125 0.5718047453125 0.734380803125 0.5918393171874999 0.738057259375 0.62443696875 0.7268233296875 0.6443380921874999 0.7399100828125 0.6504909750000001 0.737415321875 0.6746423265625 0.7467602062500001 0.7002087968749999 0.742640875 0.7054908203125 0.7484317765624999 0.7333334046875 0.7450752796875 0.7399439890624999 0.7494350812499999 0.7524822921875 0.7497057781249999 0.764491203125 0.762486571875 0.8062699109375 0.764783409375 0.8253024984374999 0.766783815625 0.848902153125 0.7776414093749999 0.8643622765625001 0.768794859375 0.870087171875 0.774108740625 0.913560609375 0.7640179234375 0.9015121625000001 0.7590865609375 0.8634543140625001 0.7587515390624999 0.849152021875 0.7640547625 0.8250006953125 0.7547099 0.793981475 0.7509260640625001 0.7712972265625 0.7537775921875001 0.7442413484375 0.7347031265624999 0.7294269859375 0.7336696390624999 0.7080786781249999 0.7387558828125 0.7020198265625 0.7328833328125001 0.685597284375 0.7322044062499999 0.6739520828125001 0.734645446875 0.6520768140625 0.72606339375 0.6421485875 0.727114178125 0.6250902578125 0.7138026484375 0.5943802828125 0.7257585468750001 0.5787346 0.725161271875 0.5270227125 0.6940710125 0.5149965078125 0.7001370484375 0.503282046875 0.695764353125 0.49551363593750003 0.6949478609375 0.49041713906249995 0.6986008046875 0.45055827343750005 0.6855107109375 0.44624605468749995 0.692911084375 0.4330867609375 0.6873394 0.40797053749999995 0.69464746875 0.38343819843750004 0.68892758125 0.37109533125 0.6755881015625 0.34444011093750004 0.68064013125 0.3219117046875 0.6782722999999999 0.30691173437499997 0.6677949812499999 0.2781067609375 0.6616260031250001 0.2481913390625 0.660052503125 0.2246065296875 0.6565264875000001 0.20299352656249997 0.667867778125 0.1829515078125 0.660525540625 0.1625903625 0.6599562140625 0.13008140937499998 0.6581101234375 0.10204585 0.6483569921875 0.07707065156250001 0.643114125 0.063708490625 0.6469454421874999 0.0495620515625 0.647029328125 0.016896184375 0.65302033125 0 0.6621295828125 0 0.6667670125
3 1 0.27697283125 0.9164301406250001 0.6066128390625 0.8925627546875001 0.60246770625 0.8672431703125 0.6004611390625 0.8581867796875 0.597872703125 0.8155260890625 0.5950254546875 0.806678475 0.592786278125 0.789405421875 0.5912981203125 0.76765059375 0.58573845625 0.762333709375 0.580269921875 0.7582741078125 0.5791886109375 0.72854541875 0.5747547453124999 0.7124910015625 0.57568586875 0.6927218640625 0.574589990625 0.6528153718749999 0.56941370625 0.6504354625000001 0.5681816265624999 0.6500473140625 0.5648676921875 0.6484497703125001 0.5637178421875 0.6358966765625 0.564035028125 0.632910365625 0.562084584375 0.621639340625 0.5618818937500001 0.6093584562500001 0.5596091796875 0.600306684375 0.5593124281249999 0.597222915625 0.5606248796875 0.593959775 0.5589726546875 0.588290725 0.5623045796875 0.5810323937499999 0.562850953125 0.573675625 0.5604411578125 0.5674013875 0.5617455921875 0.5090846953125 0.551033865625 0.4842513765625 0.5494057203125 0.47245609843749997 0.5471840453125 0.4694697875 0.5452336015625 0.4568826671875 0.545874525 0.448972240625 0.5440611640624999 0.4464715359375 0.5421617609375 0.44224180312500005 0.5426991390625 0.4389786640625 0.5410469124999999 0.40931802812500007 0.535965571875 0.34865125468749997 0.5292619234375 0.3392113359375 0.5256512359375 0.3390273453125 0.5203948765625 0.3363565109375 0.520114159375 0.3336268625 0.525064284375 0.33081530312499996 0.5237868359375 0.3263427671875 0.5242986953125001 0.315101146875 0.521480584375 0.2868679234375 0.5191677796875 0.2836388109375 0.51719181875 0.2721590078125 0.51663986875 0.2679246546875 0.514885565625 0.2523512234375 0.5135760453125 0.2396960515625 0.5148644453125 0.23195575625 0.5114323953125 0.1868624125 0.5060382671875 0.18373537812500002 0.503091090625 0.16823 0.501134096875 0.1560217875 0.5005055890625 0.1500970515625 0.5031560140625 0.13851055 0.5012835953125 0.117668121875 0.5010568515625 0.0674666734375 0.49054344375000003 0.06285341250000001 0.49005857031250005 0.0561193328125 0.4926239296875 0.0469351 0.48969474375 0.039306121875 0.4898748484375 0.0365285875 0.4882736625 0 0.48411636874999997 0 0.613408684375 0.0093505390625 0.6137241796875 0.04032726875 0.6179619062499999 0.12653164374999998 0.631604746875 0.69845373125 0.6998990265625 0.734567975 0.7066406109375001 0.7593679265625 0.708919878125 0.76554470625 0.7108783390625 0.86305413125 0.7244001328125 0.868255078125 0.7239648328125 0.8703042015625 0.725489459375 0.8864018843749999 0.7288179640625 0.9190442125 0.733558065625 0.9373565296875 0.7345008265625 0.9644530296875 0.7406219218750001 0.977112821875 0.74162520625 1 0.5238682531250001 1 0.27697283125
0 0.7101325171874999 0.605162365625 0.7197341765624999 0.607218671875 0.7483610078125 0.607609603125 0.7660032203125 0.6078931578125 0.7774381531250001 0.6111893203125 0.7984202890625001 0.617059653125 0.8139026812499999 0.619210521875 0.82146076875 0.6257641734375 0.8342094031249999 0.620297653125 0.8498550859374999 0.6208949296874999 0.8622845343750001 0.6222013171875 0.882388425 0.6326915125 0.9040237015624999 0.632347603125 0.9134471859375 0.6286258796874999 0.882427965625 0.6248420625 0.87087681875 0.6189158171875 0.88235870625 0.6180283281250001 0.8660920375 0.612130028125 0.8692315671875 0.6009414 0.863793703125 0.6003698562500001 0.8610896 0.6074156640624999 0.8596052000000001 0.6140661015625 0.8397957249999999 0.6119840421875 0.8281505499999999 0.6144251046875 0.7980714437499999 0.6091693796875 0.7884079140625 0.603965096875 0.83113418125 0.608455809375 0.8555428781250001 0.6078798328125 0.8539743312500001 0.60038493125 0.83544643125 0.6010554390625 0.8177497875 0.6012897500000001 0.787895840625 0.59762840625 0.7640462875 0.60035745625 0.7365847015625 0.60008899375 0.719657475 0.596739134375 0.70915526875 0.5883052890625 0.7049766765625 0.5794889078125001 0.7033289593750001 0.58769291875 0.7070647390625 0.596986321875 0.6876585390625001 0.60227666875 0.6617358109375 0.5948399281250001 0.645258840625 0.5946788453125 0.6254345671875 0.585265190625 0.6133390734375 0.5845174890625 0.6343979109375 0.6008673359375 0.6473073328125001 0.6200257265625 0.6704220765625 0.635876009375 0.6841206828125 0.6359371171875 0.67111725625 0.62514611875 0.6595042359375001 0.6160719359375 0.647774915625 0.604367659375 0.6595908234375 0.6040388046875 0.6712434421875 0.60526354375 0.6832918890624999 0.6101949062500001 0.695496240625 0.6099068984375 0.7101325171874999 0.605162365625
0 0.5254292781250001 0.566903175 0.518539134375 0.561466840625 0.49419234218749997 0.5651907578124999 0.46450909375 0.563641659375 0.45945961406249997 0.5631109390625 0.44800987968749995 0.5524831796874999 0.438564090625 0.5452075187500001 0.4451969203125 0.5605647171875 0.458937603125 0.5792868515625 0.457413603125 0.5937867328124999 0.4529306828125 0.59907488125 0.4586159828125 0.6122381890625 0.4652265296875 0.6165980453125 0.464867809375 0.6312203625 0.4653403390625 0.6454065421874999 0.46274509531249997 0.651416640625 0.46847737812499995 0.6603962984375 0.47252316875 0.6595906859375 0.46989993593749996 0.6505979078124999 0.4730469109375 0.6430750625 0.47083512812499995 0.619281796875 0.4711542875 0.612508865625 0.46258676562499995 0.6006133828125 0.4653997296875 0.592531825 0.46648088593750003 0.5785089640625001 0.4624185359375 0.5723226703125001 0.4933759140625 0.572958553125 0.5254292781250001 0.566903175
0 0.393883315625 0.5892037328125 0.3864315921875 0.6077927578125 0.381342515625 0.6151114796875 0.38214161406249997 0.62619055 0.3774088296875 0.6450653046875 0.38369284062500003 0.6525322578125 0.3897937546875 0.624376953125 0.390664615625 0.616091271875 0.4014179875 0.584035940625 0.393883315625 0.5892037328125
0 0 0.523931765625 0.02711540625 0.5221313421875 0.031093640625000002 0.5141723015624999 0.057444396875000005 0.5138004234375 0.067993584375 0.5180506421875 0.0956259015625 0.520431328125 0.1328598453125 0.5248683609375 0.138040428125 0.5353607499999999 0.12947041718750002 0.5496436515625 0.1334164984375 0.5531998359375 0.144705440625 0.539202725 0.1402398453125 0.5256440296875 0.157882059375 0.5259275640625 0.16554902968750002 0.531445565625 0.21199621875000002 0.5378980796875 0.234462753125 0.5371179734375 0.24995256562499998 0.542934603125 0.272938675 0.5521569953125 0.29678078281250003 0.54576214375 0.3143759546875 0.550229340625 0.336345246875 0.550444121875 0.32012562031249997 0.5403621796875 0.30770355625 0.5427215875 0.2969292375 0.5368770109375001 0.2694750390625 0.5402743265625001 0.2543192125 0.535016384375 0.246543384375 0.5305340921874999 0.197827521875 0.5269845656250001 0.184069515625 0.527109259375 0.1612541328125 0.5199991125000001 0.14821111250000002 0.5170574984375 0.12124679687499999 0.515794171875 0.10004695 0.511995240625 0.08140277812499999 0.510035659375 0.06764476875 0.510160371875 0.0567541515625 0.5016856828125 0.04283284375 0.5033639296875 0.0239783703125 0.507141565625 0.013785414062500001 0.5144474156250001 0 0.5158274031250001 0 0.523931765625
0 0.003097371875 0.46827809218749994 0.0349800359375 0.4601104703125 0.029430818749999997 0.4867530609375 0.035704309375 0.48537212656250006 0.038902934374999996 0.46785282187500005 0.04608995625 0.45551886562500005 0.0639424703125 0.45006519999999994 0.073027078125 0.4159405875 0.0739375328125 0.3998055015625 0.0676287828125 0.407519596875 0.060424434375 0.4387004 0.0498974890625 0.44544757968750004 0.002220703125 0.46190306249999996 0.003097371875 0.46827809218749994
0 0.412376803125 0.8624319093749999 0.4189873859375 0.8667917296875001 0.42332926562499995 0.874054534375 0.4279977453125 0.87821023125 0.40831940156249996 0.8860898421875 0.3958256046875 0.9900150249999999 0.40036594843750006 0.9911038484375 0.4131190125 0.9002072312499999 0.4200338921875 0.890462540625 0.44221345625 0.8849401 0.464469690625 0.8898971937500001 0.4669338359375 0.8739253874999999 0.43769343125000004 0.87189925 0.42653066875 0.86601384375 0.4242397203125 0.8579194484375 0.41341836093750006 0.8562584921875 0.412376803125 0.8624319093749999
0 0.6125150625 0.939889271875 0.6428118828125 0.9430735968749999 0.6550632171874999 0.938601940625 0.6757113343750001 0.9439135999999999 0.7051076093749999 0.940720384375 0.7132174484375 0.9457613890625 0.74523863125 0.9512212140624999 0.7620966015625 0.9477573203125 0.775862025 0.9512984078125 0.8110375953125001 0.952901225 0.8448994359374999 0.963266703125 0.8806811625 0.9628389281249999 0.881769734375 0.9524818671874999 0.8465941640624999 0.9508790484375 0.812405753125 0.94362068125 0.769291040625 0.9390891421875001 0.7405553234375 0.939733915625 0.7124183484375 0.93468231875 0.699865184375 0.9270800390625 0.676574778125 0.9319621390625 0.653766809375 0.92851779375 0.6396822328125 0.931749596875 0.630135 0.9291754640625 0.6135492015625 0.9300500953125 0.602346846875 0.932014075 0.58845773125 0.9221771390625 0.5697120906250001 0.9249190234375 0.562767553125 0.92000051875 0.5561717984375 0.922972296875 0.54439549375 0.91545166875 0.51095915625 0.92345599375 0.5014663546875 0.9203639765625 0.48421255468749996 0.9201212468750001 0.46305229062500003 0.9084728906249999 0.464930628125 0.918679909375 0.48023433750000005 0.9280802906250001 0.5016518999999999 0.9298078015625 0.5114786875 0.9334585078125001 0.5463054421875 0.9271710390625 0.554088684375 0.9353191296875 0.560793265625 0.9313116375 0.5682895359375 0.9347173968750001 0.5854270578125 0.9323300765625 0.6002093015625001 0.9448787546874999 0.6125150625 0.939889271875
0 0.3679899328125 0.20802572968750002 0.40580219062499995 0.217235715625 0.43730260000000004 0.2257822734375 0.454994896875 0.23025966250000002 0.4741252484375 0.22572567187499998 0.49796548124999995 0.2184143734375 0.5117736296875 0.22248354843749998 0.5278825687500001 0.2326847328125 0.5459923843750001 0.23786048750000002 0.573453925 0.23812895781250001 0.5868352484375 0.2369175140625 0.607304659375 0.242995728125 0.62540516875 0.243589253125 0.6585570078125 0.24576471249999998 0.68421255 0.2445344015625 0.695175546875 0.24765008125 0.7083713765625 0.25754508593750003 0.72691351875 0.2588394609375 0.7422369890625 0.25783216875 0.7586180703125 0.26544408124999996 0.7668719953124999 0.266311603125 0.7972281828125001 0.2577217625 0.8152699609375 0.263544846875 0.83113771875 0.2573590046875 0.8462663171875 0.262875878125 0.8606938609375 0.2683190921875 0.8738896140625 0.2782140890625 0.9139068187499999 0.2804566703125 0.9349112093749999 0.27677410625 0.9490780750000001 0.28677117343749997 0.9544188874999999 0.287332515625 0.9678002109375001 0.28612109375 0.9826473578125 0.2896449890625 0.9927258968749999 0.3011757515625 0.9975935781249999 0.2735452828125 0.9808908562499999 0.27833442656249996 0.961810003125 0.2730566125 0.9537013828124999 0.2754766984375 0.9389810015625001 0.26607591249999996 0.9258037828125 0.2653454125 0.9159664281250001 0.2702016546875 0.876434778125 0.2680101078125 0.85788890625 0.2529715140625 0.8392936078125001 0.24774473437500003 0.8272915328125 0.24517435 0.8097630765625 0.2531490421875 0.7976157015625 0.2472910265625 0.789361778125 0.2464235046875 0.7703767296875 0.25424510312500004 0.7562965125 0.25276521406249997 0.7460912093750001 0.24711131874999998 0.7350601734375 0.2446429703125 0.720921153125 0.24839263125 0.7060739671875 0.24486873281250002 0.6921112468749999 0.23292972656250002 0.68378925 0.23270950625000003 0.6654165953125 0.2347052796875 0.6455780828125001 0.23196568593750003 0.6278177140625 0.22813560000000002 0.614096209375 0.2325836265625 0.5900920640625 0.22744281093750002 0.5821783203125 0.22333870625 0.5641550765625001 0.2266801203125 0.54992948125 0.22191261406249999 0.5421023109374999 0.22632567812499998 0.5162828562499999 0.215103875 0.49511455312499997 0.20633432499999999 0.4693322109375 0.21344149843750002 0.45497981093749995 0.21455087968750003 0.4292469671875 0.21184624843750002 0.4062045921875 0.20222524375 0.380821175 0.200866278125 0.3611187328125 0.19683207187500001 0.3394834453125 0.197175990625 0.3188779859375 0.192392390625 0.3029824234375 0.1848314859375 0.2937409625 0.19236826093749998 0.261600390625 0.1759008078125 0.2529969828125 0.1736876140625 0.240110446875 0.1795323140625 0.21740826562499999 0.166674753125 0.2016858859375 0.17614821249999998 0.1819339453125 0.181925784375 0.1709127140625 0.19766876875 0.21253511249999998 0.1831787 0.22342077031250002 0.1823594328125 0.24021933281250002 0.1906697046875 0.2590002390625 0.184790046875 0.29177166875 0.2045961421875 0.29905455625 0.20536160468750003 0.3090959828125 0.19856338906249998 0.3369936171875 0.208694703125 0.3553075015625 0.211928509375 0.3679899328125 0.20802572968750002
0 0.47854956406250004 0.10607067343750001 0.4607985 0.106822840625 0.44088268125 0.100148328125 0.4207720265625 0.099998009375 0.367286846875 0.0904496984375 0.33163938125 0.08866639531250001 0.3183848234375 0.0840009484375 0.302421225 0.0770873734375 0.2835042875 0.08426165 0.28834533281249997 0.083995584375 0.3100814015625 0.09294523125000001 0.32584089375 0.10180075 0.367596103125 0.10618939999999999 0.40039849375000003 0.10701921406249999 0.44715430156249997 0.1152057859375 0.4996003703125 0.1252993390625 0.5446274796874999 0.1359220921875 0.5392588593750001 0.1216140265625 0.507758453125 0.11306744375 0.47854956406250004 0.10607067343750001
0 0.41816176875 0.050638621875 0.41818961093749996 0.0643853625 0.449980696875 0.07950716875 0.4712665375 0.077817571875 0.449612753125 0.06899699375 0.42511378281249995 0.0592229078125 0.4244550828125 0.0421375390625 0.36215315625 0.02773575625 0.34816874375 0.039355278125 0.3193959515625 0.042221312500000004 0.2868657015625 0.0388022453125 0.2756800546875 0.028464075 0.2659695390625 0.0274434578125 0.24489711406249998 0.031773328125 0.231370415625 0.029697120312500002 0.21712628125000002 0.015765153125 0.21277848906250002 0.0212281125 0.228543878125 0.0379081203125 0.24762473125 0.043185934375 0.25747131562500003 0.0429119390625 0.2739018609375 0.040712026562499996 0.2859132015625 0.047864671875 0.3086649 0.0509104421875 0.3293291078125 0.050464496875 0.3480512484375 0.0498143828125 0.36356025000000003 0.03770065625 0.41816176875 0.050638621875
0 0.7831696874999999 0.1210714140625 0.7950449609375 0.129518671875 0.8054358328125 0.124066125 0.8141258140625001 0.1347964875 0.8223209703125001 0.140893565625 0.838878353125 0.1328168078125 0.8649019140625 0.1420966671875 0.868340809375 0.1280598390625 0.8550274812499999 0.1286239734375 0.8432295140624999 0.124111621875 0.8535430859375 0.11472411874999999 0.8508928125 0.107246421875 0.86495449375 0.0995618265625 0.857108784375 0.094810403125 0.8430470671875 0.102495009375 0.8459787875 0.1119656828125 0.832207784375 0.1262255265625 0.8229920578125001 0.1298381515625 0.814991703125 0.11721687812499999 0.822818875 0.1128038125 0.8373259187500001 0.11956429843750001 0.838278415625 0.11050189531250001 0.81559475625 0.10680878281249999 0.80638833125 0.1150036984375 0.7840448453125 0.108074053125 0.7741395296875 0.1135776359375 0.7484654171875 0.10564341875000001 0.7187215484375 0.108407415625 0.7024085046875 0.1001481734375 0.6945720640624999 0.099979 0.7022909703125 0.110607296875 0.6948720125000001 0.1111364609375 0.62768944375 0.096750115625 0.6784414671875 0.1133363578125 0.6973862515625 0.11990878593750001 0.7105541984375 0.116057059375 0.7231778624999999 0.1173838609375 0.73863736875 0.115081915625 0.748697328125 0.11744822343750001 0.7599324734375 0.117974590625 0.7738859265625 0.125331371875 0.7831696874999999 0.1210714140625
0 0.8684754781249999 0.196793034375 0.8998120093749999 0.19288750625 0.9102307250000001 0.2011816875 0.9370614078124999 0.198111515625 0.9519952015625 0.21015258593750002 0.9824101953125 0.19633319375 0.963892165625 0.1950413265625 0.951277771875 0.198296775 0.93891698125 0.18979847656249998 0.92885698125 0.1874321890625 0.9136788890625 0.1917270953125 0.8989585046874999 0.1823263359375 0.86485416875 0.18921328906249998 0.8489586421875 0.18165238749999998 0.8134471718749999 0.1785744640625 0.7967259140625 0.1741991109375 0.7741103234375 0.1698587203125 0.7442118468750001 0.16475286718749999 0.722013703125 0.1611108078125 0.6891433109375 0.1609283265625 0.6678296671874999 0.1488711640625 0.6457861703125001 0.1530989703125 0.62246238125 0.1414849921875 0.6036815140625 0.14736465468749999 0.5731521421875 0.13892015625 0.5596499125000001 0.14851537343750001 0.6080697890625 0.15698843125 0.6217912921875001 0.15254040468750002 0.6462222265625 0.1629618109375 0.665352540625 0.158427815625 0.690618440625 0.17024591875 0.72563505 0.16869055625 0.7714198203125 0.17677506406250001 0.793491159375 0.1862940109375 0.8490452140625001 0.19016957968749998 0.8684754781249999 0.196793034375
2 0.8657084156250001 0.131586334375 0.8646149578125 0.13965425468749998 0.8691694062499999 0.14536996875 0.9661932265625 0.158840721875 0.9687913890625 0.1574772296875 0.9766371375 0.12720703125 0.9737823125 0.1216699546875 0.9703103953125 0.119668471875 0.933010278125 0.11522285937500001 0.8766564140625001 0.109170415625 0.8657084156250001 0.131586334375
3 0.0650135734375 0.16820874218749998 0.0630077140625 0.17094374375000002 0.0502764953125 0.20331896875000002 0.027718456250000002 0.263792290625 0.0252748765625 0.2730275640625 0.029008076562500002 0.28422129687500003 0.032552665625 0.2878669859375 0.10759902031249999 0.28855377187500003 0.1152481640625 0.2811748796875 0.14490337656250002 0.19755358750000002 0.1476300921875 0.1739462625 0.1412445375 0.17163854375 0.083321271875 0.16685981875 0.0650135734375 0.16820874218749998
1 0.6197613109375 0.2667746875 0.6133942343750001 0.2736337 0.613335421875 0.2788645421875 0.622333 0.2866838171875 0.63149146875 0.2883010375 0.6381152078125 0.28834259375000004 0.63873691875 0.28709868125 0.6391112078125001 0.28353756875 0.6362084953125 0.27144918125 0.632731959375 0.267156015625 0.6243019000000001 0.265615353125 0.6197613109375 0.2667746875
3 0.23033956406249997 0.0080603453125 0.2209420609375 0.007072628124999999 0.20465530781250002 0.0387593859375 0.1981089734375 0.059953157812500005 0.18390628125 0.096465659375 0.1890484484375 0.105067846875 0.19186710468749998 0.11112247187499999 0.22544122500000002 0.120409628125 0.27936675625 0.11686403281249999 0.29507114687499997 0.09893616093749999 0.286615175 0.08077228125 0.2366405140625 0.046727865625 0.23295128437499998 0.032520015624999996 0.23033956406249997 0.0080603453125
