2 0.5891927078125 0.075439453125 0.5940755203125 0.091796875 0.5973307296875 0.095458984375 0.5999348953125 0.102783203125 0.5992838546875 0.1175537109375 0.5921223953125 0.126220703125 0.5869140625 0.140869140625 0.58203125 0.142578125 0.5810546875 0.14453125 0.5719401046875 0.146240234375 0.5667317703125 0.1494140625 0.564453125 0.15380859375 0.564453125 0.1630859375 0.5699869796875 0.216552734375 0.5755208328125 0.2392578125 0.5758463546875 0.2509765625 0.5810546875 0.25927734375 0.5823567703125 0.267822265625 0.5852864578125 0.270751953125 0.5846354171875 0.274658203125 0.5797526046875 0.2763671875 0.5787760421875 0.28369140625 0.5797526046875 0.29736328125 0.5833333328125 0.312744140625 0.5813802078125 0.322509765625 0.5830078125 0.3291015625 0.5862630203125 0.365234375 0.587890625 0.368896484375 0.5953776046875 0.369384765625 0.5992838546875 0.3681640625 0.603515625 0.3681640625 0.6116536453125 0.3701171875 0.615234375 0.3720703125 0.623046875 0.3720703125 0.6279296875 0.37353515625 0.6344401046875 0.385009765625 0.6409505203125 0.392578125 0.640625 0.404052734375 0.6455078125 0.4130859375 0.6474609375 0.431884765625 0.6513671875 0.439208984375 0.6536458328125 0.451416015625 0.6490885421875 0.458740234375 0.6487630203125 0.463134765625 0.6500651046875 0.466796875 0.6539713546875 0.464111328125 0.662109375 0.462890625 0.6627604171875 0.43115234375 0.6611328125 0.407470703125 0.658203125 0.39306640625 0.65234375 0.385498046875 0.6458333328125 0.3701171875 0.64453125 0.337158203125 0.6474609375 0.323486328125 0.6468098953125 0.314208984375 0.6442057296875 0.2978515625 0.6393229171875 0.282958984375 0.6331380203125 0.252197265625 0.6302083328125 0.220703125 0.6266276046875 0.21435546875 0.625 0.20703125 0.615234375 0.185791015625 0.6136067703125 0.17919921875 0.6162109375 0.161865234375 0.615234375 0.150146484375 0.6136067703125 0.14794921875 0.611328125 0.13916015625 0.6116536453125 0.1220703125 0.6100260421875 0.113037109375 0.6080729171875 0.08154296875 0.609375 0.072021484375 0.6064453125 0.061279296875 0.6051432296875 0.047607421875 0.603515625 0.04443359375 0.5947265625 0.04345703125 0.5914713546875 0.0419921875 0.5810546875 0.044921875 0.5823567703125 0.052734375 0.5852864578125 0.059326171875 0.5856119796875 0.068603515625 0.5891927078125 0.075439453125
2 0.3531901046875 0.968017578125 0.3505859375 0.978515625 0.3408203125 0.99365234375 0.341796875 0.9951171875 0.3492838546875 0.997314453125 0.3544921875 0.99658203125 0.3583984375 0.999755859375 0.720703125 0.999755859375 0.7203776046875 0.989013671875 0.7119140625 0.9892578125 0.705078125 0.98779296875 0.6969401046875 0.988525390625 0.6878255203125 0.98583984375 0.685546875 0.983642578125 0.6578776046875 0.981689453125 0.654296875 0.980224609375 0.642578125 0.979248046875 0.6383463546875 0.977294921875 0.6344401046875 0.977294921875 0.623046875 0.974609375 0.6184895828125 0.9697265625 0.619140625 0.966552734375 0.6158854171875 0.960205078125 0.615234375 0.9521484375 0.6110026046875 0.9482421875 0.6110026046875 0.94287109375 0.6070963546875 0.943603515625 0.603515625 0.9423828125 0.599609375 0.945556640625 0.587890625 0.943359375 0.5725911453125 0.945556640625 0.564453125 0.944580078125 0.560546875 0.945556640625 0.5550130203125 0.945068359375 0.5367838546875 0.93896484375 0.5296223953125 0.927490234375 0.5296223953125 0.923828125 0.5279947921875 0.920654296875 0.5260416671875 0.91845703125 0.5221354171875 0.9169921875 0.515625 0.917236328125 0.5003255203125 0.92431640625 0.490234375 0.927490234375 0.4690755203125 0.927001953125 0.4596354171875 0.9287109375 0.4352213546875 0.93017578125 0.4176432296875 0.9267578125 0.4039713546875 0.925537109375 0.3974609375 0.927001953125 0.373046875 0.9287109375 0.37109375 0.930419921875 0.3714192703125 0.93408203125 0.36328125 0.95068359375 0.3626302078125 0.955810546875 0.3531901046875 0.968017578125
2 0.6227213546875 0.189453125 0.6259765625 0.19384765625 0.6311848953125 0.19482421875 0.6350911453125 0.197998046875 0.6546223953125 0.201904296875 0.6611328125 0.205078125 0.6708984375 0.20751953125 0.6888020828125 0.2158203125 0.7047526046875 0.214111328125 0.7122395828125 0.211669921875 0.7213541671875 0.21044921875 0.7259114578125 0.209228515625 0.734375 0.204833984375 0.7379557296875 0.20556640625 0.7477213546875 0.204833984375 0.7600911453125 0.191650390625 0.7711588546875 0.185791015625 0.7747395828125 0.1826171875 0.7861328125 0.178955078125 0.7913411453125 0.17919921875 0.7945963546875 0.180419921875 0.7978515625 0.179443359375 0.8011067703125001 0.181640625 0.8063151046874999 0.182373046875 0.826171875 0.183349609375 0.8297526046874999 0.185546875 0.8317057296874999 0.18505859375 0.8336588546874999 0.181884765625 0.8304036453125001 0.176513671875 0.826171875 0.1728515625 0.8069661453125001 0.172119140625 0.7998046875 0.170654296875 0.7994791671875 0.169677734375 0.794921875 0.168212890625 0.7845865890625 0.16845703125 0.779296875 0.165771484375 0.7109375 0.16259765625 0.69140625 0.16259765625 0.68359375 0.1611328125 0.6305338546875 0.158935546875 0.623046875 0.159912109375 0.6194661453125 0.16162109375 0.6149088546875 0.170654296875 0.6139322921875 0.17626953125 0.6171875 0.185791015625 0.6188151046875 0.18896484375 0.6227213546875 0.189453125
2 0.685546875 0.509765625 0.6936848953125 0.51318359375 0.697265625 0.51806640625 0.7044270828125 0.521484375 0.7086588546875 0.5205078125 0.7132161453125 0.521484375 0.7158203125 0.520263671875 0.7200520828125 0.52197265625 0.7216796875 0.521240234375 0.734375 0.523193359375 0.7366536453125 0.524658203125 0.7373046875 0.527587890625 0.7425130203125 0.529052734375 0.74609375 0.532958984375 0.7496744796875 0.534912109375 0.7516276046875 0.537841796875 0.7552083328125 0.537109375 0.759765625 0.53857421875 0.818359375 0.54296875 0.8352864578125001 0.540771484375 0.8811848953125001 0.541015625 0.8844401046874999 0.539794921875 0.89453125 0.539306640625 0.908203125 0.536865234375 0.9137369796874999 0.53466796875 0.9615885421874999 0.536376953125 0.9632161453125001 0.537109375 0.96484375 0.53466796875 0.9671223953125001 0.5341796875 0.9694010421874999 0.531982421875 0.97265625 0.531494140625 0.9768880203125001 0.532470703125 0.98046875 0.531982421875 0.9860026046874999 0.53759765625 0.9886067703125001 0.537109375 0.9944661453125001 0.538330078125 0.9964192703125001 0.535888671875 0.9964192703125001 0.520751953125 0.9977213546874999 0.517578125 0.9996744796874999 0.517333984375 0.9996744796874999 0.50390625 0.998046875 0.50390625 0.994140625 0.500244140625 0.9860026046874999 0.50048828125 0.9820963546874999 0.501708984375 0.9768880203125001 0.499755859375 0.9212239578125001 0.495849609375 0.9124348953125001 0.494140625 0.90625 0.494384765625 0.8688151046874999 0.490234375 0.8268229171874999 0.48828125 0.802734375 0.4853515625 0.7529296875 0.482177734375 0.7356770828125 0.48193359375 0.7320963546875 0.4833984375 0.7268880203125 0.483642578125 0.7213541671875 0.48193359375 0.6852213546875 0.481201171875 0.6800130203125 0.482421875 0.6751302078125 0.490234375 0.6748046875 0.49853515625 0.68359375 0.501220703125 0.6858723953125 0.505615234375 0.685546875 0.509765625
3 0.1920572921875 0.09521484375 0.15625 0.11474609375 0.21321614531250002 0.169677734375 0.4361979171875 0.15380859375 0.4378255203125 0.130615234375 0.1920572921875 0.09521484375
3 0.9993489578125001 0.1904296875 0.8528645828125001 0.174560546875 0.8382161453125001 0.191650390625 0.9879557296874999 0.26123046875 0.9996744796874999 0.240478515625 0.9993489578125001 0.1904296875
2 0.5631510421875 0.870361328125 0.56640625 0.849609375 0.5940755203125 0.814208984375 0.595703125 0.794677734375 0.5810546875 0.75439453125 0.517578125 0.703125 0.4801432296875 0.6982421875 0.3694661453125 0.74462890625 0.3694661453125 0.88623046875 0.4622395828125 0.906982421875 0.5517578125 0.892333984375 0.5631510421875 0.870361328125
1 0.35022255156250004 0.7006197515625 0.415157434375 0.69845525625 0.4166666671875 0.697021484375 0.3873697921875 0.626220703125 0.3548177078125 0.635986328125 0.34839925625 0.6997697015625 0.35022255156250004 0.7006197515625
2 0.4899088546875 0.39306640625 0.4833984375 0.382080078125 0.4410807296875 0.41259765625 0.439453125 0.443115234375 0.48828125 0.4638671875 0.5387369796875 0.465087890625 0.5387369796875 0.46630859375 0.52734375 0.48583984375 0.5094401046875 0.499267578125 0.4996744796875 0.531005859375 0.5322265625 0.546875 0.576171875 0.54443359375 0.5598958328125 0.460205078125 0.5078125 0.430908203125 0.4899088546875 0.39306640625
0 0 0.91796875 0.0048828125 0.916748046875 0.0276692703125 0.916748046875 0.09765625 0.91552734375 0.126953125 0.914306640625 0.1578776046875 0.916748046875 0.20182291718749998 0.9130859375 0.21321614531250002 0.908203125 0.23111979218749998 0.904541015625 0.2522786453125 0.90087890625 0.2685546875 0.8837890625 0.2962239578125 0.902099609375 0.3059895828125 0.91552734375 0.3271484375 0.927734375 0.37109375 0.946044921875 0.3776041671875 0.931396484375 0.3759765625 0.924072265625 0.37109375 0.91552734375 0.3662109375 0.909423828125 0.3531901046875 0.892333984375 0.3434244796875 0.882568359375 0.3336588546875 0.877685546875 0.3108723953125 0.87158203125 0.29296875 0.869140625 0.2750651046875 0.86669921875 0.244140625 0.869140625 0.20670572968749998 0.869140625 0.1529947921875 0.875244140625 0.1285807296875 0.88134765625 0.08626302031250001 0.88623046875 0.0406901046875 0.889892578125 0 0.89599609375 0 0.91796875
