2 0.135498046875 0.23014322968749998 0.1396484375 0.22916666718749998 0.16835678125 0.21754895468750002 0.18816375624999998 0.2205266796875 0.19569597968750002 0.21606010625 0.20545998437500002 0.21829338593749997 0.21494502031249998 0.217176775 0.21912959375000002 0.2115935625 0.22666183750000002 0.211221325 0.245073934375 0.2168045375 0.32480600625 0.215315703125 0.3379176609375 0.20563811250000003 0.3833900296875 0.20228820781249998 0.41630863749999997 0.20303261093749997 0.43798828125 0.21321614531250002 0.44384765625 0.21419270781250002 0.446044921875 0.212890625 0.447265625 0.20442708281250002 0.44677734375 0.20149739531250002 0.44384765625 0.197265625 0.437744140625 0.1943359375 0.431884765625 0.1852213546875 0.418701171875 0.1813151046875 0.298583984375 0.1861979171875 0.28271484375 0.1881510421875 0.27685546875 0.1904296875 0.259765625 0.1920572921875 0.21989555312500003 0.19223839375000001 0.20455211874999998 0.2026603875 0.1866979359375 0.19298285312500002 0.1748046875 0.1943359375 0.166748046875 0.1966145828125 0.15771484375 0.1966145828125 0.154541015625 0.1953125 0.135498046875 0.1966145828125 0.133544921875 0.197265625 0.134765625 0.2041015625 0.1318359375 0.21028645781250002 0.128662109375 0.212890625 0.128173828125 0.22102864531250002 0.12939453125 0.224609375 0.1318359375 0.228515625 0.135498046875 0.23014322968749998
0 0.0604370296875 0.084333403125 0.05792628125 0.09661646874999999 0.062110854687499994 0.102571903125 0.0604370296875 0.11187725781249999 0.0668533609375 0.103688571875 0.0623898421875 0.0943831890625 0.0668533609375 0.07540027187500001 0.06964307656249999 0.05492849062500001 0.071037934375 0.0411565640625 0.069922065625 0.029245706249999996 0.06601648125000001 0.0419009953125 0.06490056875 0.060511703125 0.061273931250000004 0.07540027187500001 0.0604370296875 0.084333403125
1 0.11387302656250001 0.0168686703125 0.1025112890625 0.0116576515625 0.09629783125 0.0097627625 0.0861787640625 0.007867837499999999 0.077302396875 0.0107102015625 0.071799053125 0.020895334374999998 0.071799053125 0.0270537828125 0.0735743265625 0.0348702890625 0.0786132765625 0.036458334375 0.0938124328125 0.034633428125 0.1076595703125 0.029185559374999996 0.11263034062499999 0.024685146875 0.11387302656250001 0.0168686703125
1 0.03260579375 0.1278253078125 0.024439539062499998 0.1294833546875 0.0185811453125 0.128772765625 0.008994665625 0.1311414015625 0.0210665171875 0.13374689687500002 0.0263923375 0.13256257968750002 0.03455860625 0.1313782625 0.0393518390625 0.1259304015625 0.047518093750000004 0.125456671875 0.049470890625 0.1209562609375 0.0455652953125 0.12190371874999999 0.0382866765625 0.12332489687499999 0.03260579375 0.1278253078125
0 0.0129836515625 0.20365588437499998 0.013871287500000001 0.21313042656249997 0.0163566734375 0.21928889375 0.016889246875 0.22592105468749998 0.0200847453125 0.227579109375 0.0202622703125 0.2183414171875 0.0163566734375 0.20768255781249997 0.017066771875 0.2003398078125 0.0144038625 0.195365659375 0.0090780421875 0.1929970234375 0.0058825578125 0.188733471875 0.00020167499999999998 0.188733471875 0.00048827656250000003 0.1941879734375 0.0044623328125 0.1929970234375 0.00641513125 0.19702369687500002 0.011740951562500001 0.1984448828125 0.0129836515625 0.20365588437499998
0 0.0112189125 0.22638358749999998 0.010467834375 0.23019161562499998 0.0115193390625 0.2342000765625 0.0097167578125 0.2396115 0.0128712796875 0.248430115625 0.018729684375 0.2564470359375 0.0254893796875 0.2636622625 0.028193249999999996 0.2696749671875 0.031648209375 0.27789229375 0.0340516546875 0.2804977984375 0.0340516546875 0.273683428125 0.031347771875 0.2656664921875 0.026390668750000002 0.25805041875 0.021133128125 0.2524385765625 0.0170773046875 0.24642588437500001 0.014072996874999999 0.24181615 0.015437195312499999 0.23442507968749998 0.0245880765625 0.23620430625000002 0.0197811875 0.23179500156250002 0.015274725 0.2279869625 0.0112189125 0.22638358749999998
1 0.08740234375 0.3235677078125 0.091796875 0.3076171875 0.09765625 0.2724609375 0.0966796875 0.26171875 0.09130859375 0.24544270781250002 0.088134765625 0.23990885468749998 0.0810546875 0.23470052031250002 0.072509765625 0.23372395781250002 0.044189453125 0.23470052031250002 0.030517578125 0.23860677031250002 0.031982421875 0.24446614531250002 0.05126953125 0.2763671875 0.083740234375 0.32421875 0.08740234375 0.3235677078125
3 0.662109375 0.166015625 0.693359375 0.1585286453125 0.71826171875 0.1468098953125 0.723876953125 0.140625 0.728515625 0.1298828125 0.728759765625 0.1266276046875 0.71484375 0.083984375 0.71240234375 0.0830078125 0.67724609375 0.08821614531250001 0.673583984375 0.09016927031250001 0.65185546875 0.126953125 0.6513671875 0.1295572921875 0.6513671875 0.1416015625 0.65625 0.1617838546875 0.658203125 0.1647135421875 0.662109375 0.166015625
3 0.07223010625000001 0.184790215625 0.11206725937499999 0.19000121406249998 0.2038488953125 0.1858324 0.2375571625 0.1785370140625 0.2586474171875 0.16655170156250002 0.2772742171875 0.15300315312499999 0.2917249296875 0.13372241406250002 0.2952399484375 0.117047215625 0.290943821875 0.0998509234375 0.2666015625 0.1025390625 0.0620755484375 0.11339953124999999 0.026925134375 0.11235732812500002 0.0230195328125 0.13372241406250002 0.0296590734375 0.14622881875 0.0419921875 0.158203125 0.0534832375 0.17280490312500002 0.07223010625000001 0.184790215625
3 0.521728515625 0.1285807296875 0.529296875 0.1279296875 0.542724609375 0.1233723953125 0.551513671875 0.1171875 0.566162109375 0.09147135468749999 0.55126953125 0.09016927031250001 0.50927734375 0.091796875 0.50390625 0.0947265625 0.503173828125 0.095703125 0.506591796875 0.1097005203125 0.51318359375 0.1201171875 0.521728515625 0.1285807296875
3 0.871635809375 0.1636414296875 0.9278764781250001 0.164162521875 0.97825874375 0.139149771875 0.9997395515624999 0.1099681484375 0.999755859375 0.067856346875 0.994140625 0.0652521796875 0.82177734375 0.074692284375 0.800048828125 0.078598534375 0.8083650765625 0.1120525359375 0.81396484375 0.1368667640625 0.8517172484375 0.1579093203125 0.871635809375 0.1636414296875
