0 0 0.372710903125 0.11919765468750002 0.35948838437499997 0.176121578125 0.36233796875 0.18339120312499999 0.3614453703125 0.2629388953125 0.35823744999999996 0.3277489828125 0.355199253125 0.40167831249999997 0.336282909375 0.4588220640625 0.3309063671875 0.509687965625 0.3344997828125 0.561942353125 0.3494015046875 0.6182926859375 0.337563071875 0.66235009375 0.31575523125 0.7075976328125 0.303640221875 0.805560690625 0.28013308124999997 0.8514032953124999 0.272864490625 0.9188349453125 0.271144234375 0.9698562546874999 0.2960363203125 0.9715934125000001 0.24006889999999997 0.9657552203125 0.23258660312499999 0.8742898406249999 0.2388976578125 0.7995885656249999 0.24151051406250001 0.73537354375 0.24939512656249999 0.722045896875 0.25103155625 0.682877853125 0.25256113281250003 0.641243653125 0.2740714421875 0.6012821890625 0.2691391296875 0.516271540625 0.277937296875 0.40621391406249996 0.2930905015625 0.3068623703125 0.3052893375 0.2959579328125 0.30662823437500003 0.24771359375 0.3043527578125 0.24306553281249998 0.30656329531250004 0.214780453125 0.316595575 0.2075108265625 0.3174881734375 0.16510468125 0.32269499375 0.1521737453125 0.327562365625 0.1225001796875 0.326286340625 0.078882428125 0.3316419265625 0.0780890078125 0.32518003906250004 0.0844312796875 0.2866852796875 0.0915240234375 0.27433561093750003 0.0946281921875 0.2395180953125 0.072840790625 0.23235428906250002 0.0704175828125 0.232651821875 0.060703275 0.2436835515625 0.06026361718749999 0.26013580625 0.05497754218749999 0.2771831265625 0.057357803124999995 0.29656879375 0.061346378125 0.3190366375 0.058285156250000004 0.334170953125 0.0376878859375 0.33669998125 0.007815965625 0.3338084828125 0 0.3361180875 0 0.372710903125
0 0 0.43255880312499995 0.0205106875 0.43719870624999996 0.08758857656249999 0.41256430625 0.110432175 0.398280675 0.11717115625 0.3630168609375 0.10725849375 0.37243311874999996 0.0500717953125 0.3974928625 0.0246066328125 0.41045855312499996 0 0.42329856250000003 0 0.43255880312499995
0 0 0.47919191562499996 0.007670737499999999 0.49288955156250003 0.0088823421875 0.49274078593750004 0.047080084375 0.473292246875 0.0840018015625 0.48351727499999997 0.133875928125 0.47903332968749995 0.1581080125 0.4760580046875 0.1678223203125 0.46502627499999993 0.1753332484375 0.44606595000000004 0.147906009375 0.43303531875 0.0427162734375 0.43775185937499994 0 0.47448076875 0 0.47919191562499996
0 0.5962057625 0.09758058124999999 0.5479828984374999 0.08546350625 0.5251607734375 0.0899055359375 0.48231496875 0.11156461250000001 0.4487652875 0.1288026125 0.441560084375 0.10017041093750001 0.42113969375 0.11415650937499999 0.42612004531250003 0.1447017171875 0.3823254125 0.13860023125 0.346835128125 0.12000030937499999 0.3458218796875 0.121764546875 0.28156390937500003 0.149332359375 0.2597979828125 0.132326953125 0.24384877343750003 0.13264544375 0.21272229999999998 0.1495859109375 0.1739939140625 0.1346632328125 0.160049728125 0.1412948453125 0.13780119531249999 0.16042489375 0.081054153125 0.16903238125 0.0378331125 0.1776189125 0.0335173390625 0.21258519374999998 0.3372547546875 0.162172309375 0.3662903078125 0.17828511875 0.412706503125 0.1857045453125 0.489477225 0.15988001406250002 0.519788803125 0.14631925625 0.57063323125 0.159754271875 0.6197139375 0.1488084375 0.5962057625 0.09758058124999999
0 0.911178790625 0.44918562812499996 0.8638618062500001 0.4845123125 0.8553591031250001 0.4953952765625 0.8512631578125 0.5221354296875 0.8804167968750001 0.54562175 0.861046978125 0.5717687703125 0.9138749562499999 0.601358509375 0.9306605328125 0.5878187078125 0.92854305 0.5405237140625 0.9237825281250001 0.50175238125 0.94120611875 0.473375796875 0.9604149046874999 0.45953846406250004 0.9818914921875 0.42410492812499995 0.9916272734374999 0.403231596875 0.9826368734375001 0.36006014531249997 0.9541319640625 0.378318553125 0.9252732937499999 0.3736628171875 0.96955053125 0.34362884843749997 0.9314601578125 0.3138693875 0.8092650156250001 0.340351853125 0.8103907234375001 0.3795694859375 0.8450875874999999 0.39170751875 0.8872953796875 0.3848852265625 0.9058876265625001 0.37604307812500004 0.9161325765624999 0.3993825640625 0.904568653125 0.4253998421875 0.89688084375 0.4329030953125 0.8712173265625 0.444253315625 0.8964411859375 0.44935535 0.9128085796875001 0.44242620625000006 0.911178790625 0.44918562812499996
3 0 0.0994265984375 0.0523457984375 0.0954854453125 0.0459769640625 0.053631934375 0 0.058546521875 0 0.0994265984375
3 0.4694186921875 0 0.18995950781249998 0.0343132734375 0.19778125 0.057950292187499995 0.5105520109375 0.031025662500000002 0.5045771328125 0 0.4694186921875 0
0 0.809689403125 0.053329987499999995 0.9483643984375 0.060900246874999994 0.947570978125 0.054438357812500004 0.8549798890625 0.0215317796875 0.806338840625 0.0160253578125 0.809689403125 0.053329987499999995
3 1 0.5574848859375 0.011621454687500001 0.6252304671875 0.1037084640625 0.7041141 1 0.6421431578125001 1 0.5574848859375
3 0.27045126875 1 0.33764923750000003 0.9066054187500001 0.24836576406250002 0.9306866671874999 0.153748178125 0.9013085671875001 0.158936071875 1 0.27045126875 1
3 0.5086883265625 1 0.81033536875 0.9600751078125 0.672219334375 0.9482027609375001 0.5539335890625 0.9666883421874999 0.6116916609375 0.9440748343750001 0.60650781875 0.7424075609375 0.56515786875 0.7261669421875 0.50728511875 0.6955567984375 0.440250178125 0.7005079984375 0.42359853437500006 0.7451880703125 0.4212663109375 0.7963090734375 0.42693271250000003 0.8825241687500001 0.44588381093749996 0.9867860343749999 0.42682960000000003 1 0.5086883265625 1
