1 0.3845525234375 0.24549013749999998 0.3843800171875 0.2427142421875 0.380687578125 0.2422661375 0.37838705625 0.243945559375 0.3791216828125 0.24655291875000002 0.3835145390625 0.247215159375 0.3845525234375 0.24549013749999998
2 0.40347247968750005 0.0892467890625 0.4014485578125 0.0916915640625 0.3965709140625 0.09428505312499999 0.396777628125 0.09945416875 0.39461540624999997 0.101516265625 0.3912754296875 0.1141109109375 0.3830741765625 0.13509075312500002 0.38072905625 0.1452664 0.37502759218750004 0.1622449828125 0.37199989218749996 0.168808 0.3609256078125 0.202525246875 0.358573040625 0.2052099390625 0.356245759375 0.21198709531249998 0.35195405156250004 0.2276947125 0.3518410390625 0.23140449843750002 0.348269059375 0.23473756406250001 0.34763705625 0.2393098625 0.3448175421875 0.24185179687499997 0.3435453484375 0.24810053906250001 0.34206644218750004 0.24918016718749997 0.3416679109375 0.2538238453125 0.33917704375 0.2561258609375 0.33888260468750003 0.2587589984375 0.33976444843750003 0.26004978749999996 0.3370311890625 0.2639796703125 0.3372899484375 0.26814351406250003 0.33517085468749996 0.27089958593749996 0.3346771484375 0.2758545609375 0.3327484 0.27798804062500004 0.32459919375 0.2979626109375 0.3182315171875 0.317120271875 0.3145554453125 0.3224638796875 0.3128765375 0.330460446875 0.3077208234375 0.34147878125000003 0.30807475625 0.3453313296875 0.3061712953125 0.351557271875 0.3018290125 0.3590799578125 0.30086836250000004 0.36389217500000004 0.2889999578125 0.3885163796875 0.280495346875 0.41382860312499997 0.279958515625 0.41808960624999997 0.273608678125 0.4338487765625 0.26804551249999997 0.45121003593750003 0.2643173953125 0.45755891406250004 0.2609432109375 0.46776033906250003 0.25943828125 0.469342603125 0.258296203125 0.47307816875 0.2590397484375 0.47398628125000003 0.0965490671875 0.70819686875 0.092994928125 0.7081314421875 0.09067656874999999 0.713209353125 0.0874421546875 0.71460325625 0.0894913640625 0.7162509453125 0.0910557890625 0.721154365625 0.0953623921875 0.720428659375 0.1031963765625 0.724866115625 0.1018193546875 0.7377205015625 0.09961400625 0.739088625 0.1003828390625 0.7440892031249999 0.0991455890625 0.748136065625 0.103270765625 0.746333709375 0.1096570625 0.745903434375 0.1135093640625 0.7470812015625 0.1128342328125 0.7509595265625 0.11408784999999999 0.7527043734375 0.11821302812500001 0.7509020171875 0.12054775625 0.751615815625 0.12174932812499999 0.7543659328125 0.123020784375 0.7527122890625 0.126955615625 0.751532528125 0.128978065625 0.758277953125 0.135887078125 0.76073064375 0.140297775 0.7579943953125 0.144205846875 0.76191236875 0.148192725 0.7597273359375001 0.155672775 0.76031224375 0.15707361250000001 0.7607405234375 0.1595288 0.7652354890625 0.1657463140625 0.7657747953125 0.168661 0.762921565625 0.172387646875 0.7657628875 0.17432384375 0.7711203656250001 0.16898523125 0.7902522484375 0.16505039999999999 0.7914320125 0.1626457859375 0.795121975 0.1649537546875 0.800933509375 0.1723297125 0.8035289593750001 0.17467336093750002 0.8025435125 0.1799911890625 0.8051905203124999 0.18191101875 0.8047562875000001 0.20853584218750001 0.8111943406250001 0.210351578125 0.81277065 0.2144678359375 0.8126675390625 0.21720854374999998 0.8162286125 0.2217917484375 0.8162682609375 0.2240134640625 0.8206918468750001 0.226867184375 0.8205431328125 0.25785810625 0.8327411640625 0.25884404375000003 0.8320214109374999 0.2578759453125 0.8293426734375 0.258446984375 0.827474890625 0.2605051125 0.8274233343749999 0.26384361875 0.8240188906249999 0.2657976546875 0.8259778765625001 0.2667910390625 0.83274908125 0.270336259375 0.8345137515625 0.272723034375 0.8342222781249999 0.27549794843750003 0.840176571875 0.2839639375 0.8400417296875 0.2837825109375 0.838965078125 0.2798997265625 0.83913956875 0.27833530156249997 0.8342361484374999 0.27857769375 0.8326082828124999 0.282815884375 0.8270961390625 0.2809138953125 0.8241318812499999 0.28742879062500004 0.8036576515625 0.2902825109375 0.8035089375 0.2944329765625 0.8057990453125001 0.29817746093749997 0.8052418765624999 0.300693615625 0.807032325 0.30086612343749997 0.8098082218749999 0.3035904640625 0.8075775859375 0.31107051406249997 0.8081624953125001 0.3156790046875 0.8122946078125001 0.3158515109375 0.8150705046875 0.3186278984375 0.8118345984375 0.32274415625 0.8117314859375 0.326869334375 0.8099291281250001 0.3275087859375 0.8128477843749999 0.33330247968750004 0.8139383062500001 0.3351182171875 0.8155146156249999 0.337668578125 0.819698284375 0.3374603921875 0.82371936875 0.33900845 0.8228310796875 0.34117959062500003 0.8190697359374999 0.3436615390625 0.8184669671875 0.3455025625 0.824135740625 0.34733613750000003 0.822313559375 0.351175796875 0.8214450937500001 0.3528264734375 0.8277364625000001 0.3556891140625 0.825888503125 0.35849078749999996 0.8267450609375 0.3604879515625 0.8293980218750001 0.363030865625 0.826090734375 0.370934734375 0.8261244296875001 0.37088268750000003 0.8271297015625001 0.3747134265625 0.8279604812500001 0.37584658437499996 0.825924159375 0.3787003046875 0.825775446875 0.3819436375 0.8226823 0.38393187968750003 0.8270345062500001 0.382953390625 0.8352452125 0.386758840625 0.8319835281250001 0.3886266234375 0.8325545671875 0.38925715625 0.8371724671875 0.3905107734375 0.8389173156249999 0.3933392078125 0.8346761375 0.3958732015625 0.8330680953125 0.3968502203125 0.8340475890624999 0.39806962968750004 0.8333992171875 0.40420833749999996 0.84004153125 0.4050381359375 0.8423375921874999 0.40662932031250004 0.8421432765624999 0.4080911234375 0.8398670390625 0.4110400171875 0.839407028125 0.41288104062500003 0.8450758031250001 0.41785385625 0.8421710171875001 0.4189944609375 0.8476256515625 0.42258280625 0.850084296875 0.4385541328125 0.854626828125 0.43926347187500003 0.853141721875 0.44357007499999995 0.852416015625 0.44350166093750004 0.8476295765625 0.44668402812499997 0.847240946875 0.45073187187499997 0.8423513953124999 0.4492016546875 0.8398411953125 0.4492373328125 0.8330442140625 0.4515899015625 0.8303595218750001 0.451131875 0.8285175171875 0.46178831562499995 0.8120326390624999 0.46645777343750006 0.8134602359375 0.4694587125 0.8119949546875 0.4724507328125 0.8122289171875 0.4805717078125 0.8065422828125 0.4831830359375 0.8080214343750001 0.48670296874999996 0.8056936406249999 0.48911503125 0.80949463125 0.4964671734375 0.7988074187499999 0.48758628593750003 0.7977942312499999 0.48582259531250005 0.7952126500000001 0.488512728125 0.7905887953125 0.4907180765625 0.789220671875 0.49105564218750003 0.787281509375 0.49358963749999996 0.7856734671875001 0.49652961093750003 0.7869127015624999 0.496772003125 0.7852848359375 0.4956566859375 0.783922665625 0.49641807031249996 0.781432290625 0.5039248796875 0.7769194625 0.5023426171875001 0.7754145328125001 0.5018161765625 0.7687860890625 0.499386275 0.7683835875 0.49774304531249997 0.769583175 0.4915864984375 0.7663393515625 0.49061839999999995 0.7636606125000001 0.48594002343750003 0.7639322625 0.48475629218750005 0.757783653125 0.4876278515625 0.75423645 0.49151955625 0.7523627125 0.48546710156249995 0.7471083468749999 0.48666122500000003 0.742367509375 0.48587455312500005 0.7407654234375001 0.4807203125 0.7425935578125 0.4787751953125 0.738935325 0.4748150765625 0.736022625 0.4713992375 0.736339875 0.4688830828125 0.734549425 0.46991361875 0.7253334484375 0.467241325 0.7265588125 0.4647251703125 0.7247683640625 0.4639132109375 0.7190738109375 0.4652025078125 0.7140216765625 0.4641912828125 0.7106489640625 0.4622803734375 0.7093839515625 0.46574973125 0.6988712296874999 0.4670122671875 0.6989168328125 0.46843094531249996 0.6959466203125 0.47021247343750006 0.6951297109375 0.4746395375 0.698185171875 0.47708727968750003 0.6951891828125001 0.4756611546875 0.6906684390625 0.4774084765625 0.687458309375 0.4812823421875 0.6889830640625 0.48388475 0.6921614609375 0.48908211875 0.6910273 0.4921871515625 0.6875514765624999 0.4935284953125 0.681494071875 0.49545724375000005 0.67936059375 0.5039143125 0.6809249953125 0.5086967812500001 0.6786428046874999 0.51684304375 0.6770486328125 0.5198603515625 0.6813750625 0.5215898343750001 0.681563421875 0.5291576109375 0.6743460796875 0.5213756734375 0.6689033531249999 0.5175196468750001 0.6639801078125 0.5130569046875 0.6677216265625 0.5077822015625 0.6657685953125 0.5047812625 0.6672338765625 0.5010114890625 0.6636985796875 0.484391790625 0.6579366390625 0.48239462812499995 0.655283678125 0.48235297343749994 0.6453995046875 0.48479179375000003 0.6441027609375001 0.4833567515625 0.6412812625 0.4812554953125 0.64063884375 0.48145476093750006 0.6383170046875 0.4794575984375 0.6356640437500001 0.48012380937500004 0.6334849640625 0.48228603124999997 0.631422865625 0.48136997968750006 0.6277388562499999 0.48323923437499994 0.6191196953125 0.480688871875 0.614936025 0.482626540625 0.6111033031249999 0.48054312499999996 0.6070623953125 0.480465790625 0.6039752015625 0.47855488125 0.6027101890625 0.4749918234375 0.6043440078125 0.47192246875 0.60102285 0.47253663437500004 0.5998490421875 0.47179308906250006 0.598940928125 0.468749021875 0.5997122359375 0.4688189078125 0.5953084750000001 0.4718808140625 0.5911386765625 0.47146591562499995 0.589990646875 0.466943678125 0.58724648125 0.46170318281249995 0.5876866671875 0.46090014375 0.5802928703125 0.45634369843749994 0.5751554875 0.45800476718749994 0.5705574109375 0.457227015625 0.567256078125 0.455964478125 0.567210475 0.4424705953125 0.5361938203125 0.44727090468749997 0.5305131375000001 0.44701214531250005 0.52634929375 0.44398591718749997 0.5237221109375 0.444722015625 0.51713926875 0.453854215625 0.5148253453125 0.45613689687500003 0.5165444156250001 0.45871401718750004 0.5156303484375 0.46206144374999997 0.510526659375 0.459978028125 0.50648575 0.46186365 0.5036582984375 0.46803803593750004 0.50350363125 0.476338965625 0.508083846875 0.4770825109375 0.5089919593750001 0.47671818593750004 0.5160288578125 0.482010728125 0.5145834 0.48502058750000004 0.5114188734375 0.48829812656250005 0.5107189453125 0.483784809375 0.5062755359375 0.47821566875 0.5069556390625001 0.47173047500000004 0.5039517328125 0.4698374046875 0.4992882296875 0.445746575 0.4912421359375 0.4430147875 0.48598181562500004 0.44710575781250006 0.481786240625 0.4477808890625 0.477907915625 0.44648414531249997 0.47546909375 0.4562066953125 0.4586986984375 0.45830795 0.45934111718750004 0.46093711718749997 0.45742177812499996 0.4576952578125 0.451324725 0.45971917968750003 0.44887994999999997 0.45869903437500004 0.44720648281250003 0.45886409375000003 0.4424914234375 0.4533737578125 0.43706852031250004 0.45851310468750006 0.42025847499999996 0.461228525 0.4197270859375 0.46241372812500003 0.4166854953125 0.4584015640625 0.4147780640625 0.45662003437500004 0.41559497187499994 0.45026422187500004 0.4146729890625 0.4453434515625 0.4165725046875 0.44046728125 0.40997579218749997 0.4379768265625 0.40921438437499996 0.43738008749999996 0.41005312656250004 0.436031296875 0.4086195765625 0.437035075 0.4045013328125 0.4358929984375 0.4082368984375 0.422280215625 0.41769083125 0.420040659375 0.4166657359375 0.41992019999999997 0.41288456875 0.41585598749999997 0.411982409375 0.4142305984375 0.40978350468749997 0.41415326406249997 0.4066963109375 0.416557878125 0.4030063484375 0.416247071875 0.399847775 0.42084958749999996 0.3872987328125 0.420608665625 0.3797363984375 0.4246921890625 0.3680498671875 0.424762075 0.3636461046875 0.42823887968749996 0.3606243375 0.4277897734375 0.35708308906249997 0.42907015 0.3537302 0.42608705 0.351796990625 0.42525725156250005 0.3495009296875 0.42864780312499995 0.3450912140625 0.428899115625 0.341764103125 0.4311654296875 0.3376914625 0.4313304890625 0.332976403125 0.43283541875 0.331394140625 0.43522219375000004 0.33110266718750003 0.4348162140625 0.328255390625 0.43783499375 0.3233916203125 0.43420352187500005 0.320239 0.44088347656250004 0.2950497109375 0.4393621796875 0.29084026406249996 0.44377434843749997 0.278913815625 0.4449342640625 0.2717797609375 0.44775377812499995 0.26923782812499997 0.4488958546875 0.2655022625 0.44921705312500004 0.257771390625 0.4518551390625 0.25415280625 0.4520201984375 0.24943774687500003 0.448776865625 0.2525308953125 0.446641403125 0.24949525781249998 0.44614917031249995 0.2452600328125 0.4474905140625 0.239202628125 0.4469031078125 0.23527870156250003 0.4503025796875 0.229169740625 0.45179114218749994 0.2217957671875 0.454896175 0.21831994375 0.45568431875000004 0.21073182968749998 0.45892765156250004 0.2076386828125 0.46079690624999997 0.199019521875 0.464871509375 0.18903223593750001 0.46424097499999994 0.1844143359375 0.4684627984375 0.17311047968749999 0.46778913906249997 0.16779860468750002 0.46996028125 0.1640372625 0.4722608015625 0.1623578421875 0.4720109609375 0.15649475156249998 0.4768380296875 0.145716334375 0.4797883953125 0.1360661234375 0.4790017234375 0.1344640359375 0.475032684375 0.13325057812500002 0.47312619062500005 0.104414965625 0.47505494062500003 0.10228148749999999 0.48132450000000004 0.1018155234375 0.4841172546875 0.1043713265625 0.490706540625 0.1053646890625 0.51096663125 0.1125800046875 0.511649209375 0.116192634375 0.5105591796875 0.1189229296875 0.5091062953125001 0.119499921875 0.5096074484375 0.1220359 0.5112417578125 0.122535559375 0.5142947453125 0.12006500625000001 0.5173373390625 0.12848389843750002 0.52901098125 0.13205288906249998 0.531475090625 0.134848609375 0.5366635390625001 0.13541369375 0.538989346875 0.13782673750000002 0.5432439046875001 0.138106303125 0.545751140625 0.141595996875 0.5494524984375 0.1403448546875 0.5514452015625 0.1438474375 0.5487506078125 0.149320915625 0.5495372796875 0.1509230015625 0.556688684375 0.151747828125 0.557976509375 0.1558858953125 0.5651621203125 0.159103940625 0.5851887390625 0.1662478765625 0.5870654421875 0.16511966875 0.5863917828125 0.15980779375 0.588130184375 0.15829690937500002 0.5898864265625 0.1533875359375 0.588356209375 0.1508773359375 0.5824152953125 0.1511033828125 0.5785339828125 0.1420876734375 0.5702419734374999 0.1358082125 0.5704412390625 0.1334863734375 0.5691444953125 0.1310475515625 0.57192088125 0.1278116453125 0.571886675 0.1254184265625 0.568687940625 0.1200153453125 0.5620644484375 0.1166287640625 0.556685653125 0.1166862734375 0.553988071875 0.1138191734375 0.5519567015625 0.1087729921875 0.5488353015625 0.1064571078125 0.5446759171875 0.1058662453125 0.536029975 0.0957342359375 0.5323806624999999 0.095980109375 0.5252991437500001 0.09075152187499999 0.521953190625 0.0866650109375 0.5172837328125001 0.0852374140625 0.5122514234375 0.08165651562500001 0.508533696875 0.0771159484375 0.506285221875 0.0777900984375 0.44425574843750004 0.02682870625 0.4352975265625 0.022728325 0.43318735156250004 0.023785153125 0.4293640609375 0.030445326562500003 0.42378600000000005 0.0328246765625 0.42382020625 0.035217896875 0.4268033078125 0.0371511046875 0.4264136953125 0.040095539062500005 0.42308410937499996 0.041800737500000004 0.421121153125 0.041540996875 0.4152218953125 0.0516512171875 0.4090014375 0.0694923109375 0.40817908750000004 0.0746872046875 0.40355128437500004 0.0831437828125 0.40347247968750005 0.0892467890625
2 0.2573048296875 0 0.25927095625 0.002270259375 0.26449361250000003 0.005228562500000001 0.2545450375 0.029418534375 0.24634672968750002 0.0320179765625 0.24988302812500002 0.0354818921875 0.2496317171875 0.038809003125000005 0.2512913140625 0.043401126562499996 0.24720034218750003 0.047596703125 0.2431792578125 0.0473885171875 0.24503812187500001 0.049658799999999996 0.2448819828125 0.0526746140625 0.251893615625 0.062306964062500005 0.26842558906249997 0.07587115625 0.26914237343749997 0.08187700625 0.278644875 0.0892073390625 0.2820681625 0.09638104374999999 0.2880165234375 0.10364595000000001 0.29152753593749997 0.103017403125 0.2930413859375 0.09973589375 0.293111271875 0.0953321328125 0.2977123140625 0.09197329062500001 0.2995979359375 0.0891458390625 0.3277217140625 0.07732047343750001 0.33233912499999996 0.079753340625 0.3343184484375 0.0858047921875 0.3387886390625 0.08955422656249999 0.35199249843749997 0.09563341875 0.35347958749999997 0.09744964687499999 0.3541101203125 0.102067546875 0.3584078046875 0.10304108593750001 0.3631649875 0.0966664296875 0.36360664531250003 0.092716725 0.3660201796875 0.08732751718750001 0.3692203859375 0.0835403953125 0.371883759375 0.0840142765625 0.373501703125 0.078722225 0.3752921515625 0.0762060703125 0.3765903671875 0.06945469062500001 0.37292022812500003 0.06475847500000001 0.374750815625 0.054595717187500004 0.3778558484375 0.0511198921875 0.3814099875 0.05118531875 0.383148390625 0.0496744359375 0.3848005390625 0.0467756046875 0.38566601718750004 0.042274684374999996 0.38118690625 0.04022449375 0.3797949890625 0.0380969703125 0.3797875421875 0.0306060140625 0.3699563953125 0.023515596875 0.36759637968750003 0.018709334375 0.3586902046875 0.0136036828125 0.357731025 0.0092257 0.3611943890625 0 0.2573048296875 0
0 0.836428740625 0.7999449750000001 0.7564010734375 0.7652662296875 0.636675665625 0.764403915625 0.62045164375 0.825820653125 0.7953778796875 0.9133404140625 0.8434628046875 0.885492146875 0.836428740625 0.7999449750000001
1 0 0.6652630765625 0.11380821875 0.7168774640625 0.2411327546875 0.784738009375 0.309144709375 0.7919155734375 0.335956846875 0.7626694765625001 0.3492066 0.6441783296875 0.340440109375 0.5768231984375001 0.3055603390625 0.49467654687499996 0.24279026250000002 0.42442664218750004 0.2111822328125 0.4317828203125 0.2017987203125 0.437423853125 0.1794031671875 0.4271729015625 0.1199567890625 0.391978596875 0.10313782499999999 0.388538496875 0.031787453125 0.4382073328125 0 0.511874684375 0 0.6652630765625
1 0.04317834375 0.317445903125 0.054591753124999996 0.32604124843750004 0.08507701875 0.30983194687500004 0.12101243749999999 0.279971171875 0.128581684375 0.263563628125 0.143809378125 0.21375608906250002 0.1063272875 0.181872996875 0.093010415625 0.1795035921875 0.075752825 0.2150747515625 0.058495234375 0.2506459109375 0.0409774109375 0.2912434265625 0.04317834375 0.317445903125
1 0.3101327984375 0.2918378171875 0.33647642968749997 0.21819720625 0.3374355203125 0.169133234375 0.269245171875 0.195940575 0.17013829062500002 0.232017478125 0.167268378125 0.33325839375 0.2408495625 0.39319780937500004 0.27570681406249997 0.34598768281250003 0.3101327984375 0.2918378171875
2 0.352641575 0.5243884765625 0.352329384375 0.583862059375 0.37878473281249997 0.6225857718750001 0.49729081875 0.6775384140625 0.540617090625 0.6652549999999999 0.56869315 0.5734223484375 0.5625735765625001 0.44730743281249996 0.4329143125 0.3787330890625 0.352641575 0.5243884765625
2 0.4933513171875 0 0.50080675 0.0522875484375 0.5427872625 0.0736321421875 0.617156503125 0.0725414875 0.5552489609375 0.0161710640625 0.5254613046875 0 0.4933513171875 0
1 0.7340345187499999 0.30400149375 0.7945664234375001 0.31059414687500003 0.8234604171875001 0.2411372046875 0.7594783781250001 0.17902662656249999 0.633358446875 0.148977753125 0.5812074765624999 0.1894045515625 0.7340345187499999 0.30400149375
1 0.8794943390625001 0.5254781375 0.8917109640625 0.64835119375 0.9085695250000001 0.8077328171874999 0.9512646234375 0.7210216859374999 0.9127674640624999 0.8118566093749999 0.9226872546875 0.8058931828125001 0.9537449421874999 0.7251839421875 0.9890481796874999 0.5930115546875 0.9759543015625001 0.5481610203125 0.8794943390625001 0.5254781375
3 0 0.750539303125 0.863337875 0.9749652046874999 0.9009238828124999 0.8979538437500001 0.0345686078125 0.62116865 0 0.639195875 0 0.750539303125
