2 0.097966721875 0.099331934375 0.101093175 0.10074399062499999 0.1031127546875 0.112866128125 0.106080159375 0.1188326984375 0.12019709062499999 0.1343087578125 0.1295764484375 0.1385449234375 0.1355171984375 0.14331244999999998 0.1646030984375 0.1498653796875 0.17024899375 0.1490853796875 0.1780285921875 0.1431683828125 0.1856605046875 0.1414805796875 0.190040996875 0.1419592703125 0.21240278906249999 0.15218601874999999 0.2285798390625 0.157636721875 0.23188212031250002 0.161009234375 0.239598978125 0.163884465625 0.24719086875000001 0.17033824687500002 0.2551744375 0.1725713546875 0.26087119687500004 0.177330359375 0.26692555156250003 0.178844659375 0.276469378125 0.185366603125 0.2807135453125 0.1897491625 0.2681251015625 0.2704136578125 0.2619685015625 0.2718272609375 0.26043638750000003 0.273728075 0.25877930781249997 0.27920743593749997 0.255749159375 0.28203309375 0.23108867812499997 0.28866347187499997 0.2210449890625 0.296455721875 0.21821339218750002 0.30059118906250004 0.21781035312500002 0.3051371859375 0.2190925359375 0.3103934671875 0.22514095156249997 0.319073384375 0.23804980156250002 0.3201756078125 0.24244707656250003 0.32716926874999996 0.24985177812499998 0.3319879171875 0.2541018859375 0.3292048609375 0.25811394062500004 0.31924766875 0.26177381875 0.319375475 0.2657458515625 0.317559865625 0.26489485 0.3139472359375 0.2621032734375 0.3099411203125 0.2631192625 0.30183361875000003 0.26562734374999997 0.2999668875 0.27485359374999996 0.30159195156249996 0.2911496703125 0.3106297234375 0.30111925624999997 0.311955028125 0.312626378125 0.31821981093749996 0.31651888906250003 0.318681459375 0.32489361875 0.3306998046875 0.33277494375 0.335860815625 0.33628713593750004 0.34021781406249996 0.343028025 0.343058965625 0.3513464703125 0.3426980125 0.3549381859375 0.344777753125 0.36298991875 0.34505892656250003 0.3706218296875 0.3433711234375 0.377436303125 0.35110063281250004 0.381135684375 0.357092765625 0.394725128125 0.3666874578125 0.3988784125 0.373672596875 0.404529728125 0.3797328921875 0.4086548703125 0.380528384375 0.41342110312499997 0.3839520171875 0.41458425937500004 0.3856212328125 0.4142153015625 0.3891912609375 0.41562245156250005 0.39086899375 0.4185957953125 0.3896699484375 0.42368554375 0.3908248453125 0.43155008749999996 0.389470884375 0.4550360515625 0.3814966125 0.46227628593750003 0.3840294828125 0.4668098875 0.387119271875 0.48108044375 0.391200521875 0.483860659375 0.3955319609375 0.4851482640625 0.40762853593750004 0.4933076625 0.4118221 0.49680849374999997 0.41650442187500003 0.5023635046875 0.41832700312500004 0.5080943453125 0.42211004062499996 0.5159020859375001 0.4223826921875 0.5191648640625 0.4198908765625 0.52317691875 0.409933684375 0.5267632140625 0.40517313125000004 0.5286983671875001 0.3987263234375 0.53278400625 0.39365748906250003 0.534787321875 0.3852587453125 0.537108215625 0.38175688281250003 0.53823186875 0.3775617703125 0.5523038765625 0.3803332109375 0.5608435921875 0.38063142499999997 0.5644693890625 0.38173519843750003 0.568480925 0.3857839140625 0.5811685046874999 0.386226975 0.58758045625 0.38449656875 0.6062996703125 0.387104575 0.61319960625 0.385391209375 0.6170921171875 0.3858528578125 0.6264601140625 0.3904143453125 0.6342846359375 0.39720196875 0.6358448937500001 0.4014908046875 0.6298354609375 0.41268112500000004 0.6289557984374999 0.41688475625 0.626890259375 0.42006982031250006 0.626742571875 0.4242990125 0.629165190625 0.43187515468750004 0.6329100140625 0.4365659953125 0.6438609890625 0.4447656734375 0.653983684375 0.448702078125 0.6573995703125 0.4488213640625 0.66517916875 0.44290436875 0.6660133890625 0.4400020265625 0.6654461406250001 0.4352592875 0.6675741640624999 0.430284953125 0.668805484375 0.43000223125000003 0.6759093921875 0.436438971875 0.6797791796875 0.43755126562499996 0.6818274203125 0.4418571421875 0.6872801875000001 0.4466076265625 0.6911553968749999 0.4545602140625 0.6950592671875 0.4546965390625 0.7010227390625 0.45881342031249994 0.705970221875 0.4710378015625 0.70992495625 0.47671313125000003 0.7145267203125 0.47785098593750003 0.72293605 0.474887453125 0.7272824625000001 0.4763421109375 0.73192915 0.49018458593750003 0.73430090625 0.492221725 0.7437143453124999 0.49548192343749997 0.7520555124999999 0.494470325 0.7652083546874999 0.49558107187499995 0.774582290625 0.49297694375 0.7796606796875001 0.49445716093750003 0.783127428125 0.50011545 0.7886938 0.5016127078125 0.7905548515625 0.504283453125 0.79561051875 0.506414315625 0.79700630625 0.5084173734374999 0.810255453125 0.5137658328125 0.8130811124999999 0.5167959796875 0.8179382281249999 0.5176170328125 0.8288324015624999 0.5274433234375 0.83322425625 0.527596690625 0.8356187328125 0.5289831859375 0.8370031609374999 0.5313115640625 0.8422800984375 0.53410159375 0.8490832109375 0.5421564265625001 0.8599038 0.5470943578125 0.8625877109375001 0.5471880828125 0.8668886796875 0.5499440296875 0.8734651015624999 0.5504994015625 0.8832756406250001 0.556379221875 0.8866915265624999 0.5564985078125 0.8912024078125 0.5602389421875 0.897229846875 0.56077514375 0.9030103234375 0.5648856343750001 0.9058018999999999 0.5688917484375 0.9133937921875 0.5753455296875 0.9233747390625 0.5763455109375 0.9334860718750001 0.5806072375 0.9364421171874999 0.5868991296875 0.939358659375 0.5873266984375001 0.94407945 0.5920516203124999 0.9479719609374999 0.5925132703125 0.9513083234374999 0.5949098125 0.9516259 0.599806690625 0.95406581875 0.5998918953125 0.9608802921875 0.6076214046875 0.9706567500000001 0.614477190625 0.974242525 0.6237225484375 0.982004825 0.625296490625 0.986430759375 0.6244738890625 0.99561156875 0.6274002453125 0.9967021781250001 0.59616928125 0.9910335609375001 0.597599925 0.9886958874999999 0.5945868187500001 0.9711798515625001 0.5855064453125001 0.9645412062500001 0.579737390625 0.955082325 0.5777784828125 0.952500659375 0.5747568546874999 0.9535447890625001 0.5728390015625 0.9530908874999999 0.57184599375 0.94703653125 0.57033169375 0.9451414 0.5686369171875 0.9419467828125001 0.5691767984375 0.9393537562500001 0.56648049375 0.938712665625 0.5638523531249999 0.920992140625 0.560627784375 0.9200729750000001 0.5589670890625 0.921406540625 0.5557564671875 0.9195000468750001 0.5543870140625 0.9222807812499999 0.5447125421875 0.9337256796875 0.54576364375 0.9342931875 0.5435034265625001 0.932908759375 0.5411750484375 0.870487890625 0.5028404265625 0.8683033234374999 0.50243841875 0.8651995921875001 0.50037571875 0.8654890249999999 0.49908295 0.8596445812500001 0.49855313749999997 0.8575395374999999 0.4958738734375 0.8540668484375 0.4973812015625 0.8521203343750001 0.5041533328125001 0.8501343171875 0.5050611375 0.8458447078125 0.5019798671875 0.8412088625 0.5018179796875 0.8350241203125 0.497041934375 0.825190859375 0.491812759375 0.8226887171874999 0.486513875 0.814705146875 0.48428076718749996 0.8075898796875001 0.47816935000000005 0.794295290625 0.47412218125 0.79334204375 0.473437453125 0.7922924921875001 0.46851501406249996 0.7895745 0.46939725781249997 0.7850295375 0.466632790625 0.7784531171875 0.46607741718750006 0.76892065 0.4592301515625 0.761691778125 0.456371959375 0.7545424281249999 0.451236509375 0.7480228109375 0.4490545234375 0.7468482921875 0.4477106328125 0.7479605859375 0.44384084375 0.7421161421875 0.44331103125000004 0.7378038109375 0.44088040624999997 0.6944256703125 0.402885053125 0.6895458328124999 0.4027146453125 0.681023415625 0.3949254921875 0.6754684046875 0.3931029109375 0.67386270625 0.390115365625 0.67165541875 0.3903640046875 0.25998121093750004 0.15384749375 0.2502783375 0.1518800671875 0.2446270203125 0.145819771875 0.2388507390625 0.1433380234375 0.2372564 0.14002515625 0.2329781515625 0.1366185640625 0.228784846875 0.13777500781250002 0.2218226875 0.13427469218750002 0.221635496875 0.1326395578125 0.215825134375 0.1311337796875 0.213022196875 0.1274529859375 0.2079665296875 0.1253221234375 0.172140259375 0.1019221328125 0.167759765625 0.10144344375 0.1629594515625 0.098995778125 0.148995628125 0.08613081875 0.1412901328125 0.08293026406250001 0.1379992109375 0.0792324296875 0.133164815625 0.0777607328125 0.1289320078125 0.07305285 0.119643534375 0.0662141046875 0.11527440156249999 0.0654100921875 0.100130121875 0.05836685625 0.0896330484375 0.051160185937500005 0.0826140859375 0.049286484375 0.0759186390625 0.0451440421875 0.0670894890625 0.0461385984375 0.06058123125 0.043631290625 0.056541034375 0.047398834375 0.0562516 0.0486916046875 0.0598205953125 0.051421990625000004 0.0635199765625 0.0574141234375 0.071877925 0.062917496875 0.07657599375 0.06829306406249999 0.07886228749999999 0.079773078125 0.085277603125 0.08727139218749999 0.0885305609375 0.0967223828125 0.09354078593750001 0.10015453593750001 0.097966721875 0.099331934375
2 0.04340828125 0.42347168437500005 0.055006287499999994 0.4271338875 0.06963986250000001 0.434810728125 0.0767778515625 0.4402715 0.089028309375 0.44623652343750003 0.10137507187499999 0.456439259375 0.130341428125 0.47341102968750004 0.1469382984375 0.480830709375 0.15830367343750001 0.4841590703125 0.16396634999999998 0.48989404375 0.1692660078125 0.4920334265625 0.17327754374999998 0.49608214375 0.184342125 0.5010285953125 0.1922120890625 0.5065149296875 0.212690109375 0.5147215796875 0.2176776125 0.518804378125 0.21876124687499998 0.5227508515625 0.2185908390625 0.5276306890625 0.2216264078125 0.5316453250000001 0.22601826093750002 0.5317986921875 0.254088171875 0.5464591234375 0.2619072734375 0.546406453125 0.2654762671875 0.5491368390625 0.2766090109375 0.55213135625 0.28273152968750004 0.551693721875 0.2890298765625 0.5532165421874999 0.2940233203125 0.550133725 0.29579400625 0.5414011390625 0.29476769375 0.5218221437499999 0.29310570937499997 0.5064553015625 0.2907058125 0.49822851406249996 0.2905867859375 0.4946414453125 0.2887711765625 0.49066941093749994 0.2894355078125 0.4786409984375 0.284885125 0.4690362375 0.2775258640625 0.4629163 0.28229803750000004 0.459174315625 0.2804937890625 0.4548769609375 0.2766921625 0.45181273125 0.2642258546875 0.4520288359375 0.2595391453125 0.446327946875 0.2521571640625 0.440858653125 0.2505628265625 0.43754578593750004 0.2462959375 0.43381387031249996 0.237427284375 0.4289441015625 0.2346016265625 0.42591395312499997 0.2297558703125 0.424767578125 0.22693021249999998 0.42173743124999996 0.20805247031250002 0.40967803125 0.2002788109375 0.40842941093749996 0.1924542875 0.4016417875 0.18853905625 0.40183078437499997 0.176963771875 0.3975179359375 0.16135965000000002 0.3966473078125 0.15617359687500001 0.3912547 0.140677659375 0.380290553125 0.136910115625 0.37625035625000003 0.123286590625 0.36763163125 0.1116772234375 0.36429475 0.1035632671875 0.358799896875 0.09725949843750001 0.3504367828125 0.090842125 0.34532689375 0.07719587812499999 0.3373588140625 0.0620402390625 0.3306409015625 0.06064445 0.32863784375 0.0537050109375 0.32448688125 0.046697409375 0.32228785625 0.0219865828125 0.3093733234375 0.0193935546875 0.3066770171875 0.0202618578125 0.30279870781249996 0.0242111703125 0.3016337453125 0.02656614375 0.2971559125 0.0359514421875 0.2942264625 0.0375403578125 0.2906990359375 0.042091259375 0.2862978890625 0.0400600609375 0.2815040265625 0.0404346984375 0.27777133906249996 0.0371837984375 0.265931921875 0.0328146640625 0.26512790937499997 0.0286213609375 0.2662843546875 0.024785653125 0.2641960921875 0.0212448015625 0.2676553546875 0.0200589234375 0.266636784375 0.020949945312500003 0.26210783125 0.019100254687500002 0.259111765625 0.013880120312499999 0.2546951234375 0.010498315625 0.25359987031250003 0.0083023875 0.2535231859375 0.00312199375 0.4018702625 0.0086315625 0.404994134375 0.0142092953125 0.40616607031249996 0.0232764984375 0.41234565156249997 0.0291095828125 0.41320078593750004 0.040639425 0.41881492343750004 0.04340828125 0.42347168437500005
2 0.3736080484375 0.60763371875 0.3796396828125 0.6097986640624999 0.4411186671875 0.6471232375 0.4563424703125 0.6518892140625 0.4593212359375 0.6575304625 0.46729344531250006 0.6600888921875 0.47229230937500005 0.66384636875 0.48441238125 0.6665496453124999 0.488736071875 0.668654946875 0.495737734375 0.6780195890625 0.5001863906249999 0.67654634375 0.503744025 0.679602053125 0.507228075 0.677769403125 0.5128512484375001 0.6776400484375 0.522951221875 0.6822270984375 0.526520734375 0.6709515749999999 0.5268388296875 0.66184254375 0.525908821875 0.6465012625 0.5233785375 0.635012728125 0.5146413078125 0.6053928843749999 0.5123717953125 0.6004278421875 0.5095461375 0.5973976953125 0.5087519390625 0.5921584531249999 0.4995543484375 0.582717128125 0.49503210781250007 0.5793020140625 0.4877918734375 0.5767691453125 0.47655146562499995 0.5698622359375001 0.4652428921875 0.5649072640624999 0.45953477343750004 0.56047358125 0.45328186875 0.557649471875 0.4452133546875 0.5508533265625 0.436531890625 0.547618690625 0.4214557734375 0.5386235203124999 0.42040893281249997 0.5371212265625 0.4202417546875 0.5314153015625 0.42126316406250003 0.53014809375 0.4268976984375 0.5296934171875 0.43051213437499997 0.5311225125 0.43355364218750003 0.5279715328125001 0.43372405 0.5230916953125 0.430711203125 0.5184264140625 0.419379909375 0.5141220843750001 0.4062838703125 0.5113847265625 0.3952474328125 0.5126279234375 0.38235536406250004 0.51804066875 0.33831289375 0.492073728125 0.3318046359375 0.48956641875000007 0.3186577328125 0.48129005625000004 0.3147652234375 0.4808284078125 0.31488967031250004 0.49125577031249995 0.3171194203125 0.49735944062500004 0.31700555625 0.5076156203125 0.3261793875 0.5457194109375 0.327392890625 0.566933540625 0.33177286562499997 0.5814181375 0.3383660671875 0.5884884828125 0.352613903125 0.5932203796875 0.36843335625 0.6019157875000001 0.3736080484375 0.60763371875
2 0.6857884296875 1 0.6861763421875 0.9888916343749999 0.6804628015625 0.9776176578125 0.6723217390625 0.9379213375000001 0.6666309203125 0.925996715625 0.60808115625 0.6998572671875001 0.608541515625 0.67967875 0.596263434375 0.65351816875 0.594306078125 0.6466097125 0.5878605625 0.6353101750000001 0.5836282734375 0.6165963828125001 0.581336040625 0.6122819859375 0.5805645625 0.6063920984375 0.5844289296875 0.6006640984375 0.5881342515625 0.599490615625 0.5898313515625 0.5858696703125 0.5895024156249999 0.5812981140625 0.5872442640625 0.57600775 0.5809291359375 0.5679699593749999 0.573235 0.5644440796875 0.562942415625 0.5513816046875 0.5569735234375 0.5404244312500001 0.549172240625 0.518980253125 0.5454274171875 0.5142894109375 0.5443210625 0.510993584375 0.5404171921875001 0.5108572578125 0.5356109390625 0.515575209375 0.5319283390625 0.516098046875 0.5300499875 0.5209182421875 0.5297205328125 0.530352596875 0.5283074453125 0.535840478125 0.527999675 0.5726360046875001 0.5284584796875 0.59447521875 0.5304553390625 0.607248 0.5282989140625001 0.61303564375 0.5290249499999999 0.6202268203125 0.531039109375 0.6255086640624999 0.5306469125 0.6437352468750001 0.5322412515625 0.6470481140625 0.5290066140625 0.655729578125 0.527780715625 0.66285259375 0.5293636937499999 0.6664907828125 0.5285803359375 0.674932128125 0.529919321875 0.6785617984375001 0.5296239484374999 0.687020184375 0.5304635890625 0.6909581359375 0.5298051984375001 0.6958209328125 0.5312972921875 0.7020617046875001 0.530729265625 0.71832783125 0.5283970124999999 0.7221550171875 0.528039415625 0.7253997234375 0.5294346859375 0.7414086906249999 0.5320672156249999 0.749969321875 0.5355794078125 0.7543263203125 0.5380415296875001 0.7677667890625 0.5499960953125 0.79619610625 0.54886108125 0.800716540625 0.55068805 0.8043632515624999 0.55058580625 0.8072911546875 0.5522710281250001 0.8080014421874999 0.5542397453125 0.8145845765624999 0.55343960625 0.81651095 0.5574057 0.8218609562499999 0.558506115625 0.8323224015624999 0.5608097078125 0.8363114749999999 0.5617797359375001 0.8435111718750001 0.5607015234375 0.84640499375 0.5586927859374999 0.84796344375 0.5580798375 0.8515249515625 0.5554922312499999 0.855668940625 0.5585732421875 0.8583822859374999 0.5598554250000001 0.8636385687500001 0.561307496875 0.8780209234375 0.5600420953125 0.8792796109375001 0.564274384375 0.897993403125 0.5655960703125 0.9091140109375001 0.569664409375 0.9115361171874999 0.5688188281250001 0.9147637796874999 0.5696698296875 0.9183764109375 0.5724727671875 0.9220572015625 0.5741066078125 0.931234396875 0.5732723875 0.9341367390625 0.5775663828125001 0.9720701203125 0.5793365500000001 0.9773434453125001 0.58337080625 0.9807415171875 0.5864913203125 0.9893191874999999 0.5957146 0.9945270609374999 0.6001759828125001 1 0.6857884296875 1
2 0.1391640796875 0.801392690625 0.147408421875 0.810149290625 0.1531279015625 0.81425765 0.1816349328125 0.8233961187500001 0.1864125265625 0.8264944296875001 0.192540465625 0.8328970890624999 0.20696413125 0.8395894390624999 0.224395221875 0.844106778125 0.2499121265625 0.8479293203125 0.30882674374999997 0.8747413265624999 0.3140696 0.8785073234375 0.3292479609375 0.8845745921875 0.33953512343750003 0.8907967734375 0.34032390156250003 0.889195721875 0.341027734375 0.8830316359375001 0.3339935453125 0.8326252296875 0.3329099125 0.8286787578125001 0.330316884375 0.8259824546875001 0.3220893234375 0.8237408265624999 0.30981614375 0.8184264484374999 0.307234478125 0.8154048203125001 0.302621353125 0.8145922875 0.300879328125 0.8155086125000001 0.299999665625 0.81971224375 0.293377803125 0.8204581609374999 0.290126384375 0.8226246546875 0.28802676250000003 0.826785684375 0.2828461296875 0.8282333703125 0.27922033281249997 0.827129596875 0.272536246875 0.8226618312499999 0.27138445 0.8206672953125 0.24154979375000002 0.8075738328125001 0.2370389125 0.8038333984375001 0.2241641453125 0.80175520625 0.2179339609375 0.79828045 0.21283285156249998 0.7974508765625 0.20568350156249998 0.792315428125 0.19091360156249998 0.7885424578125 0.1869247859375 0.783843096875 0.1828110046875 0.7827222828125 0.17831148593749999 0.7786565249999999 0.1677689703125 0.77275114375 0.157368203125 0.7697821874999999 0.1504287640625 0.765631225 0.1466612203125 0.761591028125 0.1152830875 0.750723703125 0.113666028125 0.7480614812499999 0.10355469531249999 0.7437997546874999 0.10214754687500001 0.7421220187500001 0.098731659375 0.7420027328125001 0.09136103906250001 0.7362081171875 0.08320164062499999 0.7320145546875 0.0799371375 0.732226275 0.0766593015625 0.7304832140624999 0.071983953125 0.7244570015625 0.0629448921875 0.72446706875 0.0682559109375 0.7262811296875 0.0714445875 0.7329068671875001 0.0782081984375 0.7350973734374999 0.08238420156250001 0.7414318671875 0.0904754375 0.747577365625 0.09551974375 0.7500335515625001 0.11009109531250001 0.752496709375 0.11556658281250001 0.7565965484375 0.138778340625 0.798447746875 0.1391640796875 0.801392690625
2 0.4314503515625 0.9379786234375 0.43255670625000003 0.9412744500000001 0.4400577125 0.9503308109375 0.45404425625 0.9625451249999999 0.4662606328125 0.9694861156249999 0.47239993281250003 0.9755634515624999 0.48914449062500004 0.9787539375 0.4981499875 0.965713928125 0.5004200171875001 0.956673059375 0.503285696875 0.9515616234375001 0.501992153125 0.9466306624999999 0.49683424218749994 0.947427703125 0.48411852031249997 0.94079499375 0.47889838593749995 0.9363783515625 0.46769747968750003 0.9353357703125 0.4449840296875 0.921188109375 0.4324441375 0.91651585625 0.42865387187500004 0.9131263046875 0.4158813484375 0.908120209375 0.4060821703125 0.9019150687499999 0.3983085109375 0.9006664484375 0.393286925 0.8975596171875001 0.39073934062500004 0.893562021875 0.3824322546875 0.8935976515625 0.3750389140625 0.88845368125 0.3752369453125 0.9037694015625 0.37617883124999996 0.9047794515625001 0.384548140625 0.909957503125 0.3937516703125 0.9122332125 0.4057808578125 0.9175390703125 0.416788634375 0.9241121359375001 0.42532835156250004 0.9244103484374999 0.42918677968749996 0.9258479640624999 0.431257740625 0.9295031968749999 0.4314503515625 0.9379786234375
2 0.5667052546875 0.98927968125 0.56402134375 0.98918595625 0.5629490703125 0.9849141625 0.54732816875 0.9775285640625 0.5476062421875 0.9765611171874999 0.5459323796875 0.97552550625 0.5443380421875 0.9722126390625 0.5349246015625 0.968952440625 0.524438890625 0.961420446875 0.51623405 0.958528175 0.5111610828125001 0.9638882499999999 0.5083235453125 0.975189334375 0.5118470984375 0.9792210109375 0.5200860203125 0.9811373171875 0.5242338828124999 0.9812821640625 0.5274625796875 0.9797663156249999 0.555748340625 0.9882456203125001 0.5628976890625 0.99338106875 0.5651163375 0.9928071078125 0.565462575 0.989887725 0.5667052546875 0.98927968125
2 0.88099996875 1 0.8809781843750001 0.9999286156249999 0.8777440656250001 0.9946041687499999 0.8754123312500001 0.9844254453125 0.8726207531249999 0.98041933125 0.8652793125 0.9528025453125 0.83659904375 0.871674071875 0.8320259390625001 0.8627199546875 0.8292343625 0.858713840625 0.8270725171875 0.8576611890624999 0.8277195484375 0.853123715625 0.7973401046874999 0.841639825 0.7917282906249999 0.8414438562500001 0.78800025 0.8432679859375 0.7867348484375001 0.8445266734375 0.7842321875 0.8532336984375 0.7826887124999999 0.855459834375 0.7828131593750001 0.8658871953125 0.7819903 0.868464215625 0.7797375703125 0.8700141453124999 0.7776493078125 0.8738498531250001 0.7757991 0.8848596953125 0.7657386296875 0.8861369734375 0.76376939375 0.8935597484375 0.764540871875 0.899449634375 0.7626170796875 0.905571121875 0.7656640078125 0.9092604328125 0.7682170140625 0.9200983218750001 0.7683582437500001 0.93704065625 0.7741458859375 0.9391970796875 0.7822430609375 0.9381769609375 0.784064609375 0.9349833796875 0.7820504500000001 0.9297015359374999 0.78291333125 0.9189829328125001 0.7873392671875 0.9181603328125 0.788281153125 0.9191703812500001 0.7893307046875 0.924092821875 0.7921336421875 0.9277736125 0.7948738375 0.940246634375 0.8065162484374999 0.9706193687500001 0.80753171875 0.9765177765624999 0.8069187687499999 0.9800792828124999 0.805398015625 0.9816547734375 0.8097330671874999 0.983434753125 0.8101301671875 0.9860543734375 0.815633796875 0.9963438625000001 0.8161481531250001 1 0.88099996875 1
2 0.69853578125 0.8098519265625 0.7009924828125 0.816452103125 0.7014972484374999 0.8229841140625 0.7046745640625 0.829935171875 0.704072975 0.8331713578125 0.70629704375 0.8394376890625 0.7071761890625 0.8492399671875001 0.7092812312500001 0.8519192312499999 0.7107846859375 0.8578346796874999 0.7128897281250001 0.8605139421875 0.7163391781249999 0.8736631718750001 0.718977646875 0.875058184375 0.7260647734375001 0.8749799546875 0.74211685625 0.8840092046875 0.7472634078125 0.8835374890625 0.747683228125 0.8855064640625001 0.7537657265625 0.8932104125 0.7579022281250001 0.8936805828125 0.7597973609374999 0.89537535625 0.76350268125 0.8942018734375001 0.7606883828125001 0.8908464031250001 0.76204466875 0.8869851343749999 0.768990046875 0.8839704796875001 0.775311115625 0.8848426546875 0.7814449953125 0.884079696875 0.78260273125 0.87890861875 0.7838794921875001 0.8773246078125 0.8230080453124999 0.9040971078125001 0.82340514375 0.9067167296875001 0.8207493749999999 0.912812653125 0.8248063531250001 0.91556008125 0.8265765203125 0.9208334046875001 0.8290278000000001 0.9205932859375 0.8397688656250001 0.9278084765625 0.8472644515625 0.9300245437499999 0.848348084375 0.933971015625 0.8506743984374999 0.9373094453125 0.8577501625 0.9375565359375001 0.8578069656249999 0.9359299218749999 0.8558777515625 0.935211115625 0.8549077234375 0.9280114171875 0.8525586890625 0.925323634375 0.85053316875 0.9203671124999999 0.8442970453124999 0.9240579734375001 0.8434006015625 0.9217466328125001 0.8395762546875 0.91933305 0.8323263859375001 0.919405596875 0.829385396875 0.9173485796874999 0.8298111578125 0.912151940625 0.8278992437499999 0.9039421937500001 0.8296472078124999 0.8958602515624999 0.828308221875 0.8922305828124999 0.8305836718749999 0.8900300078125 0.8342776328125 0.8891818453125 0.83047600625 0.8861176171875 0.82941509375 0.8815205 0.8292452046875001 0.872394428125 0.8308227609375001 0.869192325 0.8314870921875 0.8571639125000001 0.827668684375 0.8475847109375 0.8271525593750001 0.841378021875 0.8252574265625 0.8396832468750001 0.82208605 0.825566571875 0.8187951281249999 0.8218687390625 0.818443471875 0.8179478265625001 0.8161057968750001 0.8149347203125 0.810737975 0.8147472718750001 0.8037530937499999 0.8118976 0.798839175 0.812703159375 0.79620070625 0.8113081453125 0.792211890625 0.8066087828124999 0.7878541171875 0.8054794484375 0.777078971875 0.7992402265624999 0.7639829328125 0.79650286875 0.7612254375 0.7915207859375 0.7570775750000001 0.7913759390624999 0.7537298515625 0.78930471875 0.748872734375 0.788483665625 0.7383756609375001 0.7812769953124999 0.73278656875 0.78043038125 0.7308914359375 0.7787356062499999 0.730471615625 0.7767666296875 0.7235208156249999 0.772940990625 0.7226130109375 0.7709549734375 0.7204284453125 0.7705529671875 0.719322090625 0.7672571406250001 0.7132790953125 0.76541751875 0.7080589609375 0.7610008781250001 0.7076277796875 0.7593572234375 0.695496346875 0.75697926875 0.6945885421875 0.7549932515625 0.6912180984375 0.7535726765625 0.684602175 0.7471529765625 0.683268609375 0.7503636015625 0.683132284375 0.754267471875 0.686236015625 0.756330171875 0.687064296875 0.760593446875 0.6867234812499999 0.770353121875 0.6897476890625 0.7746930796875 0.6930664921874999 0.7915835171875 0.6939513171875 0.8012231328125001 0.6982068453125 0.8052803703125001 0.69853578125 0.8098519265625
2 0.9826000984375 1 0.9853871062499999 0.9201905265624999 0.9817953906250001 0.9181107859375001 0.9811542984375 0.9154826437500001 0.9787711828125 0.9137708265625 0.9788279859375001 0.9121442156249999 0.9808026421875 0.9115617328125 0.9816141406250001 0.9093100359375 0.9726491828125001 0.900202553125 0.9662940328125 0.9003063453125 0.9615391593749999 0.8965573890625 0.9569033140625001 0.8963955015625 0.9552235124999999 0.902525509375 0.95130828125 0.9027145046875 0.9456115234375 0.8979554999999999 0.9419970875000001 0.8965264046874999 0.94097025625 0.89095331875 0.9435010593750001 0.88843594375 0.9381900406250001 0.88662188125 0.9298207312500001 0.8814438296875 0.9201632999999999 0.8781751124999999 0.9049227156249999 0.8668941640625001 0.8785493875 0.852618696875 0.874061228125 0.8482276171875001 0.863393746875 0.8459007843749999 0.8612659828125 0.8438721656249999 0.8607325578125 0.8451564156250001 0.8604431234375 0.8464491859375001 0.8629339046875 0.8520733921874999 0.8625990296875001 0.854667453125 0.908510284375 0.9810211828125001 0.9125559015625001 0.9840939328125 0.9146095640624999 0.9952401015625 0.9178131640625 1 0.9826000984375 1
2 0.6484141609375 0.839044971875 0.64984403125 0.8400720609375 0.6523066703125 0.83950661875 0.6576799140625 0.8465343609374999 0.6620549859375 0.84017275625 0.662446665625 0.8359520843749999 0.6717015749999999 0.8297608875 0.673551265625 0.8327569531250001 0.6757812750000001 0.8318576703125 0.6773874921874999 0.8208393062500001 0.6801736468749999 0.8180051265625 0.67827309375 0.8094700578125 0.6786761328125 0.8049240640624999 0.6762821734375 0.7895316593749999 0.6724805484374999 0.7864674296875 0.665445840625 0.7500669359375001 0.6613948015625 0.7401538921874999 0.65850098125 0.7390756796875 0.6564754609375 0.7341191593749999 0.64781671875 0.7302338765624999 0.6465118140625 0.7256282406250001 0.6327519625 0.720913384375 0.6316456078125 0.7176175578125 0.6275318265625 0.7164967437499999 0.6235430125 0.71179738125 0.621114453125 0.7113868546875 0.6161155890625001 0.707629378125 0.614640278125 0.7079035796875 0.614509371875 0.71864774375 0.6162795390625 0.7239210671875 0.61677294375 0.7307784015625 0.6250789921875 0.758754590625 0.6262134890625 0.7682400671875 0.629005065625 0.77224618125 0.6311382515624999 0.78111509375 0.63163165625 0.787972428125 0.6428991703125 0.82908080625 0.6484141609375 0.839044971875
2 0 0.94332405625 0.0017855171874999998 0.943820428125 0.0193751359375 0.9577891609375 0.029112090624999996 0.9587806203125 0.036329603125 0.9619641359375001 0.0421967703125 0.961843303125 0.044460859375 0.9599680515625 0.053080618749999996 0.943983096875 0.055821331249999995 0.942450209375 0.060457178125 0.942612096875 0.0829439359375 0.9492602984375 0.089032371875 0.9497986296875001 0.094785934375 0.952931021875 0.11050908125 0.9573887171875001 0.1181804953125 0.9615652390625 0.1256874421875 0.9634559843750001 0.1288988390625 0.9694310749999999 0.13853355 0.9733504375 0.1431066546875 0.9823045546875001 0.14640893593749998 0.9856770656249999 0.146340771875 0.9876290015625001 0.22734608281250002 0.99045776875 0.2269262625 0.9884887921875001 0.22278976093749997 0.9880186234374999 0.21827888125 0.9842781890625 0.2112144765625 0.9837057734375 0.20125082968750002 0.9752148546875 0.1863846234375 0.967204171875 0.18202685000000002 0.9660748375000001 0.177039346875 0.9619920390625 0.1739015328125 0.9609053062499999 0.16941337343750001 0.9565142265625 0.0699176140625 0.9025532734375 0.069475071875 0.9012349437499999 0.0644080453125 0.8994294015625 0.061327034375 0.8967160578125 0.0473345515625 0.891667359375 0.03420443125 0.8899059687499999 0.031112059375 0.8875179453125 0.026896034375 0.8893250343749999 0.02176084375 0.8894714296874999 0.011116084375 0.8864939515625 0.0020261609375 0.8809650171875001 0 0.8785492375 0 0.94332405625
1 0.8404048156249999 0.7626910234375 0.8433327187499999 0.7627932671875 0.850657896875 0.7698891734375 0.8605365984375 0.77381705625 0.865524103125 0.7778998546875 0.8737175828125 0.78111745 0.878483815625 0.784541084375 0.8797492171875 0.7832823953125 0.8800697625 0.7845964671875 0.8816557093749999 0.7846518484375 0.8798060187500001 0.7816557828125 0.8781948999999999 0.77182794375 0.8757268390625 0.765553090625 0.8773498375000001 0.7610496984374999 0.875568309375 0.756101696875 0.875818240625 0.7489446 0.8723969328125 0.7419850218749999 0.8687029734375 0.7428331828125 0.8670972750000001 0.7398456375 0.8644133640625 0.7397519140625 0.8623937828124999 0.7276297765625 0.8596985125 0.727861375 0.8579224062499999 0.7297536671875 0.8531220906250001 0.7273060015625 0.8506767515625 0.7203805046875 0.8510343484374999 0.7171358 0.8469773703125 0.7143883734375 0.8463135578125 0.7124108765625 0.8438054749999999 0.7142776078125 0.8381823015625001 0.7144069609375 0.8360940390625 0.71824266875 0.8329221453125 0.718131903125 0.8316172406250001 0.7135262671875 0.8256651296875 0.7090840625 0.8233501765625 0.7054203125 0.8206889859375 0.7046759421875 0.8195826328125 0.7013801156249999 0.8196112921875001 0.6935638546875 0.8153952671875 0.69537094375 0.8100896687500001 0.700397175 0.8071558265625001 0.7074605453125 0.8077401156249999 0.7117153015625 0.8119615625 0.71674850625 0.8200690609375 0.7434148859375 0.8240919578125 0.7471382796875 0.8254423046875001 0.750442628125 0.831428496875 0.7539088625 0.8318369562499999 0.7562031593749999 0.835127878125 0.75990099375 0.8404048156249999 0.7626910234375
1 0.9772432140625 0.8036243624999999 0.9755693531249999 0.8025887515625 0.97327118125 0.805439971875 0.970842621875 0.80502944375 0.969713546875 0.8023842625000001 0.9682723171875001 0.8016824953125001 0.9655202421875 0.80354070625 0.9628363312499999 0.8034469812499999 0.9585467218750001 0.8003657125 0.95669703125 0.797369646875 0.9486907406249999 0.795787184375 0.9385794078125 0.7915254578125 0.9394704296875 0.7869965015625 0.938761175 0.7863202953124999 0.936065903125 0.7865518953125 0.9337904531250001 0.78875246875 0.9294894828125001 0.7859965203125 0.9300510515625 0.7909019203125001 0.9284734953125 0.794104025 0.9226799124999999 0.799113215625 0.9183675812500001 0.796682590625 0.9129202359375 0.7987724 0.9099869125 0.7918298625 0.9050729937499999 0.792635421875 0.9004825890625 0.7911722453125 0.8958013015624999 0.792311646875 0.895523228125 0.79327909375 0.9744160015625001 0.84261194375 0.9879659421874999 0.8463423109375 0.9901244406249999 0.7845310296875 0.9822371765625 0.7865356343750001 0.9816810296874999 0.7884705296875001 0.984217253125 0.7927934453125001 0.9819077203125 0.7959699890625 0.980948534375 0.8024508765625 0.9772432140625 0.8036243624999999
1 0.77316633125 0.7293996734375 0.7820295640625 0.7274291500000001 0.787363821875 0.7145866562500001 0.7912909328125 0.7000664265625 0.7976406609375 0.6931223421875 0.7979414546875 0.6915042484375 0.796228090625 0.6846043125 0.79260229375 0.6835005390625 0.790156953125 0.6765750421875001 0.78032369375 0.6713458671875 0.7706040390625 0.66286346875 0.76502630625 0.6616915328124999 0.7620756828124999 0.662239934375 0.761309625 0.663190340625 0.7617294453125 0.665159315625 0.7639762359375 0.6707750015625 0.76894101875 0.675508446875 0.7748644687499999 0.687766909375 0.7738712015625 0.6952237671875 0.7723390875 0.6971245796875001 0.768100340625 0.6995823140625 0.764508625 0.6975025734375 0.7415452453125 0.6905120078125 0.7373746609375 0.69101780625 0.7360978984375001 0.6926018171874999 0.735808465625 0.6938945875 0.7423675859375 0.7019408984375 0.744268140625 0.71047596875 0.7466058140625 0.713489075 0.7499535374999999 0.7155602953125 0.7510939734375001 0.7178801546875 0.755917009375 0.7196771765625 0.75993990625 0.72340056875 0.767599959375 0.727902415625 0.77316633125 0.7293996734375
1 0.23279143906250002 0.4287822140625 0.23958912968749999 0.4299967515625 0.2508295390625 0.436903659375 0.25481835468749997 0.44160302187499995 0.26908297187499997 0.4528498890625 0.27272012968750003 0.453628340625 0.2734861859375 0.45267793437500004 0.278213434375 0.43623133125 0.28259986875 0.4295444046875 0.2863733515625 0.426418984375 0.2899087828125 0.41611942968750004 0.28689593593749996 0.41145414843749994 0.2782031109375 0.4085448328125 0.2760980671875 0.4058655703125 0.268392571875 0.40266501562499996 0.26857434062499996 0.3974598546875 0.2822946890625 0.396310384375 0.2957028828125 0.3971043265625 0.29866486718749996 0.39623060468750004 0.2999757109375 0.393670625 0.2985912828125 0.3913422453125 0.297115971875 0.3916164453125 0.26746308281250003 0.373317825 0.2565802703125 0.3631662109375 0.25531486875 0.3644248984375 0.2497030546875 0.3642289296875 0.24524897812500002 0.3588618828125 0.241867171875 0.3577666296875 0.241192 0.3561144546875 0.23553474375 0.357219775 0.231812640625 0.35187828906249996 0.2316595328125 0.3492671875 0.22809053906250001 0.346536803125 0.14519165 0.2999955296875 0.133003415625 0.2992441890625 0.12021359218750001 0.30172903125 0.11960658125000001 0.298124921875 0.1186533359375 0.2974401953125 0.112973359375 0.2991961609375 0.0953605 0.29988398437499997 0.09053746406249999 0.2980869640625 0.074712071875 0.2965571703125 0.0629095765625 0.2987507734375 0.059363303125 0.295369740625 0.0555898203125 0.29849516249999997 0.031689973437500005 0.297334840625 0.027882409375 0.301436228125 0.0255387953125 0.30558873750000004 0.027178575 0.307600315625 0.0289206 0.30668399062499996 0.032398710937500005 0.31201695625000003 0.0316212921875 0.3132926859375 0.03542291875 0.316356915625 0.161149740625 0.3956628203125 0.16554159531249998 0.3958161875 0.1730258203125 0.398357578125 0.23279143906250002 0.4287822140625
1 0.31650182656250003 0.47307178906249997 0.31524778593749997 0.4740051546875 0.3151796234375 0.47595709062499997 0.3236170953125 0.47918320625 0.330442928125 0.48658739375 0.335021971875 0.48837589374999996 0.33951013125 0.4927669734375 0.3505974328125 0.49706278125000003 0.35872275 0.5022323125 0.36104906406250004 0.50557074375 0.36489613125 0.50733368125 0.3665245515625 0.5096705828125 0.3715688578125 0.5121267671874999 0.37718067187500004 0.5123227359375 0.380783746875 0.5140771546875 0.382781125 0.5128440265624999 0.388148946875 0.513031475 0.39485033281250004 0.5100083015625 0.40067205625 0.5111887578125 0.40857068124999996 0.5088588296875 0.4148349484375 0.51135761875 0.42043540156250003 0.511878909375 0.4249917234375 0.514318053125 0.4270967671875 0.51699731875 0.4288842328125 0.514779703125 0.42959942812499996 0.50829029375 0.43456421093750003 0.5130237375 0.43630623437500005 0.5121074125 0.436720634375 0.5072360953125 0.4356142796875 0.503940265625 0.4377252625 0.499453915625 0.427812478125 0.4965019984375 0.42458378124999996 0.498017846875 0.4204813609375 0.49657170937500006 0.4201410640625 0.492325475 0.4216504578125 0.49107530781250003 0.420078840625 0.48711179531250004 0.4176843640625 0.4857253 0.4175198953125 0.4834395234375 0.40800421093750006 0.483107228125 0.4049232 0.48039388125000004 0.40050862499999995 0.48089116093750006 0.39787015625 0.47949614687500003 0.393432859375 0.48064406875000004 0.3913278171875 0.47796480468749997 0.3921847578125 0.47441181875 0.3910784046875 0.471115990625 0.3924574109375 0.46660407812500004 0.39152688593749996 0.46526870625 0.3893650390625 0.4642160546875 0.377352634375 0.46542516875000006 0.37422618124999996 0.4640131140625 0.3468379015625 0.42983333124999995 0.3468552015625 0.42234239218749997 0.3443530578125 0.4170435078125 0.3368688328125 0.4145021171875 0.33340750468749997 0.41568412187500003 0.32903295 0.408039815625 0.3255034578125 0.41117375625 0.3212138484375 0.4080924859375 0.3138427109375 0.41630378125 0.3118680546875 0.4168862640625 0.3147164328125 0.41926576562499995 0.316310771875 0.4225786328125 0.3156069375 0.42874272187500007 0.30911546093750003 0.43275038437499996 0.3143469578125 0.436841703125 0.3150275515625 0.4453341703125 0.3132909484375 0.45309078906250005 0.313517640625 0.460590246875 0.3151401203125 0.4700927640625 0.31650182656250003 0.47307178906249997
1 0.484268321875 0.5727374703125 0.49247316249999995 0.57562974375 0.4973134984375 0.5699358250000001 0.4982499625 0.56410558125 0.49689961718750003 0.5608012312499999 0.4977906390625 0.556272278125 0.49738269687500003 0.5399720703125 0.4942167421875 0.5326956890625001 0.4901597640625 0.5299482624999999 0.47591735 0.5320566609374999 0.46548198125000007 0.5440695796874999 0.46148722812500004 0.546535834375 0.456442921875 0.5440796484375 0.44761377031249994 0.5450742046875 0.447068984375 0.546683778125 0.45112596250000003 0.5494312031249999 0.4531287609375 0.5550383703125 0.46054482343750003 0.5595316953125 0.46516930937499995 0.5600189062500001 0.4678986625 0.5588113390625 0.47431603593749994 0.5639212265625 0.47593309531249994 0.56658345 0.4811277984375 0.568230590625 0.484268321875 0.5727374703125
1 0.65823996875 0.585652796875 0.6635055453125001 0.5887681484375 0.6693045484375 0.5905992515625 0.6746950921875 0.5901360546875 0.6795067671874999 0.5922583968749999 0.6811746890625 0.6004596234374999 0.6803859109375 0.6020606749999999 0.7381541515625 0.6337184375 0.7393059484375 0.635712975 0.7509721171875 0.6374232453124999 0.7586548921875 0.64127444375 0.7720176453125001 0.643369678125 0.777413609375 0.649746775 0.7813288390625 0.6495577796875 0.789210165625 0.6547187890624999 0.8005755390625 0.65804715 0.8165026578125 0.6706549500000001 0.8203951671875 0.6711166000000001 0.82340259375 0.6689415859375 0.8275845374999999 0.6681104640625 0.8317946234375 0.6734689921875 0.8437388671875 0.6742118140625 0.8473646640625001 0.6753155875 0.8508995765625 0.679021940625 0.8537198140625 0.6752117953125001 0.8564264453125 0.6746548734375 0.8577540703125001 0.678609865625 0.862616609375 0.6862712125 0.8664863984375 0.68738350625 0.87002725 0.68392424375 0.873420415625 0.684694175 0.8739365421875 0.6909008640625001 0.8848993953125 0.684769309375 0.8910273359374999 0.69117196875 0.8958390109375 0.6932943109374999 0.8967354546875 0.69560565 0.9007697109375 0.699003721875 0.9006333859375 0.7029075921875 0.9039697484375001 0.7053041359375001 0.9086450968750001 0.71133035 0.9087186812500001 0.7162187078125 0.9129347062500001 0.71441161875 0.9159248328125 0.71972754375 0.9341328234375 0.7369750640625 0.9389104171874999 0.7400733734375 0.9544122937499999 0.743871903125 0.954253246875 0.74842641875 0.9589118140625 0.7479376609374999 0.960943271875 0.7457285671875 0.96437051875 0.7455225296875 0.9686033265624999 0.7502304109375 0.9697324015625 0.75287559375 0.9696074359375 0.7564541421875 0.9733581984375 0.7539793671874999 0.9762861015625001 0.7540816125 0.9817615890625 0.7581814515625 0.9866300671875001 0.75867718125 0.9880485765625 0.7600295953125 0.9889109390625 0.7633169015625 0.9908628734375 0.7633850640625 0.9937370828125 0.6810784640625 0.98940203125 0.6792984828125 0.9884828671875001 0.6776377890624999 0.9841137328125 0.676833778125 0.9802152843749999 0.6835377453125 0.9761128640625 0.6820916078125 0.9748247421875 0.684000940625 0.9724954578125 0.6842453203125001 0.96973499375 0.6828460453125 0.968350565625 0.6805176656249999 0.9650764265625 0.683334803125 0.9584037000000001 0.6785417171875 0.9579838796875 0.676572740625 0.9546020734375 0.6754774875 0.95296229375 0.6734659093750001 0.9495236859375 0.6739972703125 0.9461986843749999 0.671275403125 0.93738089375 0.6719446375 0.9337891781250001 0.669864896875 0.9316219109375 0.6619719515625 0.933244909375 0.657468559375 0.9289325796875 0.655037934375 0.9313102750000001 0.6499094578125 0.9294378625 0.6475640375 0.9295401078125 0.644636134375 0.9323262640625 0.6418019562499999 0.9294551625 0.6400730984375 0.9276395546874999 0.6361010640625 0.9233499437500001 0.6330197953125001 0.9175509421875001 0.6311886921875 0.91400466875 0.6278076609375 0.9140614703125 0.6261810484375 0.9119337062499999 0.6241524296875001 0.912024590625 0.62154985 0.9075986546875001 0.6223724515625 0.902565709375 0.6195909421875 0.9003643609375 0.612673965625 0.90340586875 0.6095229843750001 0.8986055546875 0.60707531875 0.8969998562500001 0.6040877734375 0.8929937406249999 0.60687935 0.8885678046875001 0.6077019499999999 0.885776228125 0.6036958359375 0.8866104484375 0.60079349375 0.8852260203125001 0.5984651140625 0.885294184375 0.596513178125 0.887104371875 0.59364491875 0.8862192875 0.5910082562500001 0.881396253125 0.5892112375 0.878377465625 0.591711571875 0.8741332984374999 0.5873290124999999 0.8721132 0.589212784375 0.8358384484375 0.5716600796875 0.8283201421875 0.5700946578125 0.8231795296875 0.5634007578125 0.8171478953125 0.5612358125 0.8156785234375 0.554344396875 0.8077631171874999 0.5501593546875 0.803240875 0.5467442421875 0.8016465374999999 0.543431375 0.7968462234375 0.5409837078125 0.7643330765624999 0.534636815625 0.7629372875 0.532633759375 0.7612066234375 0.5332247609375 0.759640428125 0.5361015421875 0.753915009375 0.5391587984374999 0.750555925 0.5374129 0.7465270890625 0.540855121875 0.745102640625 0.546668325 0.7430371 0.5498533875 0.7386906875 0.54839873125 0.736159884375 0.5509161078125 0.7307920625000001 0.550728659375 0.727296653125 0.55288663125 0.7262806640624999 0.5609941328125 0.72363625625 0.566764734375 0.709972709375 0.5662875921875 0.70832156875 0.5646013390625 0.70699394375 0.5606463453125 0.70324318125 0.56312111875 0.6988513265625 0.5629677515625 0.6975291218749999 0.565853053125 0.6924393734375001 0.5646981578125 0.6912762171875 0.56302894375 0.688802215625 0.5639197078125 0.6849778703125 0.5615061234375001 0.68157334375 0.561061515625 0.6794683 0.5583822515625 0.6713202625 0.553863365625 0.66624523125 0.5536861421875 0.6641141109375 0.5503545296875 0.6599208062499999 0.551510971875 0.658354609375 0.554387753125 0.6554267078125 0.5542855078125 0.6535943171875 0.543798503125 0.6554953890624999 0.5383276640625 0.6531917953125 0.5343385890625 0.6543040890625 0.5304688 0.6514784312499999 0.527438653125 0.6520459390625 0.525178434375 0.6545767421875001 0.5226610593750001 0.653402225 0.5213171671875 0.650706953125 0.521548765625 0.649918175 0.523149815625 0.6382860875 0.52046358125 0.6355794546875 0.5210205015625 0.6350233078125 0.522955396875 0.63616374375 0.52527525625 0.6457475921875 0.523655615625 0.6463886828125001 0.5262837578124999 0.6482838156249999 0.5279785328125 0.6473127515625 0.5487906546875 0.6388352578125 0.553706121875 0.6413811171875 0.5554236218749999 0.640196446875 0.57069105625 0.65823996875 0.585652796875
