2 0.33768249687499996 0 0.4865666625 0.0768140046875 0.5079809843749999 0.023468275 0.6137674421875 0.074867084375 0.6407489765625 0.030029609375 0.640699940625 0.0201704109375 0.5745381328125 0 0.33768249687499996 0
2 0.6652509640625001 0.4170876640625 0.6627764640625 0.425181390625 0.6592818203124999 0.431601646875 0.6556652421875 0.4434309390625 0.6536918953125 0.45406064218750003 0.65388076875 0.46262824843750006 0.65806396875 0.47650177656250003 0.6581844296875 0.4802829421875 0.6572059390625 0.48849365 0.654663025 0.4918009375 0.652517171875 0.49965474375 0.6530703703125 0.5011854515625 0.661259759375 0.5002852546875001 0.6641387671875 0.50422900625 0.673434553125 0.5063902234375 0.67432531875 0.5059817703125 0.6742063296875 0.4930104015625 0.6763001375 0.486161865625 0.67708828125 0.47857375312499995 0.6811718046874999 0.466887221875 0.6826782062500001 0.45611475781250005 0.684529621875 0.45089408750000004 0.68310496875 0.43718314375 0.683460375 0.43184548906250003 0.6921434671875 0.4259903171875 0.6954566859375 0.418493409375 0.701848178125 0.4126184109375 0.7020563640625 0.40859732656250003 0.7038557328125 0.40438192656250005 0.7129016796875 0.40068005468749995 0.7198196109375 0.4014335015625 0.7204947421875 0.3975551765625 0.7216710265625 0.3962128296875 0.728748040625 0.37557006249999997 0.731524428125 0.37233415625 0.7360139296875 0.36349490156250003 0.73658496875 0.36162711875000003 0.7354101578125001 0.35377926406250004 0.73788465625 0.3456855390625 0.73742663125 0.34384353437500004 0.731527371875 0.35395375625000003 0.728154659375 0.35496498125 0.72031175625 0.35222676875 0.7149760875 0.352978253125 0.70638071875 0.3510311734375 0.679912034375 0.3415773078125 0.6707976734375001 0.340492740625 0.6698117359375 0.3412124921875 0.6692749046875 0.34547349375 0.6699548171874999 0.35494009375 0.6661580093749999 0.3690289640625 0.6642783624999999 0.38853757187500004 0.66612830625 0.3925071 0.666836171875 0.40021219375 0.6662294546875 0.40887695781250005 0.6648018578125 0.41354641406250003 0.6652509640625001 0.4170876640625
0 0.6914278875 0.1366105390625 0.674996846875 0.1610192734375 0.6703887374999999 0.1964006046875 0.664751996875 0.2351464375 0.6745415375 0.24825660312500003 0.6830070109374999 0.2002583984375 0.696845884375 0.16402021093750002 0.705589340625 0.1354216546875 0.6914278875 0.1366105390625
0 0.7436731234375 0.369645565625 0.748260175 0.3140233859375 0.73052903125 0.27273200625 0.7175849015625 0.25865704375 0.7086690078125 0.26888353125000003 0.713347340625 0.3199048859375 0.7304715078124999 0.35641196875 0.7436731234375 0.369645565625
0 0.682732271875 0.519329603125 0.6795091234374999 0.5073068968750001 0.6647488421875 0.5084587296875 0.6451518296875001 0.5519882468749999 0.6347247984375 0.58834979375 0.63128595 0.617650384375 0.6276823703125001 0.654258578125 0.6244559875 0.6670687015625 0.6363954484375001 0.67991641875 0.6551411421875 0.6479376343750001 0.6652423171875 0.6013589203125 0.6732414453125 0.545860171875 0.682732271875 0.519329603125
0 0.7360506296875 0.40134641093749995 0.7303518421875 0.3793693671875 0.714929384375 0.4007488875 0.699917334375 0.447324275 0.700425234375 0.49530667656249994 0.7106574859375 0.520508890625 0.7288613921875 0.5196361609375 0.71699690625 0.46818170156249994 0.7168835140625001 0.44147406718750004 0.731840309375 0.433170375 0.74333761875 0.433925878125 0.74266185 0.418083596875 0.7360506296875 0.40134641093749995
0 0.6882301328125 0.2892321390625 0.6834640375000001 0.2822561828125 0.6701897078125 0.2847194296875 0.65803215 0.336104525 0.6728244453125 0.3351085078125 0.6842082703125001 0.30915668749999997 0.6882301328125 0.2892321390625
2 1 0.131875853125 0.9013532218750001 0.099860115625 0.802929478125 0.0697689578125 0.7927826765625 0.08941839375 0.8374405890625001 0.0809977890625 0.89927096875 0.09990123281249999 0.9104596859375 0.135513409375 0.9606076234375 0.14072762968750002 1 0.15277108749999999 1 0.131875853125
1 0.6923054609375 0.1051785875 0.71205993125 0.154875084375 0.7191374015625 0.17911312343750002 0.742900028125 0.20293351249999997 0.7589300484375 0.20691497656250002 0.771459128125 0.17947346250000001 0.7697372765625 0.12192245937499999 0.764110090625 0.0861711203125 0.7169763031249999 0.084637315625 0.7038880796875 0.0981113546875 0.6923054609375 0.1051785875
2 0.4322167671875 0.20799956718749998 0.660983859375 0.2788604328125 0.6754535765624999 0.24281511249999999 0.234158759375 0.0295100125 0.22521570156249998 0.05917560937500001 0.29683248125 0.1160217375 0.4322167671875 0.20799956718749998
2 0 0.5351313328125 0.0322927265625 0.554805646875 0.0055719109375 0.6376921296875 0.2654810890625 0.7714200234375 0.3249760859375 0.7776524328125001 0.3634958703125 0.71033029375 0.49925721406249995 0.7785096703125001 0.510243253125 0.7561152171875001 0.5045922 0.7249553093750001 0.41577604375000005 0.6702087718749999 0.353900971875 0.635655984375 0.2819793015625 0.5888338453124999 0.1755181515625 0.548927440625 0.116400075 0.5188961937500001 0.0520222203125 0.5038126375 0 0.47674287812499994 0 0.5351313328125
2 0.8697252421874999 1 0.8781698078125 0.9723790703124999 0.8902287624999999 0.9328374703125 0.8360654734375 0.8978828343749999 0.755824809375 0.8466781734375 0.702972753125 0.8122486656250001 0.6954930140625 0.8070783984375 0.67979328125 0.95771725 0.6884376609375 0.9723167984375 0.749918221875 0.9855948171875 0.79216915 0.978277475 0.812756871875 1 0.8697252421874999 1
2 0.8070446828125 0.6949418796875 0.7557274828125 0.695808403125 0.7158836359375 0.702022171875 0.6539368234375 0.6812433 0.6325989609375 0.701392628125 0.62977013125 0.7106453125 0.6526924921874999 0.72593109375 0.719450515625 0.769334715625 0.7443854453125 0.7622421562499999 0.770887284375 0.7455111046875 0.8098430390625 0.739945903125 0.8161106218749999 0.7013929390625 0.8070446828125 0.6949418796875
3 0.812575834375 0.7490591140625 0.9284288734375 0.8056334375 0.9362880109375 0.78228299375 0.8225960265625 0.7200196531249999 0.812575834375 0.7490591140625
2 0.8409708796875 0.246490690625 0.8472999328125 0.2525104109375 0.851692790625 0.2531726515625 0.8572782999999999 0.25828425781250003 0.8654929765625001 0.261476525 0.8744764843749999 0.2696693703125 0.8778923234375 0.2693521203125 0.8916925078125001 0.27765599375 0.89458935625 0.2782012546875 0.8973136953124999 0.27597061875 0.9061945843749999 0.27698380624999996 0.9120656125 0.2811615203125 0.9157149234374999 0.28091564999999996 0.918645978125 0.2838541296875 0.9240679 0.28449059375 0.92662718125 0.28697501718749996 0.9338737593750001 0.2874885453125 0.9316431234375001 0.28476420468749997 0.93165204375 0.283064959375 0.9282793312500001 0.28407618437500004 0.9264115484375001 0.28350514531250004 0.9246999046875001 0.27991829375 0.9205747265625 0.28172065156250004 0.918620690625 0.27976166406249997 0.91171315 0.2681187734375 0.912215775 0.2614645515625 0.91106625 0.2577091625 0.9078585968749999 0.254005328125 0.8940494921875001 0.2474007015625 0.8909979781249999 0.24068105312500002 0.889823165625 0.23283320000000002 0.88024333125 0.22241567187500003 0.8661665468749999 0.21334644531250002 0.8600709656250001 0.20739810625000002 0.8375371125 0.1967644765625 0.8313627265625 0.19691914375 0.82502328125 0.2017888703125 0.8222126875000001 0.20263155624999998 0.8162806921874999 0.201158359375 0.8058443015625001 0.1935425046875 0.80266340625 0.18474093593750002 0.7969143109375 0.1751541890625 0.7910953296875001 0.169971203125 0.78349481875 0.16560512656249998 0.7747105750000001 0.1550904421875 0.7710181359375 0.1546423390625 0.7684990375 0.171232290625 0.7655695437500001 0.21254556562500002 0.7680604109375 0.21024355 0.77161455 0.2103089765625 0.7767851593749999 0.2142725515625 0.7958689671875 0.22283021249999999 0.8017399953125001 0.22700792656250002 0.824230721875 0.23694758125 0.83322315 0.2434411828125 0.8409708796875 0.246490690625
2 0.5312003140625 0.3386608796875 0.5365345109375 0.3470995953125 0.53995035 0.34678234375 0.549470690625 0.3507141875 0.5544509546875 0.35530035781249997 0.5614030921875 0.358447021875 0.566783359375 0.3491993125 0.5705709718749999 0.34933611875000004 0.5755601546875 0.35222304375 0.5785179671875 0.3500637875 0.5826535374999999 0.337371984375 0.5864679078124999 0.3324110546875 0.58832824375 0.3254911390625 0.592947125 0.31873380625 0.5976953875000001 0.3140583953125 0.6062312624999999 0.309519790625 0.609916253125 0.3024769390625 0.60825665625 0.297884815625 0.5968789250000001 0.2824924875 0.5933679125 0.2831210359375 0.58875795 0.2881791234375 0.58257464375 0.29003303593749996 0.5790294234375 0.2882683640625 0.573133109375 0.2799981859375 0.563916128125 0.271733959375 0.560863140625 0.2742045140625 0.5573595765625 0.2823240171875 0.5566323984375 0.2872076125 0.562085584375 0.30861769687499996 0.5580199 0.3169057359375 0.5528656578125 0.318733871875 0.5458094265625 0.3175977484375 0.5427653609374999 0.31836905625 0.530276815625 0.3274859140625 0.529601684375 0.3313642390625 0.5312003140625 0.3386608796875
