1 0.4643861125 1 0.322252334375 0.377707921875 0.24151786249999999 0.4264839125 0.2583992203125 0.5293894828125 0.0071361421875 0.5861250296875 0.0951079828125 1 0.4643861125 1
1 1 0.4811258859375 0.9817627124999999 0.40392124375 0.7130486390625 0.495981465625 0.5728301515625 0.5291137578125 0.5007868703125 0.47786839687500005 0.41700447656249995 0.101316996875 0.302595178125 0.097348025 0.4653399109375 0.77493293125 0.5480324875 1 0.5495795593749999 1 1 0.8032199375 1 0.4811258859375
2 0.4642838359375 0.38246147656249996 0.3717247078125 0.3638643125 0.36286855 0.3574269171875 0.5112356046875 0.8616875187499999 0.553103659375 0.8061971453125001 0.5445997671875 0.68986313125 0.5207330781249999 0.58345044375 0.48479121875000003 0.5611387359375 0.4543022671875 0.5409959093750001 0.4865988296875 0.49918778125 0.4642838359375 0.38246147656249996
2 0.5661061359375 0.5738061015625 0.583518590625 0.5617851421875 0.45879545000000005 0.0924340515625 0.41036294375000004 0.199238715625 0.44525647187499995 0.33991482500000003 0.5065589046875 0.493281171875 0.5661061359375 0.5738061015625
3 0.9187189421875 0.066224825 0.9089054031250001 0.0200557484375 0.46289476562500004 0.088234784375 0.48375441406249997 0.1570154234375 0.9187189421875 0.066224825
3 0.7401921515625001 0.47690020781250003 0.64956471875 0.11511549218749999 0.630121875 0.11758423124999999 0.7171479546875 0.49178219843750004 0.7401921515625001 0.47690020781250003
3 0.9163501578125001 0.055080565625 0.8765070875 0.0202863609375 0.46767087656250006 0.087219590625 0.48208169375 0.13740338125 0.9163501578125001 0.055080565625
3 0 0.214519071875 0.1708173671875 0.18193310000000001 0.2263393015625 0.53121213125 0.0095241984375 0.5856174328125 0.2467973390625 0.5335195046875 0.26214086718749996 0.535250034375 0.194519090625 0.181887040625 0.14601796875 0.123973675 0 0.16149468125 0 0.214519071875
3 0.2665593109375 0.5442946609375 0.25410180000000004 0.5502705171875 0.21344704375 0.593855234375 0.2365737234375 0.6322026171874999 0.28317935 0.5990007640624999 0.31722571093749996 0.5301972515625 0.312666975 0.5028788234375 0.2663750734375 0.4494877703125 0.2728817140625 0.4331290484375 0.3315679125 0.41566301406250006 0.33047023593749997 0.35765752812499996 0.2962396359375 0.3316541515625 0.2601436171875 0.40255729687499997 0.25744183593750003 0.4896578015625 0.2665593109375 0.5442946609375
0 0.7385582687500001 0 0.736863640625 0.015025209375000001 0.7516899375 0.020193610937500002 0.8054211890625 0.00877268125 0.823039334375 0 0.7385582687500001 0
3 0.48733070781250004 0 0.39413370937500003 0.0113322765625 0.0638859625 0.08984843125 0.9036506 0.0012051015625 0.9032739640624999 0 0.48733070781250004 0
