2 0.8687607609375 0.1421405828125 0.87805723125 0.136602925 0.8813880062499999 0.13302881093750002 0.8817838046875 0.1229625328125 0.8413887546875 0.0895885109375 0.8239537953125 0.0616385734375 0.73736426875 0.0416478046875 0.7369981375 0.0432336953125 0.7478845234375 0.0601126 0.774562640625 0.0813054796875 0.8020882421875 0.0992193203125 0.8171644328125 0.09468391875 0.8687607609375 0.1421405828125
1 0.9266371843749999 0.181226828125 0.9702968562500001 0.20266529218749998 0.974798434375 0.20270231249999998 0.9801969328125001 0.1999396546875 0.9742506656250001 0.18988068281249998 0.940509684375 0.1623800453125 0.92647456875 0.15913978281250002 0.92521029375 0.1765543203125 0.9266371843749999 0.181226828125
2 0.5893035453125 0.2640413203125 0.5920663046875 0.26835407187500004 0.6233378390625 0.2859302578125 0.6452851625 0.2926676140625 0.6671075531249999 0.3047214609375 0.6704193078125 0.30882687343750004 0.6761103015625001 0.3091384921875 0.6833746421875 0.313488265625 0.6860277671875 0.3161052875 0.68650271875 0.3249011046875 0.689082209375 0.3321782953125 0.6975173531250001 0.3401392015625 0.69795589375 0.346922115625 0.69989536875 0.3493743796875 0.708605621875 0.35071713125000004 0.7151571265625 0.346216165625 0.7219096984375 0.3441002015625 0.725953715625 0.3450338359375 0.7334741421875 0.35044498125 0.7408295046875 0.35982701875 0.747032675 0.362261384375 0.7585060968749999 0.363573896875 0.764361340625 0.3686006046875 0.7722114890625 0.3704129546875 0.786520490625 0.38006403125 0.79510249375 0.3830475921875 0.8180117015624999 0.396688684375 0.8508695484375 0.408180084375 0.8364075828124999 0.41873572656249997 0.8256053609375 0.422120275 0.8316347859375 0.434200321875 0.8268572296875 0.5121888640625001 0.8211109640625001 0.5200128015625001 0.82193425 0.5218732890625 0.8188045421875 0.52783240625 0.8177239437500001 0.537939515625 0.8195901937500001 0.54070895625 0.817427775 0.5739521437499999 0.81634799375 0.575373271875 0.818415309375 0.5805277171875 0.816877965625 0.5828454609375 0.8165114265625 0.5887743390625 0.8204205828125 0.59680395 0.8182664078125 0.6072200109375 0.8184658421875 0.626976971875 0.82025805 0.6387495703125 0.8177319484375 0.6475207078125 0.816375834375 0.668588959375 0.81871785 0.671468240625 0.8250371328125 0.671590828125 0.8304105421875001 0.6761722125 0.8342166750000001 0.6770509265625 0.8379681937499999 0.6749102828125 0.84471995 0.6814802984375 0.8513442734375 0.6810051453125 0.8573831953125 0.6787244218749999 0.8593234875 0.67249070625 0.8587931062499999 0.6693615078125 0.8626914875 0.66224351875 0.8657119671875 0.650245684375 0.8656047812500001 0.62249201875 0.8638299625 0.6204118515625 0.8619641203124999 0.6132994218750001 0.8582130093749999 0.611097075 0.8575361765625 0.6086022328125 0.8545719421875001 0.60624746875 0.851977509375 0.563219909375 0.85404605 0.5553453859374999 0.8529120625 0.549404165625 0.8539736390625 0.5469765828125001 0.8540298859375 0.532623984375 0.858056921875 0.519522196875 0.8579294890625 0.5124770265625 0.860875928125 0.5094823484375001 0.8656538390625 0.4898722484375 0.8678684234375 0.48570635781249993 0.8705959984374999 0.47497723281250004 0.873506028125 0.4699696484375 0.8753925234375 0.4520305953125 0.8744608265625 0.4354454109375 0.8762860953124999 0.4199421671875 0.8801542703124999 0.4096990921875 0.88063044375 0.40546594375 0.87753836875 0.4004089984375 0.8721216671875001 0.40216520468750006 0.8722511390625 0.3874954265625 0.8534252984374999 0.3850880234375 0.5179240171874999 0.20747205468750002 0.5076408296875 0.197748159375 0.5046397765624999 0.197723478125 0.5040353546875 0.2035974359375 0.501692521875 0.20940413593749999 0.5035951812499999 0.21418648281250002 0.509852965625 0.21964020624999997 0.5295600546875 0.2308716140625 0.5342440875000001 0.236630175 0.5429543390625 0.2379729296875 0.5592942453124999 0.2507655453125 0.5849852359375001 0.2610398609375 0.5893035453125 0.2640413203125
2 0.659430315625 0.6049603953125 0.663220284375 0.583117709375 0.664521784375 0.5590300984375001 0.619017740625 0.496741740625 0.5812683359374999 0.47900635312500006 0.0809714734375 0.2746375453125 0.045746537500000004 0.265502978125 0.041007075 0.2654110375 0.011423668750000001 0.39355085 0.0301974296875 0.40556903125000004 0.480870559375 0.5730909609375 0.5371388609375 0.588754190625 0.6477546046875 0.6142918468749999 0.6566117171875 0.6106572546875 0.659430315625 0.6049603953125
2 0.8175709624999999 0.6080617046875 0.8095941984374999 0.5905182046874999 0.772670934375 0.5442423765625 0.7565138890625 0.5328283125 0.7410518828125 0.5249155421875 0.7071446109374999 0.514414765625 0.7003374265625 0.5135113687499999 0.697610665625 0.5155545140625 0.6877069171875 0.5573670578125001 0.6823961781250001 0.5999058984375 0.6820098015625 0.6222002828125001 0.7360449078125 0.6453659375 0.7998154328125 0.6654338562500001 0.811544940625 0.66780774375 0.8148388984375 0.6665637140625 0.8188125453125 0.6374136 0.818046321875 0.6125145328125 0.8175709624999999 0.6080617046875
2 0.6901935265625 0.642372590625 0.682113990625 0.6426449 0.659895790625 0.6364466359375001 0.6553005859375001 0.6268352921875 0.6345969796875 0.6202744203125 0.6098376859375 0.6265852890625 0.60890435625 0.6273720625 0.6110813078125 0.6342222343749999 0.6145213093749999 0.6366868390625 0.6918880015625 0.657555096875 0.6999214203124999 0.6564030078124999 0.6990253171874999 0.650516709375 0.694305284375 0.6384022515625001 0.691745953125 0.6304397703125 0.680972884375 0.6354342187500001 0.6901935265625 0.642372590625
1 0.737653028125 0.6687889546875 0.74996753125 0.677311396875 0.758276059375 0.6695411546875001 0.7598684234374999 0.66589978125 0.7608575906249999 0.655103396875 0.7453405609375 0.6485142578125 0.73926523125 0.6487820734375 0.737178078125 0.659993134375 0.737653028125 0.6687889546875
2 0.2553761953125 0.51334756875 0.2628424171875 0.5113963640625 0.259274575 0.5062295796875 0.25270568125000004 0.5010381140625 0.20803945625 0.4807036015625 0.0483477484375 0.4311406984375 0.0049065328125 0.42177967031249997 0.0007405734375 0.4405512546875 0.018919001562500003 0.4468856921875 0.025711125 0.43830012500000004 0.0910475453125 0.4678130921875 0.16095166875 0.48448614531249995 0.173178203125 0.49604108281250003 0.2114223953125 0.5062067859375 0.244469971875 0.51283416875 0.2553761953125 0.51334756875
3 0.06408150781250001 0.9121782578125 0.3269162859375 0.972858446875 0.42251056406250004 0.5884025140625 0.1980511453125 0.51368518125 0.06408150781250001 0.9121782578125
3 0.17297526875 0 0.2835499375 0.06737783281250001 0.3158046609375 0 0.17297526875 0
3 0.7663707875 0.76542730625 0.784653734375 0.7522393640625 0.782070575 0.732783353125 0.794669696875 0.7371428390625 0.8205439046875 0.726432846875 0.6753040140625 0.6833308546875 0.658065909375 0.741873903125 0.6652588921875 0.7979373296875 0.6720551953125 0.8038586140625 0.7151386515625 0.8152559515625001 0.742999896875 0.819512121875 0.7511079781250001 0.81267955 0.7569904828125 0.796628740625 0.7604882796875 0.7814781156249999 0.7663707875 0.76542730625
2 0.5852424765625 1 0.5858850906249999 0.9885191765625001 0.5903769718749999 0.9431325296875 0.5808384359375001 0.927873703125 0.5263480984375 0.9210965640625 0.4790516109375 0.9138041781249999 0.40290341406249996 0.8989251312500001 0.39010156406249996 0.954924934375 0.431316975 0.9673417359375 0.47467868125 0.9751764921875001 0.5225315890625 0.9847734687499999 0.5617995359375 0.9938391890625 0.56079576875 1 0.5852424765625 1
