2 0.63427734375 0.134765625 0.638916015625 0.1354166671875 0.642578125 0.138671875 0.648681640625 0.140625 0.654296875 0.1484375 0.65673828125 0.1497395828125 0.67724609375 0.1546223953125 0.68994140625 0.1539713546875 0.705078125 0.1598307296875 0.7177734375 0.1617838546875 0.720458984375 0.1614583328125 0.724609375 0.158203125 0.733154296875 0.1494140625 0.737060546875 0.1468098953125 0.740478515625 0.1422526046875 0.746826171875 0.126953125 0.74658203125 0.1194661453125 0.74462890625 0.1070963546875 0.74560546875 0.1048177078125 0.749755859375 0.1012369796875 0.760009765625 0.1009114578125 0.76123046875 0.09928385468749999 0.759765625 0.09602864531250001 0.760009765625 0.091796875 0.756103515625 0.087890625 0.739990234375 0.087890625 0.72900390625 0.09212239531250001 0.71630859375 0.0927734375 0.708984375 0.0947265625 0.70166015625 0.09309895781250001 0.69384765625 0.09375 0.681396484375 0.09765625 0.669677734375 0.09928385468749999 0.666015625 0.1025390625 0.653564453125 0.1028645828125 0.63525390625 0.1080729171875 0.614990234375 0.1103515625 0.599609375 0.1149088546875 0.611572265625 0.1178385421875 0.616943359375 0.1214192703125 0.626708984375 0.1311848953125 0.63427734375 0.134765625
0 0.7756633296875 0.0773151046875 0.7657548828125 0.08151595 0.7553959953125 0.096517903125 0.7657548828125 0.09891829375 0.8004345703125001 0.0923173828125 0.8306105953125 0.0923173828125 0.8468244625000001 0.0881168625 0.8774509281249999 0.0785153 0.8959167484374999 0.0755149734375 0.9103291015625 0.0659134109375 0.9184360343750001 0.056912109375 0.9067260750000001 0.0461103515625 0.8968173828125 0.0497109375 0.856732909375 0.058112304687500005 0.8436718750000001 0.0653134765625 0.7945795890625 0.0689140625 0.7756633296875 0.0773151046875
0 0.6265852046875 0.28331380156249997 0.590104003125 0.310318034375 0.5671342765625 0.34392317656250004 0.5581264640625 0.37452766875 0.556775390625 0.3949306640625 0.5819970703124999 0.3919303390625 0.608569825 0.357125 0.6319899906249999 0.3367220046875 0.6783798828125 0.31091796875 0.7432355953124999 0.2947154953125 0.791877196875 0.26591145781250003 0.79863305625 0.21190332031249998 0.790075684375 0.213103515625 0.7770146484375 0.2101028640625 0.7333271484375 0.22510514375000001 0.71260913125 0.24610839843750001 0.656310790625 0.26831152343750003 0.6265852046875 0.28331380156249997
1 0.46435546875 0.22428385468749998 0.470947265625 0.22428385468749998 0.474853515625 0.22916666718749998 0.47607421875 0.23307291718749998 0.4794921875 0.236328125 0.47998046875 0.240234375 0.482177734375 0.24576822968749998 0.486572265625 0.24739583281250002 0.489013671875 0.2587890625 0.4912109375 0.2633463546875 0.489990234375 0.267578125 0.492919921875 0.2669270828125 0.49462890625 0.2679036453125 0.496337890625 0.2835286453125 0.498046875 0.2874348953125 0.493896484375 0.2890625 0.492919921875 0.2952473953125 0.49072265625 0.298828125 0.490966796875 0.310546875 0.489501953125 0.3138020828125 0.490478515625 0.318359375 0.489013671875 0.3225911453125 0.489990234375 0.3255208328125 0.489501953125 0.3304036453125 0.4912109375 0.337890625 0.505126953125 0.3408203125 0.513671875 0.3401692703125 0.51708984375 0.3385416671875 0.521240234375 0.333984375 0.5224609375 0.330078125 0.523193359375 0.3098958328125 0.525390625 0.302734375 0.527099609375 0.2903645828125 0.529296875 0.2858072921875 0.533203125 0.271484375 0.53271484375 0.2516276046875 0.535400390625 0.244140625 0.534912109375 0.23958333281250002 0.525390625 0.2236328125 0.517333984375 0.212890625 0.513427734375 0.20963541718749998 0.502197265625 0.20475260468749998 0.49365234375 0.20475260468749998 0.489990234375 0.20345052031250002 0.47900390625 0.197265625 0.4677734375 0.1930338546875 0.462890625 0.193359375 0.4609375 0.1966145828125 0.460693359375 0.20930989531250002 0.45849609375 0.21647135468749998 0.458984375 0.21940104218749998 0.46435546875 0.22428385468749998
0 0.6346923828125 0 0.5797451171875 0.0068528640625 0.5135383296875 0.0260556640625 0.47390429687499996 0.0500592453125 0.457239746875 0.048259114062500004 0.439224365625 0.0134537765625 0.395536865625 0.03145670625 0.368513671875 0.0722626953125 0.3604067390625 0.090865559375 0.3568034671875 0.1106686203125 0.36941430625 0.1358723953125 0.39418579062500003 0.134071940625 0.44688085937500005 0.09266569062499999 0.47705688437499993 0.09506608125 0.5243474124999999 0.07946386718750001 0.5774931640625 0.058460612499999995 0.6387458500000001 0.0164544265625 0.686486815625 0 0.6346923828125 0
0 0.3020417484375 0 0.30294262656250004 0.015230793749999999 0.3232099609375 0.014630534375 0.35248510781250003 0.014630534375 0.3646455078125 0 0.337171875 0 0.3020417484375 0
0 0.265560303125 0.08004036406250001 0.2786215828125 0.0902418625 0.30294262656250004 0.102243815625 0.315103028125 0.11604589843749999 0.333568846875 0.1136455078125 0.3412253421875 0.0986432296875 0.337171875 0.078240234375 0.32816430625000004 0.068638671875 0.30114086875 0.054836589062499996 0.28898046875 0.059037109374999994 0.27772094687500004 0.065638346875 0.265560303125 0.08004036406250001
0 0.2885300296875 0.1580520828125 0.31735498125 0.1550517578125 0.33852294843749997 0.149650715625 0.357439453125 0.1508509109375 0.37770678750000003 0.1646529953125 0.38130981406250003 0.1646529953125 0.3795083 0.1472506515625 0.37455395468749997 0.14004947968749998 0.36329443437500003 0.132248371875 0.3511340328125 0.1310481765625 0.3254619140625 0.1328483078125 0.3020417484375 0.1346487625 0.2772705078125 0.14665039062500002 0.27366748125 0.1550517578125 0.27682006875 0.1622526046875 0.2885300296875 0.1580520828125
0 0.27546899375 0.263068034375 0.274568115625 0.271469075 0.313751709375 0.2720693359375 0.34257665937500004 0.26846875 0.36374462812499997 0.26666829375 0.37410375937499996 0.25646679687499996 0.378607421875 0.2450651046875 0.375454834375 0.23966438750000002 0.36689746093750003 0.2354638671875 0.32951538125 0.24146451875000002 0.2966372078125 0.2570670578125 0.2876293953125 0.2576669921875 0.27546899375 0.263068034375
0 0.2200712890625 0.5239267578125 0.22412475625 0.5407291671875 0.23313256875000002 0.54673014375 0.2786215828125 0.5479303390625 0.325011475 0.544329753125 0.34572924843749997 0.5341282546875 0.3565385734375 0.5245266921875 0.35608813437500003 0.5197259109375 0.34933227499999997 0.5035234375 0.2939348140625 0.5101246749999999 0.2502473140625 0.50532389375 0.2344836421875 0.513724934375 0.2200712890625 0.5239267578125
2 0.47048632812499996 0.51132454375 0.4668833015625 0.54673014375 0.4772421875 0.5755345046875 0.5542585453125 0.57193391875 0.5884877921875 0.5539309890624999 0.5866862796875 0.5245266921875 0.5826328125 0.5023232421875 0.5824912109375 0.4999765625 0.5641669921875 0.49092155000000004 0.5348918453125 0.48492057343750006 0.49841040000000003 0.4945221359375 0.47048632812499996 0.51132454375
2 0.44526489218750004 0.8033880203124999 0.4547229 0.8267916671875 0.50291430625 0.8171901046875 0.5249831546875 0.7973870437499999 0.5339909671874999 0.7673828125 0.5389453125 0.7319772140625 0.5380444328125 0.715775065625 0.5348918453125 0.7061735031249999 0.488501953125 0.709173828125 0.4632802734375 0.7253763015625 0.44841748125 0.7577812500000001 0.44526489218750004 0.8033880203124999
0 0.76827001875 0.4440546875 0.7280949703124999 0.44873860624999995 0.694950684375 0.45476041718750004 0.6638151859375 0.4647972 0.6437277828125 0.4668043625 0.6226357421875 0.46747363281250004 0.6171118171875001 0.47282649687499995 0.636697021875 0.484201171875 0.6532692875 0.48286295625 0.7024836421875 0.4768411453125 0.758728515625 0.463458984375 0.8039252921875001 0.46212076875 0.8576594234374999 0.4554296875 0.901349609375 0.4467311203125 0.947048584375 0.43736360625000004 0.9796909171875001 0.43134179687499996 0.9962629390625001 0.42331250000000004 0.9967651375000001 0.40725390624999996 0.9892324218749999 0.4112685546875 0.92696118125 0.41327571562500004 0.8661965328125 0.43067252656250005 0.8169821781250001 0.43602539062499995 0.76827001875 0.4440546875
