0 0 0.3896323546875 0.11452584531250001 0.37286379062499997 0.171514540625 0.373725021875 0.1787485859375 0.3725792625 0.258135865625 0.36659712031249997 0.322800440625 0.3612989359375 0.3960245625 0.33981401875 0.452945865625 0.3324464640625 0.503906190625 0.3342624953125 0.5566488078125 0.3473314890625 0.6125516578125 0.3335336703125 0.6558211453125 0.31020153125 0.7006183125 0.2965147859375 0.79770130625 0.2696031046875 0.8432623140625 0.26073905625 0.9105928515624999 0.2566665171875 0.9624518015625 0.279762821875 0.962234665625 0.22376887031249998 0.9561389015625 0.21649488125 0.86494949375 0.2259941875 0.7903849109375 0.23121248906249997 0.7264841765625001 0.24133337031250002 0.713221759375 0.24343393125 0.6741309578125 0.2463295203125 0.63327281875 0.2692797390625 0.5931635625 0.265745065625 0.5085117515625 0.27750470312500003 0.399050009375 0.2964896328125 0.3001847203125 0.31214835625 0.28933365312500003 0.31386699687499997 0.24103929062499999 0.313276609375 0.23647120625 0.3156480140625 0.20855347812499997 0.32666131875 0.2013194328125 0.3278070796875 0.159120834375 0.33449068125000003 0.14636764375 0.339806371875 0.11666762187499999 0.339566715625 0.07326335 0.3464412765625 0.07224489687499999 0.34001101562499997 0.07723985625 0.3013183640625 0.0838972828125 0.2887286859375 0.085784446875 0.25382404687500004 0.0637603046875 0.24742497343749997 0.061348956249999996 0.24780689374999998 0.052025567187499996 0.2591709265625 0.052160353125 0.275628503125 0.047472442187500005 0.2928499203125 0.050527801562499995 0.3121407078125 0.0552980640625 0.33445566718749997 0.052766887500000005 0.34968759843749997 0.032270425000000005 0.35293391875 0.002315790625 0.3510866984375 0 0.3518598578125 0 0.3896323546875
0 0 0.45043854687499996 0.018611046875000002 0.45397089843750005 0.0847883453125 0.42701052187500005 0.10711953593750001 0.4119383609375 0.1126237234375 0.37646084062499996 0.10304572187500001 0.386217309375 0.04676843125 0.413257575 0.021771278124999998 0.42710408906249997 0 0.4394498140625 0 0.45043854687499996
0 0 0.4973491515625 0.0077225 0.5100759265625 0.008928175 0.5098849671875 0.0464239046875 0.48911519375 0.083679978125 0.49804544375 0.1333672359375 0.4918236484375 0.1574807203125 0.48800444687500005 0.1668041078125 0.4766404140625 0.17364875468750002 0.4574295109375 0.14578346250000002 0.44536401562499994 0.040822409375 0.45374875000000003 0 0.4914054859375 0 0.4973491515625
0 0.582102921875 0.094468190625 0.533486553125 0.08404145156250001 0.51083335625 0.08927725625 0.46876954218750005 0.1124184359375 0.43584189687499997 0.1308168015625 0.42764183281249996 0.1024535 0.407721990625 0.11714374062499999 0.41376531875 0.147496528125 0.3697844265625 0.14292716875 0.333666634375 0.125577171875 0.33271557343749997 0.127375696875 0.2694588515625 0.1571692859375 0.247112703125 0.140933859375 0.2311843234375 0.141808775 0.2006680265625 0.15982522187499998 0.1614424390625 0.146263234375 0.1477381875 0.1533774515625 0.1261708375 0.173272309375 0.0697587609375 0.183854996875 0.0268637140625 0.193944690625 0.0237708765625 0.22904028906249999 0.325563878125 0.1680578328125 0.35514407187499997 0.1831475 0.4017909265625 0.1889425046875 0.47761361874999997 0.1604544453125 0.5074334687500001 0.14584409062499998 0.5587157984375 0.15749647656250002 0.6073846031250001 0.14484441718750002 0.582102921875 0.094468190625
0 0.9091549156250001 0.43486665 0.8630996390625001 0.471823153125 0.854981925 0.48299622812500004 0.85182169375 0.5098630375 0.8817772328125001 0.532317603125 0.86333173125 0.5591246937500001 0.9171601953125 0.5868527359375 0.933463015625 0.5727353749999999 0.9296962499999999 0.5255430921875 0.923585528125 0.486961515625 0.9400081765625 0.45799414374999997 0.9587223453125 0.44349486406249994 0.9789492359375 0.407333390625 0.98795061875 0.3861330015625 0.977459034375 0.343301609375 0.9496086984375 0.36254370156250004 0.9206051234375 0.3588979546875 0.9638072187500001 0.327337028125 0.924701459375 0.2989250296875 0.8035049796875 0.3296559125 0.805998678125 0.36881036875 0.8410980171875 0.3797301046875 0.8830420015625 0.3714389375 0.9013143359375 0.361953315625 0.9123675828125 0.3849210390625 0.9017186921875 0.4113260453125 0.8942974265625001 0.4190930265625 0.869045659375 0.4313319765625 0.8944322109374999 0.4355506046875 0.9105478109374999 0.4280544671875 0.9091549156250001 0.43486665
3 0 0.115609225 0.03850114375 0.11135477187500001 0.030675521875 0.06974902499999999 0 0.07411551718750001 0 0.115609225
3 0.46064914999999995 0 0.1738961421875 0.0454172140625 0.182538040625 0.068766859375 0.494178615625 0.0309430890625 0.4870914203125 0 0.46064914999999995 0
0 0.793912190625 0.0427940828125 0.93276690625 0.0455200421875 0.9317484531250001 0.0390897796875 0.8380653453125 0.0094346296875 0.78926175625 0.0056291109375 0.793912190625 0.0427940828125
3 1 0.5401765953125001 0.0162894421875 0.6421983453125 0.111073353125 0.7178201343749999 1 0.62509251875 1 0.5401765953125001
3 0.2931873328125 1 0.3519384625 0.9120236859374999 0.2635498015625 0.9392062125 0.167964571875 0.9131481156250001 0.17557700781250002 1 0.2931873328125 1
3 0.522516059375 1 0.8262027109375 0.9489642937499999 0.6877564734375 0.941919359375 0.5701879234375 0.9645217921875 0.6271216109375 0.939906334375 0.6149028390625 0.7385428234375 0.5730112890625 0.723755190625 0.5141055140625 0.6951834234375001 0.447284203125 0.7024710921875 0.432202015625 0.74770508125 0.4316553109375 0.7988763359375 0.44032712343749997 0.8848411578125001 0.4629053640625 0.988378125 0.4473367125 1 0.522516059375 1
