2 0 0.410415309375 0.000244834375 0.410472575 0.0050815859375 0.41413070156250004 0.0080242953125 0.4143024484375 0.0120614828125 0.41669860937500003 0.02059469375 0.416251403125 0.0248075421875 0.4173344859375 0.0282836765625 0.4230197265625 0.044914746875 0.43714263593749997 0.046587315625 0.43640304687500003 0.048135334375 0.43795175468750003 0.0477329046875 0.4396026828125 0.048515431250000005 0.440539575 0.0511461890625 0.43942380156249994 0.052989121875 0.4419349578125 0.0525526203125 0.4429357359375 0.056941128125 0.4427057453125 0.0612221234375 0.4450891265625 0.069075025 0.44565547656250004 0.07260756562500001 0.44775211718749997 0.075035034375 0.45675199062500005 0.0765830515625 0.4583007 0.0996518 0.4590475234375 0.12893435312499998 0.4682698203125 0.13149166875 0.47041756875 0.13664566875 0.47079939531250004 0.13774429531250001 0.454443440625 0.1373236796875 0.4417527484375 0.13647300625 0.4395155578125 0.1358085859375 0.42683764375 0.1318448390625 0.421177959375 0.133936875 0.419112515625 0.13500787187500002 0.41155913125000004 0.13281246875 0.3976575828125 0.134160196875 0.3767250265625 0.13233085312499998 0.3324893109375 0.129761796875 0.3254526640625 0.12270201249999999 0.316695559375 0.1181090671875 0.3130246546875 0.11068622187499999 0.30200480625 0.0969808265625 0.28772856562500004 0.0882995828125 0.280686278125 0.06282335 0.2657230515625 0.0578450109375 0.26402815 0.0328223171875 0.24838922187499998 0.0216636453125 0.2453883796875 0 0.2323226234375 0 0.410415309375
2 0.23981709218749997 0.2795909 0.2522512 0.27893925625 0.2540259875 0.2801501140625 0.25612446875 0.287537390625 0.2600817703125 0.2837443546875 0.2606257875 0.2801302 0.2681890703125 0.2751702796875 0.2692994375 0.26370322343749997 0.2555664125 0.2582295578125 0.25299735624999997 0.25119290781250003 0.250145125 0.24808271249999997 0.2377503859375 0.2448206828125 0.22661934218750002 0.23301726718750002 0.21726952968750002 0.231877434375 0.20996064531249997 0.2276969296875 0.2064057734375 0.22983903906249997 0.207721725 0.2362894234375 0.20717770781249997 0.2399035765625 0.2099905703125 0.2469274484375 0.21926164531249998 0.2558946296875 0.2215357859375 0.2619688328125 0.22336168281250002 0.2641549140625 0.23100485312500002 0.26538419062499996 0.23590974999999997 0.270342615625 0.23746950937500003 0.2767802234375 0.23981709218749997 0.2795909
2 0.31951683750000004 0.0416952734375 0.3197629421875 0.069715584375 0.3236619890625 0.11612460625000001 0.3250684203125 0.119636540625 0.325063125 0.12420036406249998 0.32694013125 0.1273616703125 0.3271616046875 0.131587640625 0.32926538125000004 0.1344110953125 0.32730963750000003 0.1390771375 0.3285404078125 0.1439021484375 0.32698709375 0.14691726249999998 0.3278888765625 0.150129678125 0.3271862359375 0.15538198125 0.3309796171875 0.1577909203125 0.3318643640625 0.16067826093749998 0.3309690265625 0.1669185671875 0.3291889421875 0.17027153281250001 0.3279358390625 0.1696852703125 0.32838408281250003 0.1735733890625 0.326621034375 0.17725142968750002 0.3275633359375 0.190566715625 0.32943504687499997 0.1982918453125 0.330849071875 0.225273046875 0.33220439218750003 0.2278097578125 0.33365663749999996 0.236860740625 0.3362896921875 0.26377805625 0.3388076390625 0.2698394796875 0.3355265 0.291199328125 0.3388387140625 0.30308654218750003 0.33829469687499997 0.306700696875 0.3335836453125 0.31477081406249996 0.33380511875 0.318996784375 0.33717903437499996 0.322731575 0.33809785312499996 0.326269065625 0.343212484375 0.3305645640625 0.34435807343749997 0.333764203125 0.3480492359375 0.3342226921875 0.35641852812499997 0.33997746093750003 0.3624860515625 0.3484605984375 0.36727169375 0.351143503125 0.36968742187500003 0.3552544765625 0.3701421109375 0.36859531875 0.371730646875 0.3802468984375 0.370716053125 0.3842116828125 0.37103445 0.394951925 0.37453406562499997 0.41041496093749996 0.376184303125 0.41391411875 0.3771148625 0.42234050625 0.3797009546875 0.42970222968750005 0.3794177796875 0.43362868125 0.38148218749999996 0.440365809375 0.38354244843749996 0.46568330468749997 0.3822499765625 0.46901071562499996 0.3831858328125 0.4728732796875 0.382602446875 0.4804011078125 0.38389606718749997 0.49109024218749997 0.381282346875 0.492531090625 0.3764062265625 0.49278663749999996 0.37473895156250003 0.4889624046875 0.374273671875 0.48474921093749995 0.37244777500000004 0.48256312812499996 0.36792297500000004 0.4801925234375 0.36038202343750003 0.4809136953125 0.3502209078125 0.4736229953125 0.33933366875000004 0.4618068046875 0.327970559375 0.4549050671875 0.317922253125 0.44043716718750003 0.3126149265625 0.4371296703125 0.30349188437499997 0.4356519828125 0.29571242343750004 0.4318221078125 0.2830674328125 0.41912013437500006 0.2795519296875 0.41734856875000004 0.274981315625 0.409438915625 0.2697985390625 0.4038431171875 0.2628186421875 0.40127520937499994 0.259796046875 0.3949142671875 0.2414242625 0.3802306484375 0.22511688593749998 0.3722841578125 0.21388477187500002 0.3725468390625 0.21193961875 0.36808523593750003 0.20395572031250003 0.3603544640625 0.195025375 0.357888775 0.1929386359375 0.35539039687499996 0.1820972109375 0.34911325312499997 0.1767217375 0.34450545625 0.16806927031250002 0.34267713906249997 0.1651776703125 0.3434806171875 0.164163078125 0.3474454 0.164044971875 0.359186421875 0.16652014531249998 0.3737614265625 0.167587403125 0.41278541874999997 0.1696188875 0.4328889421875 0.1717049265625 0.49601732343749994 0.1754165734375 0.5388505218749999 0.18291815625000002 0.542043025 0.1885374359375 0.54663804375 0.1932038234375 0.5470454250000001 0.195483259375 0.5485558015625001 0.1985845921875 0.5470893984375 0.2057231140625 0.548019153125 0.20723176250000003 0.5534815375 0.2086775625 0.5530798 0.21130302343750001 0.556527846875 0.21652517031250001 0.558209971875 0.22146414062500003 0.563818546875 0.223216596875 0.569268153125 0.23169340312500003 0.572409546875 0.235447415625 0.5787321578125 0.2407600390625 0.57747583125 0.24526780312500002 0.5795213640625 0.247876228125 0.5826443375 0.2512043296875 0.5808400812500001 0.2571525984375 0.587047696875 0.2676309625 0.5910620953125 0.2704097515625 0.597435815625 0.271255128125 0.6042368296875 0.27626754062500003 0.60658188125 0.27919321406250003 0.606428553125 0.2855950203125 0.611960465625 0.286928009375 0.618735925 0.2892244828125 0.6205713765625 0.29392494375 0.62162890625 0.2971231984375 0.626676775 0.300990021875 0.6258221875000001 0.302781846875 0.6273581203124999 0.30572455625 0.627529865625 0.3090643984375 0.6306145078125 0.313367725 0.62875914375 0.3195598 0.63495398125 0.32769058125 0.6361577031250001 0.32899479375 0.637719190625 0.33338330156249996 0.6374891984375 0.336610334375 0.6477510375 0.345228728125 0.6489292046874999 0.34898803749999996 0.65068799375 0.351454875 0.6557741921875 0.354238959375 0.6575840890625 0.355889196875 0.6610832484375 0.3670425734375 0.6686479125 0.3699799875 0.6733834828124999 0.37041119375 0.676946528125 0.37295676875 0.6742053796875 0.37804262187500004 0.67328690625 0.38181896875 0.67537076875 0.3842006234375 0.6788315953125 0.391548878125 0.6790984234375 0.4029207296875 0.7234859734375 0.3986685125 0.7263165640625 0.39981410156249997 0.7295162015625001 0.3995820359375 0.7344178765625 0.400676515625 0.7366422921875 0.40518427968750004 0.7386878218749999 0.4050150640625 0.7494536203125 0.40833787031249996 0.7522131875 0.409341871875 0.75737605 0.410300059375 0.7569998671875 0.409851815625 0.7531117468749999 0.4109856640625 0.7514224859375 0.41424562031249995 0.74831793125 0.41715425625 0.7478395296875 0.4215204328125 0.7518482859375 0.4215832828125 0.7577124078125 0.42290453125000005 0.75959896875 0.42215078124999994 0.7638760515625 0.42581961250000006 0.7685732890625 0.42907956875000003 0.765468734375 0.4343581203125 0.7635622578125 0.440843959375 0.7567029984375 0.443202134375 0.750386028125 0.4482198421875 0.74816725625 0.450838859375 0.7421625828125 0.4560492640625 0.7389558093749999 0.45826585 0.7346020656250001 0.4613160734375 0.7321604359375 0.469276490625 0.7301134109375 0.46945214999999996 0.728800334375 0.4967902015625 0.6999863328125 0.5023572234375 0.6895895828125 0.5006558765625 0.6851152015624999 0.502021790625 0.678524265625 0.501471328125 0.6726856984375 0.508683290625 0.6703519296875 0.511456784375 0.6812894734375 0.5136392984375 0.6762855796875 0.5166384125000001 0.672868728125 0.5177605187500001 0.66629056875 0.5171078390625 0.658501553125 0.5146410015625 0.6534153546875 0.514237421875 0.6410497375 0.5107836203125 0.63112575 0.510788915625 0.6265619250000001 0.5086510671875 0.623088321875 0.508213415625 0.61007255625 0.511660771875 0.6105438234375 0.5136676265625 0.6068530046875 0.50949829375 0.5832758796874999 0.5100252734375 0.57933665 0.5071389703125 0.5755763046875 0.5071665984375 0.5667737328125 0.5051127828124999 0.55090895625 0.5041769265625 0.5470463921875 0.503020746875 0.5529744015625 0.49885900781250003 0.5528665421875 0.4972087703125 0.5493673828125 0.49744083593750005 0.5444657078125 0.49558086562500003 0.5416294765624999 0.49626647031250004 0.5360520984375 0.4950133671875 0.535465834375 0.4830134640625 0.507083609375 0.483506371875 0.5024942328125 0.4848669890625 0.5004671203125 0.4913475328125 0.49817168437500003 0.491040878125 0.4923203390625 0.4943689796875 0.49051608281250003 0.492304571875 0.48377895468750004 0.49325631562499994 0.4739500484375 0.490199646875 0.46693895625000004 0.48978547656250004 0.46370098593750003 0.4901932015625 0.45748623437499997 0.4887685859375 0.43963267968749997 0.4866818453125 0.43713430000000003 0.48300771875 0.43700088593749997 0.4804280703125 0.4390918859375 0.43349231093749996 0.3691868859375 0.4341726203125 0.3681733296875 0.43194958906250003 0.3630743515625 0.435356428125 0.3534427484375 0.43713006718749997 0.3406370609375 0.431782221875 0.3272266921875 0.430566190625 0.294693665625 0.4292332 0.2879182046875 0.4270953515625 0.284444603125 0.42440704062499995 0.27513243125 0.42219989687500004 0.2563419859375 0.4155190609375 0.23615615625 0.41008903124999996 0.1885235015625 0.4082684296875 0.18177359531249998 0.4064977890625 0.16198236875 0.40355393125 0.147794078125 0.399916875 0.1157139 0.396809096875 0.10772758125 0.3946753953125 0.0856736109375 0.3922819984375 0.0773238859375 0.3918560875 0.06919701874999999 0.3907104984375 0.0659973796875 0.3897852359375 0.05300716875 0.39265865 0.0378620734375 0.39063361093750004 0.027211271874999998 0.38289236875 0.005451178125 0.31779615781250004 0.008862726562500001 0.31662294062499996 0.0144656609375 0.3192654375 0.018238784375 0.3196743125 0.0260405765625 0.317486503125 0.03560829375 0.31762279531250004 0.038208892187499996 0.31951683750000004 0.0416952734375
2 0 0.0901568203125 0.0048883328125 0.09464991874999999 0.12800166562499998 0.167711740625 0.122781365625 0.10541683125000001 0.0818029515625 0.0867500859375 0.07055825 0.0977257 0.0448871359375 0.0743043765625 0 0.0440365 0 0.0901568203125
2 0.038646270312499995 0.9294477984375 0.0810507234375 0.9363499609374999 0.16810806875 0.9930524281249999 0.17960015625 0.9324887484375 0.11193360625 0.90996509375 0.02159609375 0.8738573765625001 0.020844423437500002 0.9108282421875 0.038646270312499995 0.9294477984375
2 0.5616396109374999 0.7291844765625 0.5644865453125 0.7368584953124999 0.5679115703125001 0.7415685109375 0.5675772859375 0.7445197390625 0.565309590625 0.7478982578125 0.5655821734375001 0.753099453125 0.5713283015624999 0.7834392640625001 0.57790576875 0.7876580984375 0.580196946875 0.7940573734374999 0.5789896578125 0.7990101593750001 0.58031090625 0.8008967203124999 0.5842629125000001 0.8016675078125 0.5839456640625 0.804943809375 0.5806175625 0.806748065625 0.5905401671875 0.80948771875 0.592468284375 0.8136242499999999 0.593936415625 0.8089837624999999 0.5965671734375 0.8078679875000001 0.6031105671875 0.8114366734375 0.6041880109375 0.8133360125 0.61061215 0.814629175 0.6181701359375 0.8142330781249999 0.6368444296875 0.8533484093749999 0.6359203156250001 0.85437474375 0.6370999765625001 0.85822453125 0.6402130500000001 0.8616470234375001 0.644199128125 0.8630679609374999 0.645083875 0.8659553000000001 0.6583580640625 0.8766684953125001 0.6630244515625 0.8770758734375 0.6665452515625 0.8742836171875 0.669794615625 0.8803067078125 0.674183125 0.8800767171875 0.6777156640625 0.88217335625 0.7054754796875 0.8800665921874999 0.7072502671875001 0.8812774484375 0.70894631875 0.8903156546875 0.71059655625 0.8938148124999999 0.706656290625 0.8979329234375 0.7085503328125 0.9014193046875001 0.7094297843749999 0.9088704671875 0.7084833374999999 0.9141355499999999 0.7119371390625 0.9240595390624999 0.7149703265625 0.9212928343750001 0.716585340625 0.9101252984375 0.717928921875 0.9077731124999999 0.726649534375 0.9109017265625001 0.7277663453125001 0.9088873921875 0.7262682875 0.8942973609375 0.7231605109375 0.8863110453124999 0.7219744046875001 0.8730085359374999 0.717738075 0.8621476546875 0.7163251984375 0.849183 0.7106131437500001 0.8194933390625 0.7080781593750001 0.8131068406249999 0.7047882765625 0.7969808781250001 0.702843125 0.7925192734375 0.7012375515625 0.78054261875 0.697653903125 0.777470753125 0.69595255625 0.7729963718749999 0.6952828390625 0.76488228125 0.6936496390625 0.7617081984375 0.6913126484375 0.7497698749999999 0.688891625 0.7502227234375 0.687355346875 0.7535629109374999 0.68592773125 0.76830626875 0.6834162296875 0.77169756875 0.6816584781249999 0.770811784375 0.6761978234375 0.7645786140624999 0.6653393609375 0.757976396875 0.6649422265625 0.7550635015625 0.6625094625 0.75062745 0.6652647703125 0.7472233765625 0.664657903125 0.74497340625 0.66236143125 0.7431379546875 0.6626616421875 0.739536578125 0.65502376875 0.733743478125 0.6510887984375 0.7332977671875 0.6457985078124999 0.7303153421874999 0.628492425 0.7126421656249999 0.622521825 0.7106732984375 0.6190456906249999 0.704988059375 0.61398216875 0.7016677828125 0.6105912171875 0.6976079171875 0.6073535921875 0.6964737249999999 0.59354068125 0.6848108609375 0.5867705171875001 0.6815800265624999 0.586271165625 0.6767166828125 0.585193721875 0.67481734375 0.5735474375 0.6718420578125001 0.5640325578125001 0.6628876515625 0.557540271875 0.6602941906249999 0.5524479734375001 0.6517599421875 0.5527311484374999 0.647833490625 0.547355675 0.64322569375 0.5464538921875 0.6400132796875 0.5422751171875 0.63958034375 0.5394857359375 0.6423342703125 0.5393611843749999 0.6446225703125 0.5407335437499999 0.64748435625 0.5411541578125 0.660175046875 0.54355285 0.6639609484375 0.5437232140625 0.66721169375 0.54844715625 0.678047021875 0.549190315625 0.6828975875000001 0.5520936546875 0.6869830078125 0.5556156031249999 0.6982072953125 0.5616396109374999 0.7291844765625
2 0.7743855578125001 0.9214386906250001 0.7770674234375 0.921298140625 0.7868654796875 0.92632609375 0.789978553125 0.9297485875 0.794503353125 0.93211919375 0.7978943046875 0.9361790593749999 0.8023509593749999 0.937249365625 0.8062806328125 0.942258903125 0.810300784375 0.9443299875 0.8147010343750001 0.94898889375 0.818896846875 0.9497469031250001 0.823626084375 0.9560184062499999 0.835669503125 0.9619065875 0.8395651031250001 0.966265975 0.8512795343749999 0.9705415609375001 0.8555552328125 0.9774887671875 0.8629716328124999 0.9790558953125 0.8638223046875 0.9812930874999999 0.9108768703125 0.9788270609374999 0.9094416624999999 0.970101153125 0.9077573531249999 0.9659518453124999 0.9007263468750001 0.9624087140625001 0.8991325140624999 0.9553209578124999 0.8958831500000001 0.949297865625 0.8936037125 0.9477874875 0.8887945890625 0.9353267890625 0.8842527515624999 0.9326311078125 0.8802367468750001 0.9119796546875 0.875485178125 0.9099468999999999 0.8738008671875 0.90579759375 0.874588690625 0.9021706609375 0.8764709937499999 0.90076814375 0.8741287062499999 0.89339364375 0.8713446218750001 0.8915837468750001 0.8661107359375 0.8850127234375 0.8582290562500001 0.8792324015625 0.8564936359375 0.8741078718749999 0.8324896828125 0.8359237890625 0.8315432359375 0.8411888718749999 0.8293266499999999 0.8455426171875 0.8264009765625 0.84569594375 0.8215982984375 0.8426879671874999 0.81714164375 0.841617659375 0.8117885015624999 0.8327711140625 0.81234955625 0.8294820359375 0.809752871875 0.831247959375 0.799971853125 0.8265450796874999 0.7961549890625 0.8143583453125001 0.77775028125 0.8130411234375 0.7739569000000001 0.8106321843750001 0.7723066625 0.8071330281250001 0.768547353125 0.8053742390625 0.7635061640624999 0.797815215625 0.7594860125 0.7957441281250001 0.7530501328125 0.78956206875 0.7508218046875 0.7890269140624999 0.7484689265625 0.7907800625 0.7452824125 0.7906210921875 0.742237484375 0.788498896875 0.7393341437500001 0.7844134765625 0.7363403265625 0.7832665046875 0.7351383328125001 0.7836554671875 0.73405559375 0.7863199515625 0.7338916734375001 0.7925219265625 0.735599465625 0.8064490296875 0.7462463453125 0.8603276328125 0.7662165562500001 0.9381651874999999 0.76709600625 0.9456163515625 0.770969275 0.9542144859375 0.7726929546875 0.95445011875 0.77341263125 0.9495228890625 0.7724809234375 0.9270799562500001 0.7743855578125001 0.9214386906250001
2 0.5526153921875 0.342407953125 0.5547332078125 0.37815339375 0.560944615625 0.412706396875 0.5611267203125 0.42084604218750005 0.5598512859375 0.424498528125 0.5604869296875 0.4319624703125 0.5634989328125 0.4474510609375 0.5661414312499999 0.451224184375 0.567990809375 0.4631880609375 0.570128659375 0.46666166562500005 0.5696527875 0.47157611875 0.5707983765625 0.47477575468750005 0.570237321875 0.478064834375 0.5613421984375 0.49026584062499995 0.5543452656250001 0.4873728578125 0.548233078125 0.4873672171875 0.5440425624999999 0.482045384375 0.535373059375 0.4798919921875 0.5340007 0.47703020625 0.5314774578125 0.4755326078125 0.5301785421874999 0.46940729687499994 0.5283185718750001 0.466571065625 0.5216676625 0.4656157546875 0.519478703125 0.4611669265625 0.51545325625 0.463659665625 0.5113308859375 0.45963813125 0.5092558875 0.46202865 0.52153296875 0.5516782499999999 0.5339675265625 0.6256731531249999 0.537806721875 0.6336211390625001 0.544247896875 0.6352393765625 0.5484384140625 0.640561209375 0.552356346875 0.640681846875 0.5563935343749999 0.64307800625 0.5590583640625 0.64261238125 0.562466353125 0.6469973234374999 0.5677396078125 0.649654671875 0.56811970625 0.6522424906250001 0.5648427125000001 0.655021971875 0.5941240671875 0.6772830328125 0.5967495296875 0.68073108125 0.5997263109375 0.681552978125 0.601342475 0.6844019859375 0.6023741046875 0.6807622765625 0.6057022062499999 0.678958021875 0.6079475703125 0.6798182500000001 0.6105559953124999 0.6829412234375 0.61703124375 0.6852096109375 0.6193000890625 0.6958476359375 0.626540828125 0.6987278390625 0.6294612046875 0.7031383359375 0.6316724953125 0.7033484140625 0.6345417624999999 0.7067836859375001 0.6362090359375 0.7106079171874999 0.6401610421874999 0.7113787046875 0.6513996015625 0.72056874375 0.6540932078125 0.725317090625 0.6582890203125 0.7260751 0.6663293234375 0.7302172703124999 0.67051454375 0.740102928125 0.6749200890625 0.7401980109374999 0.6841283140625001 0.743301071875 0.6860053203125 0.7464623765625 0.6872307953125001 0.7558512125 0.6893909765624999 0.755086065625 0.6917268187500001 0.7530078453125 0.6933929437499999 0.7428155328125 0.6911752078125 0.7331527328125 0.6910612484375 0.7263133859375001 0.6840056109375 0.6989759125 0.6765581375 0.664161721875 0.6710399265625 0.64750060625 0.6653449078125 0.618136021875 0.6615621171875 0.6065994375 0.6576929953125 0.5794209343750001 0.64591226875 0.5272315921875 0.6403940578125 0.510570475 0.633826034375 0.4832074484375 0.6248123546875 0.432502928125 0.5855851640624999 0.262447865625 0.5819045921875 0.2528617296875 0.5659315 0.2419640125 0.5631527109375 0.23559029062499998 0.5509506671875 0.23134025937499997 0.5478834078125 0.2334568125 0.546919925 0.23839682031249998 0.536034984375 0.25461371875 0.5348276937499999 0.25956650312499996 0.534329490625 0.2687197046875 0.535900990625 0.28004621093750004 0.5357370703125001 0.286248184375 0.5368092171875001 0.292711346875 0.5387032609375 0.296197728125 0.541953775 0.31623736406249997 0.5436040125 0.319736521875 0.546332840625 0.3391515640625 0.5481417015625001 0.341012571875 0.5526153921875 0.342407953125
2 0.7251399859375 0.7561462484375 0.7275216421875 0.759607075 0.728457496875 0.7634696390625 0.73077100625 0.765630165625 0.7328971156249999 0.7642148718749999 0.7635050156250001 0.7837986703125 0.7669864453125 0.7849200875 0.7676273859375 0.7878202046875 0.77283249375 0.789177253125 0.7749362703125 0.79200070625 0.7877675125 0.7942619578125 0.7875695203124999 0.7998137828125 0.7914363437499999 0.798959196875 0.7942033921875 0.8004440203125001 0.7965903437499999 0.799341021875 0.8296703765625001 0.8194471968749999 0.8317007109375 0.8255341765624999 0.8395876859375001 0.8267506750000001 0.8436642437499999 0.8252331609375 0.851335040625 0.817659865625 0.8565795187499999 0.815103240625 0.858342565625 0.8114252015625001 0.8712589906250001 0.815311825 0.8735213906249999 0.8164971281250001 0.8789990828124999 0.8230553734375 0.8824975500000001 0.8245018640625 0.8849015375 0.8237239421875 0.8911840890624999 0.8269803296875 0.8925905203125 0.830492265625 0.892948284375 0.837318834375 0.8948252921875 0.8404801390625 0.9031264374999999 0.844934609375 0.903358503125 0.8400329328125 0.8998365546875 0.828808646875 0.898055321875 0.81814506875 0.894720775 0.8104966031249999 0.8933877859375 0.80372114375 0.8914543734375 0.8041484359375 0.8892207515624999 0.8081771062499999 0.8852517078125001 0.8070812453125 0.8823707000000001 0.7987570749999999 0.8842071890625001 0.791815509375 0.8858627218749999 0.7907508437499999 0.8847852796875 0.7888515046875 0.8849492 0.7826495312499999 0.8831509296875 0.7716608765624999 0.8841655234375001 0.7676960937499999 0.883625653125 0.7527298796874999 0.8826216515624999 0.7475670171875 0.8808298265625 0.746031084375 0.8729852171875001 0.7083039984374999 0.872429459375 0.7070292546875 0.8685115265625001 0.706908615625 0.8669123984375 0.7043846828125 0.8649108421875 0.703511678125 0.8665716703124999 0.6978831875 0.8682953484375 0.6981188203124999 0.8682836078125 0.6932299234375 0.8639908734375 0.6859576421875 0.855428884375 0.681190875 0.8537903890624999 0.6825806171875 0.8523052203124999 0.6868960296875 0.8464709109375 0.687527759375 0.8445480906249999 0.67882740625 0.8417810421875 0.6773425843750001 0.8411571390624999 0.674767540625 0.8380518109375 0.6746043171875 0.8356230421875 0.6717978953125 0.83958034375 0.6680048578125 0.8362745734375 0.665570365625 0.8325546328125 0.659897903125 0.8316869234375 0.6573356375 0.8317145515625001 0.648533065625 0.8269224640624999 0.6363974406249999 0.8248803890625 0.6254215640624999 0.8212115578124999 0.6207243265625 0.8189256765625 0.6097612265625 0.8150300749999999 0.6054018421875 0.8120298125 0.5948021484375 0.8082246890624999 0.5875043125 0.8071014328125001 0.580065925 0.804946546875 0.5762672484375 0.8049965078125 0.5632259281249999 0.807037434375 0.5601852593750001 0.8068946984375 0.548131940625 0.80092939375 0.54159925 0.8001744937499999 0.5318597859375 0.8014840031249999 0.5288574500000001 0.800162753125 0.5269708875 0.7998731343750001 0.5214446171875 0.79792798125 0.5169830109375 0.7987328406249999 0.51368115625 0.7968217609375 0.5098697 0.7965832515625 0.505318653125 0.7948648687500001 0.500519196875 0.79011859375 0.4939226203125 0.7884172484375 0.4894482390625 0.7849922234375 0.4847382234375 0.7824689796875 0.4832406234375 0.779383534375 0.47101555624999997 0.7736790734375 0.4647951640625 0.766075271875 0.4596522140625 0.7613801078125 0.4540308609375 0.7534931328125001 0.45281436093750005 0.7471253984375 0.4479326 0.7451291359375001 0.4424957703125 0.7413474953125 0.44497573125 0.741620078125 0.45017692656249997 0.740197759375 0.4603564609375 0.7413944578125 0.46453132343750003 0.7414402703125 0.4700703703125 0.746929703125 0.4815175140625 0.7515749078125 0.5001801875 0.7558676421875 0.50745246875 0.7600369765625 0.5310295953125 0.7632522671874999 0.5364025375 0.7652602703125 0.5467282640625 0.7695753375 0.549761796875 0.769813846875 0.55431284375 0.7712543515625 0.5584749265625 0.7706932984375 0.5617640078125 0.7739256265625001 0.567462025 0.7761433624999999 0.5771248250000001 0.7783323203125 0.5815736515625 0.7801646625 0.5932124546875001 0.783731275 0.59595924375 0.7848257546874999 0.598183659375 0.7876568015625 0.6195491484375 0.7909519796875 0.6311112875 0.7934017812499999 0.6358724125 0.79419605 0.641698203125 0.7983589375 0.65582260625 0.7962839390625 0.6582131265625 0.7914471859375001 0.654555 0.790364446875 0.6572194828125 0.7887089140625 0.6582841484374999 0.7829086796875 0.659566028125 0.7817971640625 0.657016540625 0.7800564484375 0.6564558328125 0.778486096875 0.6591458718750001 0.7758383046875 0.659936571875 0.7747267890625 0.657387084375 0.763670334375 0.656336690625 0.756944834375 0.644628359375 0.7465516531249999 0.6422393343749999 0.742066221875 0.6359550546875 0.738499609375 0.6332082640625 0.7357836703125 0.632698665625 0.7314345296875 0.6290149828125 0.7272387171875 0.6282569734375001 0.72291720625 0.6157707203125 0.719486884375 0.615624528125 0.7148939390625 0.6119536234375 0.7107662734375 0.6124959125 0.7098186765625 0.60374445 0.7081854765625 0.6005703671875 0.70280470625 0.6005263937499999 0.69678829375 0.5930184796875 0.6945258937500001 0.5918331765625 0.693375009375 0.5931973625 0.693302715625 0.61047743125 0.6986804875 0.6431183171875 0.7045617578125001 0.6620421796875 0.712338221875 0.6984689656249999 0.7158431328125 0.7093681796875 0.7166374015625 0.7151939703125 0.7185655171875001 0.7193305 0.719133015625 0.7254941406250001 0.721945878125 0.7325180125 0.7251399859375 0.7561462484375
2 1 0.9032059968749999 0.9833761437499999 0.88343065 0.9793559921874999 0.881359565625 0.96518116875 0.8814505015625 0.9581501625 0.8779073687500001 0.9567778046875001 0.875045584375 0.9494007734375 0.86956478125 0.9432545140625 0.868908990625 0.942120665625 0.8705982515624999 0.943204553125 0.8819503109375001 0.9442479234375 0.8831995015624999 0.9481658562499999 0.8833201390625 0.9506890984374999 0.8848177390625 0.9513811484374999 0.8886930812499999 0.9555375921874999 0.8933647640625001 0.9523745578125 0.902983590625 0.9496192499999999 0.9063876671875001 0.9495628437500001 0.9099762640625 0.9598860312499999 0.9576784500000001 0.9628234453125 0.96241401875 0.9642245796875001 0.970489778125 0.967439871875 0.9758627203125 1 0.974156315625 1 0.9032059968749999
2 0.6333663015625 0.3391538796875 0.632822284375 0.3427680328125 0.6341893453125 0.3501936421875 0.6350229828125 0.352105759375 0.638855734375 0.3506010234375 0.6405741171875 0.3554004796875 0.6410799140625 0.36971654374999996 0.6417549265625 0.3732668125 0.6438416671875 0.3757651921875 0.6442558375 0.3790031609375 0.6437746703125 0.38848143749999997 0.6451640640625 0.391668296875 0.6491671796875 0.3934143078125 0.6498592296875 0.39728965 0.6477842296875 0.39968016875 0.649122515625 0.40189180625 0.6534375828125001 0.4049253390625 0.6577068359375 0.40241982343749994 0.6613245578125 0.4061418375 0.661353334375 0.411355809375 0.6656290328125001 0.418303015625 0.6709757296875 0.417696840625 0.6807226749999999 0.42174957187500006 0.68632491875 0.4260195140625 0.689738203125 0.4258406328125 0.6924594390625 0.42178640781250004 0.6994052625 0.42370416562499996 0.7026716640624999 0.43005233125000003 0.7132692828125 0.436342253125 0.71631950625 0.433900625 0.7228341234375 0.4322553390625 0.7369748734375 0.431514253125 0.741126021875 0.44074975937499994 0.74692625625 0.439467878125 0.8033798937500001 0.485730371875 0.805812659375 0.49016642031249996 0.8101670953125 0.4892862796875 0.813212021875 0.49140847499999996 0.8154062765625 0.4912934796875 0.8170277374999999 0.48957866406250006 0.8225906109375 0.4977622828125 0.8241609625 0.49507224375 0.8263381796875 0.4946321734375 0.82982490625 0.491189765625 0.8340377546875001 0.49227285 0.8361585671875 0.495421378125 0.8346733984375 0.4997367921875 0.83639178125 0.5045362484375 0.838461484375 0.5067095515625 0.8431960187499999 0.5084172312499999 0.8452093171874999 0.514179134375 0.8452040203125 0.518742959375 0.8465252703124999 0.5206295203125 0.8496947484374999 0.520463415625 0.8545996453125 0.525421840625 0.8536361625 0.5303618484375 0.854311175 0.533912115625 0.85585919375 0.535460825 0.8638707203125 0.5343890234375 0.8669603125 0.5280337203125 0.8702607859375 0.5350320375 0.8766114843749999 0.539588725 0.8766402609374999 0.5448026968749999 0.8801046546875 0.5455990390625 0.8833646109375 0.5424944843749999 0.8832676890625001 0.5359802109375 0.8813736453125 0.5324938312499999 0.879541303125 0.520855028125 0.8775450421875 0.5154181999999999 0.873909134375 0.49735456562499997 0.86596345625 0.4716935765625 0.8640459312500001 0.4584294 0.8605357234375001 0.452094009375 0.851786334375 0.44375142187499994 0.8469889515625001 0.4361796203125 0.8350700828125 0.4280031375 0.8292804390624999 0.42015737187499996 0.8265474640624999 0.41932269843750003 0.82468749375 0.4164864671875 0.8130465046875001 0.4089473578125 0.8077785453124999 0.401726184375 0.7966592421875001 0.39481166875 0.7914423921875 0.388565721875 0.7097275515625 0.322113253125 0.698908459375 0.3115973609375 0.6944347671875 0.3102019796875 0.655950484375 0.2802740359375 0.621854709375 0.25011609687499997 0.614109321875 0.246936371875 0.611461528125 0.24772707343749997 0.611076134375 0.2497030765625 0.6149505515625 0.2723177546875 0.6173322078125 0.27577858125 0.620173846875 0.288016425 0.6220849265624999 0.29182788125000003 0.6220625937500001 0.296066628125 0.62479671875 0.310917846875 0.627926828125 0.314665415625 0.6295271046875001 0.33120589375 0.6333663015625 0.3391538796875
2 0.496526665625 0.2517947484375 0.4968726890625 0.2537324203125 0.5156181265625001 0.26155113750000003 0.520533615625 0.2573819171875 0.5333190453125 0.25410411875 0.5364767828125 0.249049115625 0.539753775 0.2462696359375 0.5439942515625 0.23855014843750003 0.545932959375 0.23355903125 0.544685153125 0.2284089453125 0.5460968796875 0.2273570578125 0.5502756546875001 0.2277899921875 0.5564166187499999 0.23300960625 0.56289186875 0.23527799374999997 0.5720213546874999 0.24620840156249998 0.5808952953125 0.2522626890625 0.58344201875 0.2635380859375 0.58366234375 0.2537475125 0.5774967484375 0.22473355781249998 0.5734584125 0.2083208515625 0.5724150421875 0.20707166250000003 0.5669831640624999 0.20605246406250002 0.5563685078125 0.19943746874999999 0.5514125 0.19350381875 0.5298371656249999 0.17833615625000002 0.502262453125 0.15598565312499998 0.48059019375 0.13430371875 0.46642596249999996 0.1252670078125 0.4585836515625 0.1155730125 0.45619670156250003 0.116676009375 0.4580343390625 0.1237509890625 0.4567536078125 0.1319672984375 0.45766713125 0.1400686125 0.45998178906250003 0.1562456828125 0.46341325937500005 0.1704084203125 0.4668235453125 0.20282645000000002 0.47239401406250003 0.2344793359375 0.488520434375 0.24830272656250002 0.4939523125 0.2493219234375 0.496526665625 0.2517947484375
2 0.419551653125 0.1824861375 0.42149151093750004 0.1915115640625 0.4247120984375 0.1923206828125 0.4267818015625 0.19449398906249998 0.43913072656249996 0.1922169703125 0.4429070734375 0.1943008328125 0.445736971875 0.201649778125 0.446231028125 0.211076946875 0.4480058171875 0.212287803125 0.451894971875 0.20719446718749998 0.44850402031250003 0.20313460156250002 0.45116770156249997 0.18865243125 0.45048624375 0.17564944375 0.4380516859375 0.1016545390625 0.43050429062499995 0.0929229890625 0.42260557500000007 0.0868175921875 0.401766953125 0.067047775 0.3970664921875 0.0659902453125 0.39542799687499997 0.06737998437500001 0.39588268437499996 0.0807208265625 0.397532921875 0.08421998281250001 0.4028213640625 0.13381586406249998 0.40552671093750003 0.143453109375 0.40919139531250004 0.16673071718750002 0.411029034375 0.173805696875 0.4141932171875 0.1782034140625 0.4136662359375 0.1821426421875 0.4147266421875 0.1837169078125 0.419551653125 0.1824861375
2 0.9270058921875 0.5402073406250001 0.9368433171874999 0.541321621875 0.9411636796874999 0.5397913296875 0.9452690125000001 0.5434877890625 0.949515934375 0.5452210234375 0.9533827578125 0.5443664375 0.961700940625 0.5491459796875 0.9678184234374999 0.5445877984374999 0.9675628765625 0.539711678125 0.9609055234375001 0.5293036453125 0.9568512984374999 0.5265824109375 0.9542205421875 0.5276981859375 0.9340228609375 0.510828484375 0.932406696875 0.507979475 0.9299175265624999 0.507132025 0.9279383015624999 0.5020202703125001 0.9242130640624999 0.5009116328125 0.9216504531249999 0.50332770625 0.9187077453124999 0.503155959375 0.9110869078125001 0.49768793437500003 0.9073616703124999 0.4965792953125 0.90350014375 0.49287005781250004 0.9039930515625001 0.48828068125 0.901554990625 0.4884084546875 0.8950456687499999 0.4854899171875 0.8928907828125 0.4816912390625 0.891201178125 0.48210575625 0.8896819359375 0.48577101875000006 0.8925811296875 0.5084368078125 0.8933977296875 0.5100238484374999 0.8956090203124999 0.510233928125 0.90220996875 0.5242305593750001 0.9021482687500001 0.5323829828125 0.9078016203124999 0.53762815 0.9096786281250001 0.5407894578125 0.9187164875 0.5406417703125 0.9225269062500001 0.5433757828125 0.9270058921875 0.5402073406250001
2 0.6794246625 0 0.6831380078125 0.00601435 0.691093128125 0.008531146875 0.6974949359375 0.014063059375 0.70846735625 0.027504623437499997 0.7120286734375 0.0348152375 0.7225187765625 0.04371853125 0.731489640625 0.0562870921875 0.7363551703125 0.0651591921875 0.7412600671875 0.07011761718750001 0.7458242359375 0.06857455 0.7514775890625 0.07381971875 0.7705520140625 0.08325103125 0.7756443125 0.0917852796875 0.785844796875 0.09516230625 0.7896552156250001 0.09789631875 0.7979851390625 0.1075647609375 0.8012685765625 0.1142380015625 0.8067292328125 0.120471171875 0.8139529359375001 0.12302630156250001 0.818794984375 0.12212060625000001 0.8421244531250001 0.1412164953125 0.8508891999999999 0.15140553750000002 0.861657184375 0.16094620625 0.8657912953125001 0.1698566375 0.86785040625 0.18115758906249999 0.8731130703125001 0.192942584375 0.873856228125 0.19779315 0.8730343328125001 0.20076993281250002 0.8740042609374999 0.20528264687500003 0.8758471953125 0.2077938015625 0.877894565625 0.21420585625 0.8817666859375001 0.2087874453125 0.889631328125 0.21424269375 0.8946660734374999 0.2123489953125 0.8976258187499999 0.2128458171875 0.907434465625 0.208746125 0.914209925 0.207413134375 0.916336034375 0.20599784062499998 0.9190231953125 0.201293465625 0.923343559375 0.19976317500000002 0.9207956859375 0.174471234375 0.9182436656249999 0.1677596609375 0.7740012203125 0.037108840625 0.7705761953125 0.032398825 0.7645033765625 0.0284795109375 0.732950859375 0 0.6794246625 0
1 0.6175679703125 0.177649990625 0.6220534015625 0.18393426875000002 0.6281262203125 0.18785358593749998 0.6309954875 0.19128885625 0.6338923828125 0.18592155625 0.6318661953125 0.16125420937499998 0.63242725 0.1579651296875 0.628424134375 0.15621911875 0.620474309375 0.1491384984375 0.6193287203125 0.145938859375 0.619680040625 0.1433127078125 0.61537026875 0.1357153515625 0.6049941234375 0.1336514015625 0.6041604875 0.1317392859375 0.604477734375 0.12846298437499998 0.600667315625 0.125728971875 0.5966694968749999 0.1194191359375 0.592371465625 0.116710678125 0.5866041546874999 0.10462616250000001 0.5825499296875 0.101904928125 0.57772491875 0.10313569843749999 0.5744872937500001 0.10200150625 0.5738069859375 0.1030150625 0.5751229390625 0.109465446875 0.5819964703125 0.12866327500000002 0.5817644046875 0.13356495 0.5831197265625 0.13610165937500002 0.5836531515625001 0.141615153125 0.5857516328125 0.14900243124999998 0.588428203125 0.15342570312499998 0.6067776546875 0.1723480703125 0.6175679703125 0.177649990625
1 0.5615121671875001 0.0736703890625 0.557474978125 0.0712742296875 0.5552945390625 0.06698794062499999 0.5554276078125 0.0648621765625 0.5527680734375 0.060763979687500004 0.5487308859375 0.05836781875 0.544795915625 0.05792210625000001 0.5417339515624999 0.0554748375 0.5388934609375 0.05725353749999999 0.5378959046875 0.061543396875 0.5424494828124999 0.069127975 0.5447471046875 0.084979971875 0.5403873734375 0.0904239359375 0.5386977671875 0.090838453125 0.5288656390625001 0.0851603484375 0.52237865 0.0780030640625 0.515483934375 0.0770605296875 0.5109027296875001 0.0782785234375 0.517401459375 0.0903247078125 0.518280909375 0.097775871875 0.5216154562499999 0.10542433749999999 0.5366473984375 0.1170233125 0.5483959015625001 0.12194904843750001 0.5702850374999999 0.0917907734375 0.57175316875 0.0871502875 0.5721097859375 0.0799603109375 0.569659984375 0.0751991859375 0.5615121671875001 0.0736703890625
1 0.7411133828125 0.28656776562499997 0.7495901890625001 0.2897091578125 0.76568783125 0.2983185765625 0.769753796875 0.305928709375 0.7776472171875 0.3165979296875 0.790836225 0.32568575 0.7933200984375001 0.3310970234375 0.7975840562500001 0.33315533125 0.8024548812500001 0.337463609375 0.8049270140625 0.3379859859375 0.80650910625 0.34018484375 0.810444075 0.34063055625 0.8194766390625 0.34504669374999997 0.8231742484375 0.3549579046875 0.8308685265625 0.3571624046875 0.8350132296874999 0.35694519062499996 0.8364079203125 0.3555682265625 0.835777571875 0.3435404625 0.8331180375 0.339442265625 0.833384175 0.3351907375 0.8310418890625 0.3278162390625 0.8261881000000001 0.3238330359375 0.8252863171874999 0.32062062187499996 0.821424790625 0.316911384375 0.8189579531250001 0.31182518593749997 0.815493559375 0.31102884375 0.8126754 0.308568796875 0.8040176390625 0.311304303125 0.8000879640624999 0.30629476875 0.8008470109375001 0.2974538640625 0.7984259875 0.2979067109375 0.7846183718749999 0.281680025 0.784067909375 0.2758414578125 0.780745103125 0.273081890625 0.779355709375 0.26989503125000003 0.778097309375 0.273872590625 0.7703806984375 0.2759068390625 0.7676765 0.2802861390625 0.7640534828125001 0.281127946875 0.762488428125 0.2792541625 0.7593072078125 0.27453137031249997 0.7575717890625 0.2694068390625 0.76031535625 0.2611138671875 0.7642726578125 0.2573208296875 0.7657578265625 0.25300541718749997 0.76581423125 0.24941681718750003 0.756123690625 0.2417754890625 0.7545245640625 0.23925155468749998 0.7507652546875 0.23749276562500002 0.7450607921875 0.231272371875 0.7342193671875 0.224995228125 0.728628865625 0.2256141828125 0.72684878125 0.2289671484375 0.7238890359375 0.22847032656250002 0.7230383625 0.2262331359375 0.7194717500000001 0.223486346875 0.7163193078125001 0.223977525 0.7149757265625001 0.22632971406250002 0.7065500296875 0.2241635453125 0.703244259375 0.22172905156249997 0.70229136875 0.2175414125 0.6966039421875 0.21164609531249998 0.6919034828124999 0.21058856406249998 0.681861621875 0.2055733890625 0.678153421875 0.20478982499999998 0.6616033875 0.21087265624999998 0.660923078125 0.2118862125 0.6642458859375 0.2146457796875 0.6666392812499999 0.222995503125 0.6760636828125001 0.2348883578125 0.68954760625 0.244938625 0.7083846703125001 0.2638354390625 0.71746834375 0.2692268 0.7239723687499999 0.276709159375 0.73695164375 0.2864599046875 0.7411133828125 0.28656776562499997
1 0.8905261640625 0.4785554875 0.8981076328125001 0.48793718750000004 0.9003306640625001 0.49303616406249995 0.9068399859375 0.4959547015625 0.9089437625000001 0.49877815468750003 0.913905065625 0.50014798125 0.9183564234375 0.5057821109375 0.9205847515625001 0.506317265625 0.923697825 0.509739759375 0.9252064750000001 0.5152021421875 0.9355826203125 0.5172660921875 0.941043275 0.5234992625 0.945431784375 0.5232692703125 0.9478633999999999 0.513688775 0.9476589625 0.5097878796875001 0.9458501015625 0.507926871875 0.945038796875 0.5017760078125 0.9426571421875 0.49831518125 0.9417212859375 0.4944526171875 0.9379619765625 0.492693828125 0.935517471875 0.48336887968750003 0.9355227671874999 0.47880505781249993 0.9246079015625 0.4757914375 0.9237913000000001 0.4742043953125 0.9244428328125001 0.46797686718750003 0.912931690625 0.4535856328125 0.9119617625 0.44907291875000005 0.9096652890625 0.44723746562500005 0.90477213125 0.44716793906249996 0.903087821875 0.4430186296875 0.9022019265625 0.4261147453125 0.9005857625000001 0.42326573749999996 0.8981477015625 0.42339351093750005 0.8958001187500001 0.42058283437500005 0.8954934640625 0.4147314890625 0.8964910203124999 0.41044163125 0.8931511765625 0.40735698906250006 0.8918863328125 0.40188182812499995 0.8876394124999999 0.4001485953125 0.885694259375 0.3956869890625 0.8839024343749999 0.39415105625 0.8802964531249999 0.395317940625 0.8782948953125 0.3944449359375 0.8749603484374999 0.38679647031250003 0.8770012749999999 0.3837558015625 0.8700149328125001 0.37173517500000003 0.8585208281250001 0.35766901406249996 0.855000028125 0.360461271875 0.8557378921875 0.3698756609375 0.8615968296875 0.39303827187499996 0.868480953125 0.40310845312500004 0.86945088125 0.407621165625 0.8696788 0.4212998578125 0.872213784375 0.4276863578125 0.8746817703125 0.44678910156249996 0.8787871046875001 0.45048556093750003 0.8896978234375 0.47207954843750005 0.8905261640625 0.4785554875
2 1 0.6667080390625 0.9991434515625001 0.666487828125 0.9955086937500001 0.6624407406249999 0.9933825859375001 0.663856034375 0.9923509562499999 0.66749574375 0.983590975 0.6682808015624999 0.979337609375 0.657094846875 0.9793769781250001 0.653181171875 0.9779194375 0.6486940140625 0.9671802312500001 0.64436731875 0.967270709375 0.64142886875 0.9576407203124999 0.611618571875 0.9585648359375 0.6105922390625 0.9573681374999999 0.606417375 0.95918229375 0.603714559375 0.9583316203125 0.6014773671875 0.952933815625 0.6011083203124999 0.9487327078125001 0.604914134375 0.946436234375 0.60307868125 0.9460050265625 0.5995156374999999 0.9447519249999999 0.598929375 0.9436351125 0.600943709375 0.9386003687500001 0.6028374078125001 0.9368543578124999 0.6068405234375 0.9370247218750001 0.6100912703125 0.9351371234375 0.6160576109375 0.939695996875 0.619078365625 0.9402858265624999 0.621003259375 0.9382278640624999 0.623718853125 0.943410640625 0.6293146515625 0.9442953875000001 0.6322019921875001 0.9441091359374999 0.642642715625 0.9474043140624999 0.6542048546875 0.9501490296874999 0.6599284265625001 0.9513862453125 0.6742061578125 0.95270749375 0.6760927203125 0.9574942859375 0.6927921687499999 0.960017528125 0.6942897671875 0.9621383421875 0.6974382968749999 0.9653982984375 0.6943337421875 0.9693503046874999 0.6951045296875 0.9720439109375001 0.6998528765625001 0.9716585171875 0.7018288796875 0.9695664828125 0.7038943234375 0.9716361859375 0.706067628125 0.9717895140625 0.7089933 0.9704459328124999 0.7113454875 0.9712572375 0.717496353125 0.9691652015625 0.719561796875 0.9695911125000001 0.7276886640625 0.97824058125 0.7621138953125 0.9823576562499999 0.7706992515625 0.98639484375 0.7730954109375 0.9869676374999999 0.7746952312500001 0.9854143234375 0.7777103453125 0.9858231984374999 0.7855121375 0.9910794171875 0.7878444124999999 0.9942553406249999 0.7971310265625 1 0.8021700140625001 1 0.6667080390625
