3 0.07457974218749999 0.4751356765625 0.0699847015625 0.4760557859375 0.0636238375 0.48032157968750006 0.060435170312499994 0.4864081140625 0.058425220312500005 0.495977125 0.0592235125 0.49874018906249995 0.08554616875 0.527627675 0.0938091546875 0.52695893125 0.09585355625 0.524975684375 0.09760889375000001 0.517014240625 0.0963912203125 0.4888072078125 0.090138184375 0.479906940625 0.0827783265625 0.4764342046875 0.07457974218749999 0.4751356765625
1 0.2489150140625 0.45939704687500005 0.27496765 0.3430565609375 0.46146669375 0.363934025 0.4061488625 0.7221136375 0.2349788984375 0.7025343546875 0.430753928125 0.7361780421875 0.48619485312500005 0.3433384328125 0.259176484375 0.317926184375 0.22341849531250002 0.4598776078125 0.2489150140625 0.45939704687500005
0 0.3102555921875 0.7239726906249999 0.3133224640625 0.7268015390625 0.337089159375 0.7279298265625 0.3446112109375 0.7317571890625 0.36267278125 0.727295690625 0.38084358281249997 0.7304665453125 0.40062635156250004 0.7359429328125 0.415289709375 0.73767959375 0.41948790156250004 0.7333654546874999 0.42272385625000003 0.7365139640625 0.43130806406250005 0.7364091359375 0.431694021875 0.73119829375 0.42597432812499997 0.7326354984375001 0.4218026375 0.7284601015625001 0.41569955625 0.7295437 0.4086487984375 0.7310629234375 0.3966023640625 0.729447859375 0.3931854265625 0.727442246875 0.3744955171875 0.7247749156250001 0.3632730265625 0.722118790625 0.346983146875 0.7251035796874999 0.3331104265625 0.7211490390625 0.31632534687499997 0.7217122953125 0.304981646875 0.7128863421875 0.2913445875 0.7116051031249999 0.2786313171875 0.7128132796875 0.2657276734375 0.7110624249999999 0.259108103125 0.707085121875 0.2476473796875 0.707320140625 0.2357034390625 0.7036710687500001 0.22876707812500002 0.7016937984375 0.21586343281249998 0.6999429562499999 0.21041667187500002 0.7052733171875001 0.22242580156249997 0.7056685171875 0.22864069531250003 0.706652859375 0.24348245937500002 0.7128110999999999 0.24774467812499998 0.7164150375 0.260853246875 0.7140979296875 0.2758880078125 0.7176507515625 0.2870558671875 0.7164907 0.29269441406249996 0.7197268390625 0.3000500203125 0.717670103125 0.3102555921875 0.7239726906249999
0 0.3193126890625 0.7500096875 0.3301731515625 0.754951565625 0.3379120953125 0.7532484265625 0.347036771875 0.7552794203125 0.359366675 0.7537176296875 0.3742656734375 0.7581276203125 0.38358331562500003 0.75755316875 0.41998211718749995 0.762146621875 0.41786298125 0.758882115625 0.401971003125 0.75519354375 0.382209559375 0.7523565203125 0.3747754109375 0.75352215 0.364084015625 0.7488999296875 0.35571409374999996 0.7490386984375 0.3319021625 0.748196128125 0.3076855046875 0.7443605859375 0.2513027734375 0.739271321875 0.2097293375 0.730530021875 0.1782963609375 0.7269893296875 0.170988065625 0.7305214953125 0.1894403546875 0.7350047843749999 0.2038441453125 0.7369932375 0.2172762796875 0.742342428125 0.23236824375 0.744146975 0.23920471718749997 0.742593803125 0.26925288593749996 0.7470600593750001 0.2889571125 0.7516453375000001 0.29407914375 0.7498206234375 0.3103784 0.7509377390624999 0.3193126890625 0.7500096875
2 0.1791856453125 0.1907984609375 0.176395384375 0.21309744375 0.182600490625 0.21605770624999998 0.25731484843749997 0.2265729828125 0.2610606734375 0.22321132187499998 0.263338715625 0.2103889890625 0.2641325046875 0.196013259375 0.25797832187499997 0.19273148281250002 0.23542697031249998 0.1868526515625 0.1874755890625 0.1868382015625 0.1791856453125 0.1907984609375
3 1 0.1853078828125 0.4077439703125 0.1195559546875 0.1584794421875 0.09523694218749999 0.06442038125 0.088249334375 0.05901356875 0.0880521375 0.0474541203125 0.16103561875 0.0404660296875 0.215505565625 0.1732507203125 0.22599268281249998 0.17587476562499998 0.25935805156249997 0.64893789375 0.31583200312500004 0.6587547671875 0.272575196875 0.7198674859375 0.2756645484375 0.7482816265625 0.3147205125 1 0.35221299687499996 1 0.1853078828125
1 0.161025575 0.0791612859375 0.15817239375 0.073765709375 0.13829749062500002 0.07127699062500001 0.13558060624999999 0.0728241484375 0.1334718015625 0.07677466875 0.132833771875 0.08392434062500001 0.1594709390625 0.09209819531249999 0.161025575 0.0791612859375
0 0.1864097484375 0.013929968749999999 0.1725942296875 0.032500165625 0.1733386015625 0.04184399375 0.1658992046875 0.0482441640625 0.164347890625 0.0549179046875 0.161288571875 0.0570693234375 0.15284270625000002 0.0715208609375 0.1580946890625 0.075674334375 0.1634420578125 0.06531835 0.168076684375 0.05946245 0.17098618593749998 0.052015321875 0.17544117812499999 0.05041445 0.1758753625 0.0445522515625 0.17759286406250002 0.0352688765625 0.1866344640625 0.0218735328125 0.1864097484375 0.013929968749999999
0 0.1573595703125 0 0.15753219062499998 0.0027662609375 0.149917871875 0.030556071875 0.144023934375 0.042802456249999996 0.13766129062500002 0.053327129687499995 0.1349015921875 0.066069940625 0.1385655765625 0.068023665625 0.140663859375 0.0640171359375 0.1431690078125 0.052881495312500006 0.1484654671875 0.042846940625 0.153687025 0.03016454375 0.156735796875 0.023398484375 0.1612235296875 0.0059869015625 0.162908278125 0.012514187500000001 0.16094968125 0.0217594125 0.15792489999999998 0.0314947546875 0.1527062703125 0.03791716875 0.1503778609375 0.05105778125 0.152052059375 0.0529704375 0.155837584375 0.0446735546875 0.15733798906250002 0.03832124375 0.16192169843749998 0.032786809374999996 0.1654555859375 0.0198371 0.1669454375 0.00887016875 0.16456774375 0 0.1573595703125 0
0 0.1760658859375 0.0758526484375 0.1797142828125 0.06530079062500001 0.178095521875 0.05332893281249999 0.175406825 0.06198259375 0.1711821015625 0.07478625 0.165447859375 0.0832504046875 0.16359219375 0.0939960125 0.16967677187500002 0.0856775140625 0.1760658859375 0.0758526484375
0 0.6627632593749999 0.49719503125 0.65763774375 0.5099397109375 0.6559899109375 0.5292602828125 0.6566506859375 0.5429214359375 0.6506229546875 0.5310462390625 0.649428528125 0.542154121875 0.6538030640625 0.5537674796875 0.6499422187499999 0.5603107640625 0.6499355234374999 0.5746193265625 0.6561532109375 0.5835120484375 0.6544210234375 0.5659155421875 0.658851646875 0.5504248171875 0.663337146875 0.5417210328125 0.6613019875 0.5206874140625 0.6646304765625 0.5050221578125 0.6686230921874999 0.495863759375 0.66793155 0.4859634203125 0.6785931671875 0.45074830937500004 0.6795548171875 0.4411098390625 0.67763271875 0.4264958 0.6806395281250001 0.4164281109375 0.68021148125 0.401297565625 0.6857991125 0.3927683421875 0.6815443296875 0.373266021875 0.68005153125 0.3398915265625 0.6782117296875 0.3354578734375 0.6834876796875 0.31106339375 0.6836842859375001 0.293772375 0.6802767140625 0.3039688265625 0.6742258062500001 0.3303077390625 0.673986421875 0.3460857125 0.6773838609375 0.36921793593749996 0.678910690625 0.391677321875 0.6735130140625001 0.39722407187500003 0.675462528125 0.4152315765625 0.672033075 0.42975115312499995 0.6743744671874999 0.44706758593749996 0.6624482296875 0.4884840578125 0.6627632593749999 0.49719503125
0 0.3639115359375 0.14466270781249999 0.386526453125 0.14231359062499999 0.3992670546875 0.143013509375 0.4172098671875 0.1451964359375 0.430962821875 0.1519876109375 0.4454554296875 0.1509880390625 0.46834891718750005 0.150001090625 0.48819359375 0.15578011875 0.5087778890625 0.15376836875 0.5330641265625 0.1595919375 0.5327470171875001 0.1865605578125 0.5433188437500001 0.1572621390625 0.5557059203125 0.1539521515625 0.567278515625 0.1557850703125 0.5844606203125 0.1565294171875 0.5988783296875 0.15288199062500002 0.611361378125 0.16144906406249998 0.613092325 0.1505202953125 0.59459241875 0.14561321562500001 0.5757600953125 0.145925446875 0.5511415125 0.14532122187500002 0.5379667453125 0.15048350625 0.5078942468750001 0.143743484375 0.497741353125 0.14543040000000002 0.47431772812500006 0.1404024921875 0.461094984375 0.1396261859375 0.4372371234375 0.14046044375 0.417392415625 0.134681384375 0.39934777499999996 0.133141365625 0.3797547265625 0.1320151375 0.336453659375 0.13701883125 0.3120176203125 0.1258995796875 0.2865095640625 0.12779051875 0.25275628906250003 0.122444525 0.23065439531249998 0.12100499843750001 0.2328039515625 0.12982824843750002 0.2449605046875 0.131094721875 0.265212490625 0.134302321875 0.2827480390625 0.1390566109375 0.2936885703125 0.1355175125 0.309424128125 0.13603274999999998 0.3268309296875 0.144720659375 0.3420573796875 0.1484502875 0.3639115359375 0.14466270781249999
0 0.6667325468749999 0.147813171875 0.6784068921874999 0.1490031953125 0.67932913125 0.1306974015625 0.68415685 0.1189411171875 0.6845161140625 0.11043108593749999 0.6783553109375 0.09627540625 0.6810237406249999 0.0887900953125 0.679175696875 0.078612465625 0.682224484375 0.0718464078125 0.6808375625 0.05251586875000001 0.6778273687499999 0.030951271875000002 0.673556734375 0.04543175625 0.675350940625 0.062190812500000005 0.67143375 0.0806812375 0.6737908953125 0.0876445265625 0.6713472046875 0.10307337812499999 0.6778403859375 0.11200974687500001 0.6744861375 0.120704403125 0.673237371875 0.13170954375 0.6667325468749999 0.147813171875
0 1 0.190875940625 0.9834912109375 0.18826120468750002 0.9586478890624999 0.1797134375 0.9545598343749999 0.183678925 0.9876483437499999 0.1994635703125 1 0.20231830624999997 1 0.190875940625
0 0.9432788343749999 0.2642665984375 0.9378576953125 0.2423201203125 0.938040228125 0.23180516718750002 0.9331972421874999 0.2218121203125 0.9356409296875 0.206383290625 0.9348322281250001 0.199006240625 0.951253565625 0.19831215 0.9576984 0.1891925203125 0.9486179109374999 0.1899867796875 0.9304444921874999 0.19238035 0.918117034375 0.17658895624999998 0.914511159375 0.180630815625 0.9255418734375 0.20148878125 0.927668459375 0.2130285234375 0.923451628125 0.2209275765625 0.9321252375 0.234822234375 0.9343477859375 0.2582390875 0.9432788343749999 0.2642665984375
0 0.8278473875 0.1846975484375 0.8266582921875001 0.176601215625 0.7962265265624999 0.1783712515625 0.7830575750000001 0.1710135875 0.759885575 0.170638478125 0.738845953125 0.1692830609375 0.72107985 0.169105178125 0.7104677875000001 0.1582745 0.708719640625 0.16912454375 0.7191991046874999 0.1747382390625 0.696455446875 0.1810209265625 0.6912204453124999 0.19534869375 0.7019842656249999 0.189804553125 0.7224187921875 0.18249715 0.7324218484375 0.1755145453125 0.77264724375 0.1805676265625 0.806196878125 0.1871993625 0.8278473875 0.1846975484375
0 0.1323819296875 0 0.13061419999999999 0.0040549 0.12660104218749998 0.010668240625 0.119898359375 0.015537606249999999 0.127077403125 0.023264609375000002 0.13723612031250002 0.009057695312499999 0.1401584203125 0 0.1323819296875 0
0 0.1051012375 0.20527134375 0.0963719015625 0.202131425 0.0872173109375 0.20375679375 0.073430425 0.19717986406250002 0.085528090625 0.19777795781250002 0.10586586875 0.19836315468750002 0.118085228125 0.1919512484375 0.112249009375 0.1892695546875 0.0990832296875 0.1933349296875 0.08886438437500001 0.1912770828125 0.0726376890625 0.1917823421875 0.065279996875 0.1862236953125 0.050846320312500005 0.1878916046875 0.04386001875 0.1841490921875 0.0437024296875 0.195546728125 0.061857878125 0.195346953125 0.06884418125 0.19908945 0.0757446515625 0.20545437500000002 0.09340699218750001 0.210448465625 0.1211882921875 0.21396989375 0.1357897421875 0.21540387343749998 0.13790809531249998 0.2082707875 0.129889521875 0.20480411874999999 0.11988840781250001 0.20761340156250002 0.1051012375 0.20527134375
0 0.8149975671874999 0.27662806875 0.8231378093749999 0.27308473125 0.8549123968749999 0.2763600046875 0.8741640890625 0.283802475 0.8894443421875 0.2809506625 0.895194734375 0.2862547375 0.9009810203124999 0.28717119375 0.912182178125 0.2871879734375 0.9216581968750001 0.2856135140625 0.9274944156249999 0.28829520625 0.937110128125 0.277516928125 0.9245373000000001 0.2799188890625 0.910239359375 0.28072963125 0.8971094468749999 0.2804073859375 0.8926628437499999 0.27311316093750004 0.8724249359374999 0.276058403125 0.8623597953125 0.270949603125 0.8507193687499999 0.26954528125 0.831617478125 0.2673984859375 0.8137156031250001 0.2680777609375 0.8006535734375 0.2673269265625 0.7683718359375 0.263092665625 0.7528239453125 0.2593121171875 0.72845700625 0.26336073125000004 0.7132818484375 0.26770082500000003 0.7324643421875 0.269267378125 0.7449692625 0.267294003125 0.7551560984375 0.2653928 0.7759651812499999 0.271324609375 0.7502803874999999 0.271210515625 0.75100524375 0.2770366109375 0.7893127734375 0.27651397499999997 0.8035607812500001 0.273937996875 0.8149975671874999 0.27662806875
0 1 0.2913836609375 0.9893345375000001 0.2943599859375 0.98214459375 0.29190322343749997 0.9660076046875 0.2814394359375 0.9596104234375 0.2843801828125 0.949984578125 0.280658946875 0.9449909609375 0.2873717203125 0.94791615625 0.2895572859375 0.9533989093749999 0.28822901875 0.95994594375 0.29058395312499996 0.9644643078125 0.28910294062499997 0.9855589531250001 0.29947328125 0.9935954453125 0.3007461359375 1 0.298924334375 1 0.2913836609375
0 0.9136201843749999 0.4228722796875 0.9063187328125 0.441925025 0.9024893078125 0.45361974375 0.897645584375 0.4633965046875 0.9021759125000001 0.46405584375000003 0.9068360375 0.45738354687499994 0.9183063234375 0.4244931375 0.922856696875 0.4269711734375 0.9339618671875 0.41511083125 0.94390916875 0.4188829796875 0.946416859375 0.4113722015625 0.93316913125 0.40971330781250004 0.9271472187500001 0.406123540625 0.916928371875 0.404065709375 0.9136201843749999 0.4228722796875
3 0.42861013750000004 0.068576428125 0.4079207328125 0.0518114953125 0.3817902375 0.049747915625 0.36309057031249997 0.049898809375 0.3280110140625 0.04538029375 0.2918847375 0.057296678125 0.263670221875 0.068391078125 0.2306228359375 0.0756073953125 0.2151199359375 0.0752270625 0.2064820765625 0.0904596421875 0.2215794953125 0.10322626406249999 0.23832243593750002 0.100690371875 0.2679278859375 0.105379415625 0.318350034375 0.1112904140625 0.4463621265625 0.128452909375 0.44781432656250003 0.0996317234375 0.42861013750000004 0.068576428125
