2 0.628173828125 0 0.628173828125 0.0016276046874999998 0.642578125 0.015625 0.67333984375 0.0302734375 0.7041897031250001 0.041536234374999995 0.7178592484374999 0.0337256703125 0.77880859375 0.068359375 0.78662109375 0.06087239531250001 0.7890625 0.056640625 0.787183734375 0.046743309375 0.7403164859375 0.0233115703125 0.717041015625 0 0.628173828125 0
1 0.895751953125 0.103515625 0.900390625 0.099609375 0.892333984375 0.09114583281250001 0.853271484375 0.07194010468749999 0.8388671875 0.07194010468749999 0.841552734375 0.08919270781250001 0.843994140625 0.09342447968749999 0.891357421875 0.1044921875 0.895751953125 0.103515625
1 0.966796875 0.1376953125 0.968505859375 0.1350911453125 0.968017578125 0.1302083328125 0.966064453125 0.126953125 0.95166015625 0.12109375 0.9462890625 0.12109375 0.939453125 0.1236979171875 0.934814453125 0.1263020828125 0.932373046875 0.1298828125 0.935546875 0.1354166671875 0.94970703125 0.1429036453125 0.958984375 0.1416015625 0.966796875 0.1376953125
2 0.446533203125 0.224609375 0.46826171875 0.23111979218749998 0.47412109375 0.23567708281250002 0.48291015625 0.23502604218749998 0.501708984375 0.24381510468749998 0.529052734375 0.248046875 0.533935546875 0.25 0.53759765625 0.2535807296875 0.572021484375 0.263671875 0.594921875 0.2652994796875 0.618896484375 0.2721354171875 0.623046875 0.275390625 0.628662109375 0.2744140625 0.63671875 0.2770182296875 0.639892578125 0.2789713546875 0.642333984375 0.2874348953125 0.646484375 0.2939453125 0.656494140625 0.2998046875 0.658447265625 0.3063151046875 0.660888671875 0.3082682296875 0.669677734375 0.3076171875 0.675048828125 0.3017578125 0.68115234375 0.2981770828125 0.685302734375 0.2981770828125 0.69384765625 0.3017578125 0.703125 0.3092447921875 0.709716796875 0.3102213546875 0.72119140625 0.3089192703125 0.72802734375 0.3125 0.736083984375 0.3125 0.752197265625 0.3186848953125 0.76123046875 0.3196614578125 0.78662109375 0.3277994796875 0.8212217984375 0.3316049484375 0.8095049937500001 0.345143284375 0.7997409906249999 0.3508710578125 0.8083333015624999 0.36128516875 0.8212217984375 0.43834958593750006 0.8173828125 0.447265625 0.818603515625 0.4488932296875 0.81689453125 0.4554036453125 0.818115234375 0.4654947921875 0.820556640625 0.4677734375 0.825927734375 0.5006510421875 0.8251953125 0.5022786453125 0.828369140625 0.5068359375 0.827392578125 0.5094401046875 0.828369140625 0.5152994796875 0.833984375 0.5222439234375 0.834228515625 0.5328776046875 0.8388671875 0.5520833328125 0.84326171875 0.5631510421875 0.8427734375 0.572265625 0.84619140625 0.5930989578125 0.84912109375 0.5953776046875 0.8553059890625001 0.5940755203125 0.861572265625 0.5973307296875 0.865478515625 0.5973307296875 0.86865234375 0.5944010421875 0.876708984375 0.5992838546875 0.883056640625 0.5973307296875 0.888427734375 0.59375 0.888916015625 0.5872395828125 0.8876953125 0.5843098953125 0.889892578125 0.5764973953125 0.89013671875 0.5641276046875 0.8837890625 0.537109375 0.881591796875 0.5354817703125 0.878173828125 0.5289713546875 0.8740234375 0.5276692703125 0.872802734375 0.525390625 0.869384765625 0.5237630203125 0.857177734375 0.482421875 0.857421875 0.4742838546875 0.85498046875 0.46875 0.85546875 0.4661458328125 0.852294921875 0.4521484375 0.853271484375 0.4384765625 0.8515625 0.431640625 0.853759765625 0.4280598953125 0.85400390625 0.4078776046875 0.855224609375 0.4033203125 0.85546875 0.3922526046875 0.857177734375 0.38671875 0.85498046875 0.3688151046875 0.850341796875 0.3528645828125 0.8486328125 0.33734809062500004 0.85009765625 0.3264973953125 0.849609375 0.322265625 0.845458984375 0.3180338546875 0.840576171875 0.3209635421875 0.83740234375 0.306640625 0.8185174609375 0.308529815625 0.45166015625 0.2109375 0.439453125 0.20377604218749998 0.4365234375 0.20442708281250002 0.437255859375 0.21028645781250002 0.436279296875 0.21647135468749998 0.439208984375 0.220703125 0.446533203125 0.224609375
2 0 0.5061848953125 0.02099609375 0.513671875 0.497802734375 0.5755208328125 0.55615234375 0.578125 0.669677734375 0.578125 0.677490234375 0.5725911453125 0.678955078125 0.56640625 0.677734375 0.5442708328125 0.673583984375 0.5205078125 0.615234375 0.4700520828125 0.574462890625 0.4612630203125 0.041015625 0.3746744796875 0.004638671875 0.3736979171875 0 0.3746744796875 0 0.5061848953125
2 0.7626953125 0.5885416671875 0.829345703125 0.59375 0.84130859375 0.5934244796875 0.84423828125 0.5914713546875 0.841552734375 0.5621744796875 0.835205078125 0.5380859375 0.833740234375 0.5338541671875 0.822021484375 0.5185546875 0.775634765625 0.4817708328125 0.75732421875 0.4742838546875 0.740478515625 0.4700520828125 0.705078125 0.4674479171875 0.6982421875 0.4680989578125 0.696044921875 0.470703125 0.69580078125 0.513671875 0.7001953125 0.5563151046875 0.704833984375 0.578125 0.7626953125 0.5885416671875
2 0.722412109375 0.6103515625 0.72998046875 0.607421875 0.727783203125 0.6018880203125 0.720458984375 0.5911458328125 0.7161740812499999 0.583963153125 0.7068006312499999 0.5912530078125 0.7173457437499999 0.5959393562499999 0.709534540625 0.5980221859375 0.6864914859375 0.596980790625 0.6798519749999999 0.5886494812499999 0.658203125 0.5869140625 0.635498046875 0.5986328125 0.634765625 0.599609375 0.638427734375 0.6057942703125 0.642333984375 0.607421875 0.722412109375 0.6103515625
1 0.789794921875 0.6070963546875 0.79052734375 0.6031901046875 0.7890625 0.5924479171875 0.7724609375 0.5895182296875 0.7666015625 0.5911458328125 0.76708984375 0.6025390625 0.76953125 0.6110026046875 0.783447265625 0.6165364578125 0.789794921875 0.6070963546875
2 0.023987665624999998 0.546573271875 0.09428849218749999 0.5606323265625 0.166151596875 0.56115304375 0.1806640625 0.5696614578125 0.22021484375 0.5709635421875 0.25390625 0.5699869796875 0.2646484375 0.5680338546875 0.271484375 0.564453125 0.266845703125 0.5602213546875 0.25927734375 0.556640625 0.211181640625 0.546875 0.04443359375 0.5345052078125 0 0.53515625 0.0001635015625 0.5543838562500001 0.01930095625 0.5564666859375 0.023987665624999998 0.546573271875
3 0.4443828515625 0.60356809375 0.2088685703125 0.58125814375 0.16797400468749998 0.9996744796874999 0.43772241718749993 0.9996744796874999 0.4443828515625 0.60356809375
3 0 0.0635248515625 0.1917787265625 0.12715658125 0.2201475859375 0.000044635937499999997 0 0 0 0.0635248515625
3 0.735998746875 0.757366740625 0.7805418203125 0.7587802953125 0.8086464140625 0.7566599640625 0.8150096906250001 0.7481785890625 0.81713078125 0.731215884375 0.81713078125 0.7156667359375 0.8192518734375 0.6987040328125 0.8340995890625 0.681741328125 0.8272059859375 0.6633650578125 0.8404628640625 0.6647786250000001 0.8632646921875 0.6485226984375 0.712051453125 0.6391972734375 0.7084244796875 0.7001175984375 0.728044634375 0.753126053125 0.735998746875 0.757366740625
2 0.5822191171875 0.9686938062499999 0.631004409375 0.9672802515625 0.6713052640625 0.9672802515625 0.67342635625 0.9996744796874999 0.7010006234375 0.9996744796874999 0.693576765625 0.9566785203125001 0.6877437453125 0.9114446765625001 0.6750171921875 0.8987226359375 0.6203989140624999 0.9043768546875001 0.572674203125 0.9079107656250001 0.495130621875 0.9105426859374999 0.495254096875 0.9679870062499999 0.5382063328125 0.9708141156250001 0.5822191171875 0.9686938062499999
