1 0 0.909352990625 0.2704590140625 0.9541284671874999 0.3841657328125 0.317978003125 0.29079096249999997 0.33133106875 0.26612192343749996 0.432652215625 0.012664696875 0.38670125624999996 0 0.4518554734375 0 0.909352990625
1 0.4756165640625 0.0522246953125 0.360670365625 0.739534321875 0.3488179828125 0.9796399265625 0.9170329703125001 0.973693390625 0.9810058749999999 0.5997987265625 0.6976824734375 0.5795456546875 0.5556648562500001 0.5552563625 0.5093718234375 0.47993520624999997 0.5793800765625 0.10058142656249999 0.4756165640625 0.0522246953125
2 0.5130490578125 0.3778498015625 0.435114421875 0.32456528906250004 0.4294775765625 0.315179259375 0.36901985625 0.8373252171875001 0.42924141875000005 0.8026052109374999 0.4668688671875 0.6921964515625 0.48647821249999995 0.584917596875 0.46211143593750004 0.550335959375 0.4419166375 0.5198814078125 0.48798151718750005 0.49401609375 0.5130490578125 0.3778498015625
2 0.5320126765625 0.5937686 0.552737890625 0.5895068359375 0.6213197140625 0.108733665625 0.53500545 0.188123790625 0.5121585765625001 0.33125081875 0.508662759375 0.4963780546875 0.5320126765625 0.5937686
3 1 0.2016754 0.6267339390625 0.10646995 0.619060609375 0.1779333765625 1 0.25342963125 1 0.2016754
3 0.73012385 0.5725870796875 0.7880614078125 0.2041515328125 0.7691995625 0.1988270953125 0.703096696875 0.5772819390625 0.73012385 0.5725870796875
3 1 0.19724078750000001 0.631527040625 0.10740163437500001 0.6251838984375 0.15922681249999998 1 0.24071696875 1 0.19724078750000001
3 0.09224915781250001 0 0.0933255171875 0.029314935937499998 0.321264428125 0.0785959734375 0.23589844843750002 0.4218031640625 0.015061248437499999 0.3871670984375 0.2538286078125 0.43192070468750005 0.26727622812499996 0.43950886093749997 0.343099975 0.0878145765625 0.32108301250000004 0.015554143749999999 0.21810195000000002 0 0.09224915781250001 0
3 0.267809409375 0.44956090625 0.2540072578125 0.4501941734375 0.1995544515625 0.4744290390625 0.20585915625 0.5187643046875 0.2617328578125 0.50641210625 0.3199563734375 0.4563811125 0.3264341953125 0.4294531265625 0.304683821875 0.36221871562499997 0.317065078125 0.34970277968749997 0.37791053125 0.3565557359375 0.3995646625 0.3027325078125 0.378215559375 0.2654213125 0.3172849328125 0.3165841640625 0.2807650515625 0.39570493125 0.267809409375 0.44956090625
0 1 0.128340284375 0.9871894390625 0.1201611046875 0.9227051890625001 0.11923310937500001 0.907528878125 0.1461283484375 0.9191571 0.156678984375 0.9730794921875001 0.167160434375 1 0.165527915625 1 0.128340284375
3 0.41590250468749995 0 1 0.1782903390625 1 0.125895253125 0.5934872578125 0.008813734375 0.5415222046875 0 0.41590250468749995 0
