2 0.573892396875 0.4696489375 0.5864795171875 0.47028986093749997 0.5910154859375 0.473740878125 0.5974985 0.47469605625 0.5994455453125 0.47220021562500003 0.6093288625 0.46657904375000003 0.6153436906249999 0.464637603125 0.6277900859375001 0.466275259375 0.6352875796874999 0.46286872968750004 0.6381718109375 0.4599470734375 0.6370350874999999 0.45613878124999996 0.6412833 0.44750942968749996 0.6443422828125 0.443914778125 0.651422221875 0.44120676249999996 0.672648178125 0.4399577671875 0.67591131875 0.43830554218750006 0.69214510625 0.4362719890625 0.6948545875 0.4340233265625 0.698696171875 0.43787464062500003 0.6987890109375 0.44342921874999996 0.7001731578125 0.44492030781249997 0.7014938734375 0.44347224062499996 0.7020227453125 0.43916157343749995 0.7042806453125 0.43728768906250004 0.70777735 0.44019330781250005 0.7151185703125 0.42829304375 0.7103513484375 0.4191383390625 0.720051484375 0.372458525 0.7177007453125 0.36877783124999997 0.7210705828124999 0.36580513593749997 0.7234876890625 0.3537677875 0.7212033140624999 0.3343690515625 0.721464596875 0.3251768015625 0.71990863125 0.30570150625000003 0.717183603125 0.2984596984375 0.7135507953125 0.2942591265625 0.6996475796875 0.29277458749999996 0.696786446875 0.2842378296875 0.69422693125 0.28090639375 0.680639190625 0.277752128125 0.6541055906250001 0.27988629375 0.646889546875 0.281299359375 0.6297093328125001 0.28834209375 0.625611084375 0.29139134843750003 0.621760259375 0.29212340000000003 0.6181816437500001 0.295445353125 0.5733668187500001 0.31750321718749996 0.562159225 0.32064506718749997 0.5536270875 0.3212145171875 0.5525399359375001 0.32722043125 0.5549965718750001 0.41599160625 0.5557312875 0.4299888828125 0.55852436875 0.43787816562500004 0.5593069703125 0.44532413125000003 0.5585214359374999 0.456535365625 0.5609650140625 0.4657706390625 0.5628024296875 0.48325246875000005 0.5640937375 0.4791889796875 0.5675656546875001 0.47718749687499995 0.5688569625000001 0.4731240078125 0.573892396875 0.4696489375
2 0.541280721875 0.44198174218749997 0.5433142984375 0.43096664687499997 0.54148905625 0.39024425156250003 0.5400213109374999 0.3786152171875 0.5394844437499999 0.35248653281250003 0.5378511859375 0.336947128125 0.5362582625 0.33580529531250003 0.5334126765625 0.33675900625 0.5145483875 0.3534708484375 0.5086484375 0.35572752812499997 0.49457047187500003 0.354915984375 0.47735454375 0.3452694640625 0.473512959375 0.3414181515625 0.46539375468750005 0.34358076875 0.46331060468749996 0.344781659375 0.4614996640625 0.34857245 0.4158312515625 0.3811940734375 0.410732384375 0.38172998593749996 0.40760534843749996 0.3846771625 0.40300763437500003 0.394652503125 0.40241071093749997 0.398315696875 0.4040284203125 0.40436463125 0.39724254531250003 0.43322685156249996 0.39609826875 0.450367440625 0.39728918593749996 0.46169825781249996 0.4051332484375 0.47560293906249995 0.4115003234375 0.4824619515625 0.41872267343749997 0.4951227203125 0.442419928125 0.48935890156250006 0.531047715625 0.47775254843750004 0.5397390578125 0.467019634375 0.53978694375 0.4604683234375 0.5422968874999999 0.45398555468749996 0.541280721875 0.44198174218749997
1 0.743801928125 0.9768022109375 0.7688106578125 0.9741736875000001 0.772700128125 0.9714736890625 0.773982196875 0.9719935671875 0.774152328125 0.97361225625 0.776094753125 0.9734080984375 0.7828344296874999 0.9674627062500001 0.7628097953124999 0.7512490140625 0.7608564421875 0.7396710203125 0.7402071625 0.540870615625 0.738943575 0.5311840078125 0.7366268609375 0.5278270515625 0.673838290625 0.537699534375 0.6618296171875 0.5425621515625 0.56684568125 0.5590916421875 0.5635485140625 0.5604201296875 0.5618782984374999 0.5632141875000001 0.5598989140625 0.5817518078125 0.5612259359375 0.594377575 0.5600182265625 0.60857900625 0.561653171875 0.6404839296875 0.5597884796875 0.6881404296875 0.5618519046875 0.7311289890625 0.5607261078125 0.7391028484375 0.5614020125 0.7478692828125 0.560480371875 0.7577855687499999 0.5613742921875 0.7616193796874999 0.5607450296875001 0.7813243515625 0.564988259375 0.91278586875 0.5638687703125 0.9348335640625001 0.56532434375 0.9697031624999999 0.5669483609375 0.9898259328125001 0.5726256734375 0.9947935609374999 0.5828234078125 0.9937217359374999 0.5859771171875 0.9904444421875 0.6399208062499999 0.9857566734375001 0.68009003125 0.9802254609375 0.7224738921875 0.9770799953125 0.7286166453125 0.9747977953125 0.7418641218750001 0.9747146843750001 0.743801928125 0.9768022109375
1 0.48237897187499995 1 0.4832493109375 0.9992776859375001 0.495768378125 0.999271134375 0.501357471875 0.9963925 0.5019157515625 0.9946972531249999 0.5022744921875 0.988767896875 0.5009722578125 0.9810492343749999 0.502991975 0.9769091875000001 0.5018985171875 0.9688412671875 0.5003442390624999 0.9657314890625001 0.500523609375 0.9627668109374999 0.5018102984375 0.9609950062499999 0.500464796875 0.9575359703125 0.5048444937500001 0.9524932500000001 0.514926290625 0.9573252609375 0.518266721875 0.9517371453125 0.5143184390625 0.9492063015625 0.5103747750000001 0.9443837765625 0.4865842390625 0.8932047828125 0.48555421406250004 0.888076021875 0.48681149531249995 0.88368879375 0.486471234375 0.8804514187500001 0.4884909515625 0.8763113718750001 0.488640915625 0.870731271875 0.49031113125000003 0.867937215625 0.4889702515625 0.8621864984375 0.49089712968750004 0.852491871875 0.489692353125 0.848036103125 0.49174609687500004 0.84421979375 0.49094963593749996 0.843648878125 0.4904438625 0.83650113125 0.4883019 0.8324711796875001 0.4886219953125 0.82850976875 0.48630528125000005 0.8251528140625 0.4837751703125 0.8244367968749999 0.4793366609375 0.824248675 0.470348321875 0.827484584375 0.3016496734375 0.85503494375 0.28753306093750003 0.8561913453125 0.2647251078125 0.8680806625 0.2627301765625 0.8771278125 0.25907426875 0.8843856562499999 0.2621193921875 0.887666053125 0.2642907609375 0.8943114234375 0.26321285 0.8957339734374999 0.26466042968750003 0.9001642203125 0.26462443750000003 1 0.48237897187499995 1
1 0.632146346875 0 0.5539462187499999 0.0252892140625 0.5458564203125 0.030067253125 0.5444970609374999 0.0334832671875 0.5454969468749999 0.040660909375 0.5441878921875001 0.0492268296875 0.5450604015625 0.080884571875 0.546095046875 0.0837216515625 0.5447697125000001 0.087461403125 0.5459703109375 0.1455970875 0.5472338999999999 0.15528369687500002 0.5461173421875001 0.1586741890625 0.54715998125 0.19195062031250001 0.5480803765625 0.217057053125 0.55067560625 0.2370777453125 0.5542743890625 0.24095457812499999 0.5654000703125 0.24404030312499997 0.576078790625 0.24520912187500002 0.5767887203125001 0.25429929375000004 0.579216753125 0.254044096875 0.5814112203125 0.2492310546875 0.5869662890625 0.2460286828125 0.7043931296875 0.209465396875 0.7069186203125 0.21247309531249997 0.7089677437499999 0.21094846875 0.7097348 0.20890396406249997 0.7085300234374999 0.204448196875 0.709689846875 0.196798075 0.6999797671875 0.076385190625 0.6926686984375 0 0.632146346875 0
1 0.534596403125 0.23123951874999998 0.5335289765625 0.193055984375 0.530797640625 0.1717403421875 0.530732521875 0.152435665625 0.5283091093750001 0.1503991796875 0.5284544546875 0.147110765625 0.530678328125 0.14491314375 0.53042584375 0.09813379375 0.5289442375 0.09337980781250001 0.530206140625 0.08670089843749999 0.52762476875 0.05980515937500001 0.5298192375 0.054992115625000004 0.5282494125 0.0423918703125 0.5094174625 0.043061932812499995 0.49710255156249994 0.0450109078125 0.49639892812499997 0.0499945703125 0.497371828125 0.06625800937500001 0.49990193906249997 0.0669740265625 0.5026656125 0.0722478890625 0.502481621875 0.0775042484375 0.5077955734375 0.09069291406249999 0.512438240625 0.0928234609375 0.515031784375 0.0964786359375 0.5187313984374999 0.1363494 0.5110885625 0.14304434375 0.5105256640625 0.1470312734375 0.5117304390624999 0.151487040625 0.505655740625 0.15441671562499998 0.5045299421875 0.162390575 0.5002275375 0.1634974015625 0.49685307968750003 0.1687617796875 0.49621897812500004 0.17362914062499998 0.4946880171875 0.17619024375 0.4951984109375 0.1810463078125 0.49345552187499997 0.1854845734375 0.48696326875 0.1891127625 0.48622561875 0.1937726875 0.484730153125 0.19589375 0.4802529984375 0.1976735734375 0.47854413593749995 0.20243557656250002 0.47593673281250004 0.20565545 0.4750243328125 0.2109883703125 0.47168852031249997 0.21428480312499998 0.47058289062499997 0.2294574484375 0.47213254843749997 0.23485890937499998 0.47448035624999996 0.257196803125 0.4796380359375 0.26189173125 0.488388190625 0.256389659375 0.52034999375 0.24517480468750003 0.5264541 0.24486055 0.5341990156249999 0.23913681874999998 0.5330963171875001 0.2356522640625 0.534596403125 0.23123951874999998
1 0.28447845781250003 0.2899320484375 0.2874601484375 0.2902732890625 0.28829525624999996 0.288876259375 0.2877848640625 0.2840201953125 0.305390184375 0.2553300625 0.3087894296875 0.25497278749999996 0.3143877625 0.2475107875 0.31903966875 0.24505796875 0.319082934375 0.240798340625 0.323671409375 0.2354063640625 0.324987503125 0.2362499796875 0.3346748453125 0.230322090625 0.3423084421875 0.22821051093750003 0.350087384375 0.22281051718749997 0.3484356484375 0.21643784375 0.3510863171875 0.2089583421875 0.3517218875 0.20332720312500002 0.35075529375 0.20113759999999997 0.354834621875 0.1558668421875 0.353632778125 0.1327538734375 0.3498436984375 0.1200595671875 0.3488569375 0.11067117500000001 0.346923753125 0.10629196875 0.34463644531250004 0.10555043281250001 0.3413144921875 0.1019718171875 0.33976945468749997 0.0942786734375 0.33835128124999997 0.092463846875 0.329095353125 0.09081817187499999 0.3265946484375 0.0927175765625 0.313308525 0.09476863125 0.30337838125 0.10072203906249999 0.301265825 0.099307509375 0.29992032343749997 0.095848475 0.29790984531250003 0.09540515625 0.289786021875 0.0998594578125 0.28722357187499997 0.1151852203125 0.278055059375 0.2077967609375 0.2781726859375 0.21825844062500002 0.279479540625 0.223685421875 0.2746747359375 0.2503755390625 0.27624918125 0.2606841015625 0.27245716875000003 0.2666469953125 0.2731763390625 0.271153803125 0.2687365828125 0.3059883984375 0.269830040625 0.31405631875 0.2724622296875 0.315743546875 0.274536140625 0.3191260234375 0.2757934234375 0.314738796875 0.2746226734375 0.3106067671875 0.28637299843749997 0.296279203125 0.28301239843750003 0.2946685328125 0.28447845781250003 0.2899320484375
1 0.29568524687500003 0.3732011515625 0.3007114421875 0.37430944843749997 0.30387250312499997 0.37168600937499996 0.3069562734375 0.3729984609375 0.3120211140625 0.37213881249999997 0.3196656390625 0.3818093828125 0.3226813546875 0.3824743609375 0.3242310140625 0.38787582187499997 0.32800916562500004 0.3887879765625 0.329150509375 0.3903045859375 0.329232421875 0.3840770140625 0.32795959375 0.3789737703125 0.32859978437500004 0.37105095 0.3268413484375 0.365998746875 0.3276810765625 0.362310034375 0.3259520484375 0.359873253125 0.3222713546875 0.36222399375 0.3194644140625 0.36120975781250003 0.3181189125 0.35775072343750003 0.3203087609375 0.3552293625 0.3138257484375 0.3542741875 0.312228203125 0.3554240375 0.3085953953125 0.351223465625 0.3101248875 0.34942613906250003 0.3098186515625 0.3465125015625 0.30677352812500003 0.3432321046875 0.30733180625 0.3415368578125 0.30490839375 0.339500371875 0.30418460468749997 0.337285246875 0.3039031546875 0.3392787109375 0.2963376109375 0.342037765625 0.291628578125 0.3556252625 0.26322060468749997 0.3586110609375 0.25824104999999997 0.385974171875 0.2573240296875 0.3935987734375 0.25946137187499996 0.39992040625 0.2657402296875 0.39893315937499996 0.2718350953125 0.403202271875 0.27461725000000003 0.3993094015625 0.28055584375 0.395084778125 0.2831153609375 0.3984162140625 0.2861772765625 0.3761643640625 0.2917957765625 0.3759011484375 0.29568524687500003 0.3732011515625
1 0.236207984375 0.047883490625000004 0.24280400468750002 0.061592032812499996 0.244848509375 0.0623590875 0.2466115640625 0.06511960781250001 0.250700571875 0.0666537203125 0.2533575484375 0.0732480515625 0.2569269234375 0.07450946562500001 0.26249585 0.06443204375 0.2672405953125 0.0675338046875 0.27185385625 0.06704893125 0.27525772187499997 0.06439997343750001 0.2805233453125 0.0327517140625 0.280444365625 0.0203220875 0.2462091140625 0.0239203578125 0.23992101875 0.029490971875 0.2365373203125 0.039338715625 0.2328179796875 0.0436574 0.23322629374999998 0.0475422515625 0.234576415625 0.048709603125 0.236207984375 0.047883490625000004
2 0 0.1811724671875 0.031491746875 0.1718492828125 0.0420776296875 0.167463521875 0.160194234375 0.1327916234375 0.16759888750000002 0.12383051406250001 0.168209671875 0.11329227500000001 0.174112553125 0.0923783953125 0.174364596875 0.087769509375 0.180580021875 0.083843103125 0.182633765625 0.08002679375 0.1867320125 0.0769775390625 0.1885706734375 0.0594366515625 0.1833928265625 0.0475429375 0.1840237765625 0.0442034828125 0.18244009218749999 0.038478284375 0.1780015828125 0.0382901625 0.17433936875 0.031474171875 0 0.049797978124999996 0 0.1811724671875
