2 0.3683078609375 0.04195703125 0.4844995109375 0.0601809890625 0.497192871875 0.0094140625 0.494263428125 0 0.083251953125 0.0003255203125 0.11834936562500001 0.008112304687499999 0.1124909671875 0.0536725265625 0.363426025 0.099232746875 0.3683078609375 0.04195703125
1 0.032333007812499995 0 0.0196042484375 0.10531640625000001 0.0657866203125 0.12378743437499999 0.10009350624999999 0.13170345 0.10867016562500001 0 0.032333007812499995 0
2 0.62060546875 0.326171875 0.62451171875 0.3453776046875 0.62744140625 0.3486328125 0.63037109375 0.3557942703125 0.63232421875 0.3642578125 0.63232421875 0.369140625 0.6337890625 0.3723958328125 0.6337890625 0.380859375 0.63232421875 0.3880208328125 0.63232421875 0.400390625 0.633544921875 0.4111328125 0.63623046875 0.4192708328125 0.644287109375 0.4313151046875 0.6455078125 0.4348958328125 0.64697265625 0.4430338546875 0.6455078125 0.4469401046875 0.645751953125 0.455078125 0.646728515625 0.4563802078125 0.654296875 0.453125 0.658203125 0.4560546875 0.667724609375 0.4554036453125 0.66845703125 0.4547526046875 0.66455078125 0.4423828125 0.66455078125 0.4352213546875 0.6630859375 0.427734375 0.66357421875 0.4153645828125 0.661865234375 0.4046223953125 0.662109375 0.3990885421875 0.65673828125 0.3863932296875 0.655517578125 0.3811848953125 0.662109375 0.373046875 0.6630859375 0.3649088546875 0.66748046875 0.357421875 0.66650390625 0.353515625 0.6669921875 0.3489583328125 0.674560546875 0.3427734375 0.681396484375 0.3414713546875 0.680908203125 0.3375651046875 0.681640625 0.3359375 0.682373046875 0.3141276046875 0.68408203125 0.3102213546875 0.685791015625 0.3004557296875 0.685791015625 0.2985026046875 0.682373046875 0.2913411453125 0.682373046875 0.2828776046875 0.681396484375 0.28125 0.6787109375 0.2926432296875 0.67578125 0.2945963546875 0.66748046875 0.2942708328125 0.66259765625 0.2965494796875 0.65380859375 0.2972005203125 0.625732421875 0.2958984375 0.61669921875 0.2975260421875 0.615966796875 0.2985026046875 0.61669921875 0.302734375 0.6201171875 0.3115885421875 0.62060546875 0.326171875
0 0.5741796875 0.15984960937499998 0.5801174312499999 0.19855045625 0.5933122562500001 0.2082255859375 0.5873745125000001 0.15984960937499998 0.590013671875 0.12114876249999999 0.590013671875 0.0912434890625 0.576818603125 0.0965208328125 0.56824194375 0.12466699218749999 0.5741796875 0.15984960937499998
0 0.6830380859375 0.2495654296875 0.654009278125 0.2152623703125 0.637515625 0.20558691406250001 0.6319792484375 0.2179733078125 0.6513703609375 0.2653974609375 0.678419921875 0.295302734375 0.69491381875 0.3040983078125 0.6830380859375 0.2495654296875
0 0.6672041015625 0.6101875 0.6678640140625001 0.623381184375 0.6830380859375 0.6321767578124999 0.691614990625 0.5961145828125 0.68765649375 0.5486178390625 0.679079834375 0.493205403125 0.6803991703125 0.46505924531250004 0.6738017578125 0.45450423124999995 0.6600231937500001 0.45992122343749997 0.654009278125 0.5072783203125 0.6546689453125001 0.545099609375 0.659947021875 0.574125325 0.6672041015625 0.6101875
0 0.7246022953125 0.451865559375 0.698212403125 0.40612825468749997 0.690295409375 0.38062076875 0.7021708984374999 0.368306965625 0.71338671875 0.36566796875 0.7081086421875 0.3507154953125 0.696892821875 0.336642578125 0.685017578125 0.31729199218750004 0.6765197749999999 0.34224641875 0.67578100625 0.39117578124999997 0.690295409375 0.4369130859375 0.7074489749999999 0.4580224609375 0.7246022953125 0.451865559375
0 0.6183828124999999 0.24340852812499997 0.6117854 0.238130859375 0.5998112796874999 0.2443675125 0.603208496875 0.2970618484375 0.6170632328125001 0.2917845046875 0.6203620609375 0.263638346875 0.6183828124999999 0.24340852812499997
2 0.6639055171875 0 0.659947021875 0.0217574875 0.70019165 0.0006481125 0.7648471671875 0.0006481125 0.785958984375 0.0314329421875 0.8354401859375 0.0217574875 0.8849213859375 0.0217574875 0.9317634281249999 0.036710285937499997 0.9706887203125 0.0428671875 0.999755859375 0.0463854171875 0.999755859375 0.014721028124999999 0.9588132328125001 0.003286784375 0.766826415625 0 0.6639055171875 0
1 0.66192626875 0.144017578125 0.665884765625 0.1141119796875 0.647411865625 0.0595791015625 0.6315778812499999 0.027035156249999998 0.586055175 0.0393489578125 0.577478271875 0.056060871874999994 0.5684680171875 0.0662057296875 0.6018891609375 0.107955078125 0.615743896875 0.129064778125 0.6454326171875 0.144896809375 0.66192626875 0.144017578125
2 0.3498059078125 0.240576496875 0.589294678125 0.24145605468750003 0.59259350625 0.20275520781249998 0.10821679687500001 0.12779264375 0.10833789062500002 0.15877669218749998 0.19344555624999998 0.19220019531250002 0.3498059078125 0.240576496875
2 0.06743335 0.776232421875 0.355083984375 0.8281269531250001 0.4138015140625 0.8166923828125 0.43095507812499995 0.7410498046875 0.5807180171875 0.7665572921875 0.5846765140625 0.7419293625 0.570162109375 0.713783203125 0.46922045937499995 0.687396159375 0.3999467765625 0.672443684375 0.317478271875 0.6486953125 0.2040014640625 0.6416588546875001 0.1386862796875 0.630224284375 0.0727114265625 0.6346220703125 0.001458496875 0.6214287109375001 0 0.671564128125 0.06875292968749999 0.6891552734374999 0.06743335 0.776232421875
2 0.8182958984375001 0.8965849609375001 0.88097216875 0.8913076171875 0.9192375484375 0.87195703125 0.9456274421875 0.88690983125 0.999755859375 0.89306673125 0.999755859375 0.8411721999999999 0.9997270500000001 0.7998326828125 0.93771069375 0.7822412109375 0.8460053703125 0.75673405 0.785396484375 0.73926139375 0.776731934375 0.7365039062500001 0.8057607421874999 0.8851507156249999 0.8182958984375001 0.8965849609375001
2 0.712076415625 0.671416015625 0.788607421875 0.6934049484375 0.8103791499999999 0.67933203125 0.8308312984375 0.655583659375 0.8664577640625 0.6388720703125 0.8611796875 0.6001712234375 0.8506237796875 0.59665266875 0.8018022453125001 0.6124850265624999 0.7655161140625 0.630076496875 0.700200928125 0.6283170578124999 0.6856865234375 0.65382454375 0.6856865234375 0.6635 0.712076415625 0.671416015625
3 0.999755859375 0.6423903 0.8728276359375 0.616087890625 0.8717355953125001 0.6467880859374999 0.9990671390625 0.6670182296875 0.999755859375 0.6423903
2 0.675048828125 0.1435546875 0.68115234375 0.1458333328125 0.701904296875 0.1484375 0.708740234375 0.1507161453125 0.733154296875 0.1536458328125 0.74365234375 0.1572265625 0.751953125 0.1578776046875 0.759765625 0.1617838546875 0.76416015625 0.1611328125 0.77099609375 0.1643880203125 0.77978515625 0.1650390625 0.790771484375 0.1702473953125 0.7939453125 0.1689453125 0.8095703125 0.1728515625 0.8125 0.1725260421875 0.814453125 0.1695963546875 0.8232421875 0.16796875 0.830078125 0.1702473953125 0.83349609375 0.1689453125 0.837158203125 0.1708984375 0.842529296875 0.169921875 0.845703125 0.1715494796875 0.852783203125 0.169921875 0.849853515625 0.16796875 0.849365234375 0.1663411453125 0.846435546875 0.1682942703125 0.844482421875 0.1682942703125 0.841796875 0.1653645828125 0.83837890625 0.1682942703125 0.8359375 0.1669921875 0.825927734375 0.1578776046875 0.824462890625 0.1513671875 0.822265625 0.1481119796875 0.818115234375 0.1455078125 0.802978515625 0.1432291671875 0.798095703125 0.1376953125 0.794677734375 0.1305338546875 0.782470703125 0.1233723953125 0.766357421875 0.1188151046875 0.7587890625 0.1149088546875 0.734130859375 0.111328125 0.728271484375 0.11328125 0.7236328125 0.1197916671875 0.72119140625 0.1214192703125 0.715087890625 0.1217447921875 0.702880859375 0.1175130203125 0.697265625 0.1100260421875 0.68896484375 0.1025390625 0.681884765625 0.09928385468749999 0.67333984375 0.09733072968749999 0.661865234375 0.08984375 0.658203125 0.09049479218749999 0.66064453125 0.1070963546875 0.669921875 0.1474609375 0.671630859375 0.14453125 0.675048828125 0.1435546875
2 0.501953125 0.3079427078125 0.49755859375 0.3111979171875 0.490478515625 0.3121744796875 0.48779296875 0.3138020828125 0.478515625 0.326171875 0.47900390625 0.330078125 0.482666015625 0.3365885421875 0.490234375 0.3430989578125 0.493408203125 0.341796875 0.503662109375 0.3427734375 0.509765625 0.345703125 0.517333984375 0.3466796875 0.519775390625 0.3362630203125 0.5234375 0.3352864578125 0.529052734375 0.3365885421875 0.53125 0.3336588546875 0.531494140625 0.3203125 0.53369140625 0.314453125 0.533447265625 0.3072916671875 0.535888671875 0.2994791671875 0.5390625 0.2936197921875 0.5458984375 0.2867838546875 0.54736328125 0.2789713546875 0.54443359375 0.2750651046875 0.529052734375 0.263671875 0.52587890625 0.2652994796875 0.52294921875 0.271484375 0.517578125 0.2750651046875 0.513671875 0.2744140625 0.505615234375 0.2682291671875 0.494384765625 0.2630208328125 0.4921875 0.2662760421875 0.4912109375 0.2750651046875 0.491943359375 0.2799479171875 0.50341796875 0.298828125 0.501953125 0.3079427078125
