2 0.0869504203125 0.6455772359374999 0.1569232609375 0.6674713546875 0.16492754375000002 0.6644015046875 0.16660181093749998 0.634419803125 0.166766009375 0.60185989375 0.16596552656250002 0.597967021875 0.17039255 0.52984553125 0.1700802734375 0.5259441375 0.1624732984375 0.5237979234375 0.1605886453125 0.5277376640625 0.159101484375 0.5404608703125 0.1556955828125 0.5551709890625001 0.147946765625 0.5588875203125 0.15000771875000002 0.5790369125 0.149542421875 0.5943468421875 0.15060423750000002 0.61321139375 0.1556681015625 0.62354125625 0.157064734375 0.6336095625 0.1563437859375 0.6342732859375 0.14930455468749998 0.6366751500000001 0.1338408203125 0.6320615140625 0.1294696828125 0.63344009375 0.11088373437500001 0.6318110906250001 0.10211305468750001 0.6329408953125 0.0861043015625 0.6250810687499999 0.07876415625 0.6242324796875 0.06683698906249999 0.6123945625 0.053541781249999996 0.606115225 0.0424094171875 0.597844709375 0.0350692703125 0.5969961203125 0.0304483484375 0.598053490625 0.0220636140625 0.593316290625 0.014513265624999999 0.580425265625 0.0070367734375 0.5717653671875 0.0011782906250000001 0.5718676265625 0.001706634375 0.602136453125 0.0153311625 0.6132936 0.025203242187500002 0.619307121875 0.064106771875 0.6378367125 0.0757273421875 0.6460987046875 0.0808705578125 0.6469856421875 0.0869504203125 0.6455772359374999
0 0.21464718437500002 1 0.207839078125 0.9606828343749999 0.206189040625 0.9407482343750001 0.20878214062499997 0.92768335 0.21306535000000001 0.911985034375 0.21364031093750002 0.8951941453125001 0.21502751875 0.8752065078125 0.21204062499999998 0.8657109359374999 0.21265092812500003 0.8509447140624999 0.21472934999999999 0.8332596078125001 0.21385131875000002 0.8202553140625 0.2171053578125 0.8077575343750001 0.21459273437499998 0.80056826875 0.212821696875 0.7861329359375 0.209722175 0.77215049375 0.2094268296875 0.7552301499999999 0.20562407968750002 0.7611553671875 0.2064757 0.781971878125 0.20917759687499998 0.7968973 0.20972285156249998 0.82813486875 0.2068398796875 0.8587813078125001 0.20757790625 0.8730899890625 0.207158246875 0.904995446875 0.1998480546875 0.933766175 0.1995530484375 0.9448379828125001 0.2018050046875 0.96310276875 0.20147181875000003 0.9708437578125 0.20509315468749997 0.9824981765624999 0.2137111671875 1 0.21464718437500002 1
3 0.256376228125 1 0.257176090625 0.9932835796875 0.2554046921875 0.9477458234375 0.2660866484375 0.9443044640625 0.27020014375 0.8722612906249999 0.27224319218750004 0.8494412921875 0.2779186359375 0.8109343828125001 0.2770666765625 0.762125671875 0.2679055328125 0.7408031859374999 0.2670425515625 0.719335853125 0.26456750625000003 0.6894339359375 0.2591864328125 0.6608847109375 0.2526360109375 0.6212891890625001 0.24077330937500002 0.6130335031249999 0.22667929375 0.6069999421875 0.2256631125 0.6047386859375 0.226162496875 0.5913815828125 0.22514631562499998 0.5891203265625 0.22663915625 0.57672259375 0.22495846875 0.5503807265625 0.225940378125 0.5366896296875 0.2292101171875 0.5281677250000001 0.23559089375000003 0.5300097703125 0.236885265625 0.5342195921874999 0.240592265625 0.53675945 0.24817651562499998 0.537603778125 0.256458990625 0.5364824953125 0.26033623906250003 0.534786965625 0.26389553125 0.5288645703125 0.2640771421875 0.5252801265625 0.26399760625 0.520723528125 0.26273732031249997 0.518466534375 0.2633615046875 0.49827027343749997 0.26221465781250003 0.488523178125 0.25979048125 0.4755426765625 0.25726991250000003 0.47102868593749997 0.2557253859375 0.4384986046875 0.2544082890625 0.43298689687499997 0.2552313125 0.4241821296875 0.255151778125 0.4196255328125 0.2538858109375 0.41704306718749995 0.2542888015625 0.4121524765625 0.251785275 0.40861490156249997 0.2475728390625 0.39110762656250003 0.24746471250000002 0.370924146875 0.24584670156250002 0.36216198906249997 0.24716929375 0.3539996421875 0.2458124296875 0.3462096375 0.2451132828125 0.278177621875 0.246044246875 0.275556809375 0.2612864171875 0.26747706718750003 0.263034909375 0.2697255390625 0.2667135046875 0.270638040625 0.2811042453125 0.2697357078125 0.2869854515625 0.27093533281250004 0.2906242796875 0.26956953437500003 0.2910784 0.2676081859375 0.29051065625 0.26306011093750004 0.2887905703125 0.26243899375 0.284515828125 0.2553510609375 0.27663634375 0.25158175312500003 0.27570519375 0.24020304062500003 0.2720945875 0.2291966703125 0.272758725 0.22527823281249998 0.27197528437499996 0.2223617734375 0.2753130125 0.20374599999999998 0.27372871875000004 0.16893761875 0.274226209375 0.15547202499999999 0.2760900328125 0.1503388875 0.2753916234375 0.13830497343749998 0.278264053125 0.1349991296875 0.27796882031250003 0.13207415 0.2819311015625 0.12126116406250001 0.2955895328125 0.12037161562500001 0.297701246875 0.1154511984375 0.2968437671875 0.0943040875 0.29300041875 0.0839529203125 0.2900363515625 0.0260531234375 0.2907459375 0.02473845625 0.28971271249999997 0.0215007875 0.2924828828125 0.012336462500000001 0.29184128593750003 0.003557259375 0.21543690781249997 0.004890903125 0.213428009375 0.0576683765625 0.21353544375000003 0.0664268359375 0.21413715781249998 0.07292614375 0.215192946875 0.07746457500000001 0.214364346875 0.0859418 0.2140239 0.0944105171875 0.21663526093750002 0.1321218203125 0.22006628906249998 0.182005403125 0.21742294375000001 0.2471696203125 0.1949722734375 0.2549251265625 0.19493883437499998 0.308957134375 0.1947754328125 0.3555414875 0.19227203125 0.3799606296875 0.1845024171875 0.38241101875 0.17827036093749998 0.389029609375 0.1763741703125 0.396908390625 0.1746881703125 0.3982401 0.17026126875 0.4057330765625 0.1746826734375 0.41191415468750003 0.17208843437500002 0.4171685625 0.18399188125 0.40911018125 0.190326171875 0.40834860937500006 0.1943901890625 0.417391403125 0.1966380453125 0.43427767656249994 0.1946858734375 0.46230393437500006 0.20446662031249999 0.663385778125 0.20624919843749998 0.6675870781250001 0.2078333078125 0.6883959359375 0.20674345624999999 0.6959030765625001 0.2080380125 0.7141124249999999 0.20854326250000002 0.7150803171875 0.21192662499999998 0.7130678374999999 0.2163375296875 0.71396755625 0.2185060546875 0.7123018515624999 0.2227694359375 0.7187388421875001 0.2347082828125 0.7690872843750001 0.2537455359375 0.7967472203125 0.2574126484375 0.8389969796875001 0.2562439390625 0.8839350093749999 0.23415366093749998 0.905152021875 0.24001380625 1 0.256376228125 1
0 0.190657440625 0.6725708765625 0.19257445625 0.6580711703125 0.1946629921875 0.64096455 0.1948595890625 0.6273628453125 0.193926025 0.61117695625 0.19280062656250002 0.5840000437499999 0.1919092203125 0.5577970875 0.1915659125 0.5381289875 0.18650535937499998 0.521725796875 0.1847242234375 0.5067119890625 0.18775625468749998 0.49392876250000006 0.18542525 0.4847110671875 0.186676278125 0.4693550015625 0.18464284375 0.4523203203125 0.1833726359375 0.44171292656250005 0.1807139203125 0.45101773281249996 0.1829642984375 0.46804861718749996 0.1833226 0.47614345937499997 0.1801291625 0.49211207031250004 0.1819202453125 0.4952633875 0.1836103734375 0.49262995781249996 0.1820969484375 0.505386675 0.181895303125 0.5186991375 0.1858458890625 0.5336750890624999 0.1877430109375 0.5429003640625 0.1872538765625 0.5646082703124999 0.1886719625 0.5961199390624999 0.1891514328125 0.6111564578124999 0.183944753125 0.6112473406250001 0.18027689375 0.6124686671874999 0.17429835625 0.6180702 0.16963177812500002 0.6242377218749999 0.169490565625 0.6285800609375001 0.1740211609375 0.6270543546875 0.180811928125 0.6182560734375 0.1894644765625 0.6166584171875 0.19036775156250002 0.6311088984375 0.1888391796875 0.6429978968750001 0.1876436859375 0.6615355625 0.184924521875 0.6798105046875 0.18445038281249998 0.689945153125 0.18640808749999999 0.7026412609375 0.1873870921875 0.7214302921875 0.189168228125 0.7364441109375 0.1908181 0.74393775625 0.1975334390625 0.7556828578125 0.2031107 0.775333321875 0.20492649375 0.7689563500000001 0.20410904843750002 0.7594228875 0.2022018453125 0.7496191265625 0.19860956406250002 0.7427380265625 0.1941394046875 0.735293609375 0.1926408234375 0.724036103125 0.19168708125 0.7066932546875 0.1906072546875 0.694560453125 0.189138984375 0.6850383625 0.190657440625 0.6725708765625
0 0.2587421765625 0.51040774375 0.25867669375 0.519088634375 0.26188053125 0.52858044375 0.2604679296875 0.5346809203125 0.2570977890625 0.540526265625 0.25397992812500003 0.548392440625 0.25282467343750004 0.5568030234375 0.25340496875 0.56518334375 0.25177039375 0.570998371875 0.2486070953125 0.5762614125 0.2443085890625 0.5786510515625001 0.244439853125 0.5861712046875 0.2416902453125 0.5902697515625001 0.237386690625 0.5923701375 0.23524753281250002 0.5941434203125 0.235979153125 0.598759865625 0.234793590625 0.6054350203125 0.23899632343750002 0.6099908546874999 0.23866326249999997 0.6033422093749999 0.24047440625 0.5952094890625 0.2480321359375 0.593052303125 0.24937403906250002 0.5829025078125001 0.255831896875 0.5798965359375 0.2567803078125 0.5720681953125 0.2584300453125 0.567120884375 0.2587730546875 0.5619070500000001 0.2583945546875 0.55265525625 0.264246875 0.5398228046875 0.26728395625 0.5273288218750001 0.267228421875 0.5241472203125 0.26498324375000004 0.5198465375 0.2632121875 0.5054112046875 0.2648114390625 0.4975715140625 0.2631464046875 0.4892101515625 0.2592765984375 0.47886200468749995 0.25738452500000003 0.4699259578125 0.257641721875 0.45979509687500003 0.25492225468749996 0.45318808906249997 0.25586056875 0.44478128906250003 0.256117765625 0.43465042656249997 0.2544476828125 0.42599982968749994 0.25015433125 0.423981353125 0.251143175 0.43560523125 0.2510070109375 0.44023680781249996 0.24980126875000003 0.4457550265625 0.2508962421875 0.458755540625 0.252793346875 0.46798083281249997 0.25451896406249996 0.4798130234375 0.2559266515625 0.48586427031249996 0.25957446875 0.4959269703125 0.25886824375 0.505197696875 0.2587421765625 0.51040774375
3 0.3172652609375 1 0.3170144046875 0.959551053125 0.325982884375 0.9523246593750001 0.3336637140625 0.9587019984375 0.3370698 0.9579914031250001 0.33869330625 0.953079509375 0.3349294953125 0.9472849390625001 0.33505997656250003 0.9407712515625001 0.3328403203125 0.939507715625 0.3293031984375 0.9047334203125 0.3175121640625 0.8482014453125 0.31628568125 0.8059090828125001 0.32207468125 0.773909953125 0.33421732187500003 0.752606259375 0.3501238140625 0.754607603125 0.3522921546875 0.7389423749999999 0.3508099359375 0.6959929515625001 0.35168408906250004 0.6901174250000001 0.3545281140625 0.6851842265625 0.3534147984375 0.6353913859375 0.35465785625 0.6226724406249999 0.352409609375 0.6057820234375 0.350865453125 0.601250990625 0.35179641875 0.5986301765625 0.3503766921875 0.5592609375 0.34671514062500003 0.55932485 0.3444841234375 0.5574103703125 0.3402715015625 0.525903571875 0.3406631296875 0.5203620375 0.336002440625 0.519141109375 0.3226218296875 0.4939801765625 0.32308163125 0.4923442984375 0.29261359531250003 0.4534820984375 0.2898034734375 0.4463686 0.2865789984375 0.44349475 0.2798690875 0.450774421875 0.2783874234375 0.4498235734375 0.27701370000000003 0.45505667812499995 0.275100640625 0.45736906250000003 0.273851903125 0.46976253593750006 0.2741473203125 0.486687040625 0.2754303296875 0.49024592031249997 0.2765262328125 0.5110632984375 0.27146841875 0.52905795625 0.2722745828125 0.5332763 0.2730763609375 0.6351658453125 0.2706525546875 0.65018439375 0.277560503125 0.713310271875 0.2821356953125 0.7516382562499999 0.28994425625 0.7901685046875 0.2930666546875 0.8011833984375001 0.2945144171875 0.8141809437499999 0.2933620734375 0.818107903125 0.294202509375 0.8382786 0.293038803125 0.841554615625 0.294980453125 0.8548691125 0.293198059375 0.8646673375 0.294628778125 0.87668846875 0.29298254687499997 0.8802984781250001 0.2919040578125 0.8884565640625001 0.3010722328125 0.8961102234375 0.29999942343749997 0.9045937796875 0.293039728125 0.911552240625 0.2933235984375 0.9138262781250001 0.2911834796875 0.9171193375 0.2912971015625 0.9236287640624999 0.2881976109375 0.9279152796875 0.28974176875 0.9324463140624999 0.2944365453125 0.9356200687499999 0.300800278125 0.9364857015625001 0.2959454640625 0.955361965625 0.294992284375 0.9846727515625 0.3029726828125 0.99429816875 0.31241495937499997 1 0.3172652609375 1
0 0.296781796875 0.84302441875 0.300153840625 0.8481588796875 0.3055755578125 0.8370844249999999 0.30934425781249997 0.8292068765625 0.31464166250000003 0.8218812874999999 0.315151140625 0.8137712890625 0.3202869890625 0.7971901296875 0.31556972656250004 0.8004550390625 0.312275315625 0.810638915625 0.311977746875 0.818455896875 0.3053938078125 0.826671903125 0.296781796875 0.84302441875
0 0.3224810953125 0.7488345890625 0.31993833125000004 0.7523508515625 0.3226779921875 0.76011480625 0.32052382343749997 0.7734613718750001 0.317910546875 0.78536929375 0.316086125 0.7972364921875 0.3211093171875 0.794571846875 0.3218407859375 0.7867473140625 0.3241110734375 0.7800532062500001 0.3253873453125 0.7661433546875001 0.3276929734375 0.7614738937500001 0.3253821625 0.753413121875 0.3274708328125 0.7487474921875 0.3212447625 0.7277354296875 0.31850524999999996 0.7324124421875 0.3224810953125 0.7488345890625
0 0.3162126796875 0.5886388046875 0.3176757671875 0.585430690625 0.3249106671875 0.589644278125 0.327493803125 0.5884418921875 0.3310304328125 0.5797004109375 0.32732215 0.5786078406249999 0.324174 0.5847386109375 0.318926946875 0.582515603125 0.31527913125 0.5724529031250001 0.3130943859375 0.559182090625 0.30945161875 0.549408628125 0.3060964734375 0.54368069375 0.30277666875000003 0.5399774171875 0.313362390625 0.512373278125 0.31022923593749996 0.506930790625 0.3042556140625 0.5003805906250001 0.3025452921875 0.5018570671875 0.308781309375 0.51100661875 0.2984237875 0.5392519296875 0.2989182546875 0.5427151984374999 0.30555786406249996 0.5501217484375001 0.309442815625 0.5613376125 0.3109868328125 0.57519825625 0.31435207656249997 0.581504665625 0.31159741875 0.5853139703125 0.31261161249999997 0.5936866937499999 0.310321146875 0.5992238515625 0.315205146875 0.617944721875 0.3116533875 0.6258184828125 0.3111893640625 0.6365315953125 0.3080816015625 0.64497626875 0.30802116874999996 0.6539463921875 0.30558442656249996 0.66353665625 0.3052717109375 0.6704859187500001 0.30920715 0.68459415 0.3063819625 0.6967951015625 0.305741384375 0.7098259046875001 0.3115876734375 0.710496234375 0.3103110578125 0.6981066421875 0.31252074531249996 0.6879417 0.3135044953125 0.6821380296874999 0.3096043984375 0.67005445625 0.3120308765625 0.6474447609375 0.317489553125 0.6244928062499999 0.3195226875 0.61664554375 0.3144570703125 0.59995311875 0.3172268734375 0.5970115234375 0.3162126796875 0.5886388046875
0 0.2650365140625 0.851922465625 0.26726669687500004 0.8677964078124999 0.27137868906249996 0.879586971875 0.27416883593749997 0.890243271875 0.2779932046875 0.8979882828125 0.280298965625 0.9057598203125 0.279315215625 0.911563490625 0.27925478125000003 0.9205336140625 0.2828016265625 0.924811578125 0.28768042656250004 0.9308022359375 0.284173821875 0.9163971984374999 0.28371959375 0.9028068640625 0.27734727812500004 0.88584791875 0.2745369359375 0.8740346453125 0.26925439375 0.857346009375 0.26825029843750003 0.8495517593749999 0.27571210156250003 0.8418990687499999 0.27720531406250004 0.8279854125 0.2626446265625 0.8143519749999999 0.2496984671875 0.806187525 0.25130781562500004 0.798926309375 0.2502683796875 0.7891074062500001 0.2468930390625 0.7822225203125 0.2474985921875 0.792048996875 0.2476551015625 0.8010153453125 0.24683780624999999 0.803922859375 0.232252028125 0.797252840625 0.23162642500000002 0.80274175 0.24738780624999998 0.8105677312499999 0.25684265625 0.81763581875 0.26181738125 0.8291219828124999 0.26276579375 0.8212936515625 0.2687343828125 0.8275546203124999 0.270858528125 0.8373545953124999 0.266201865625 0.8440903484375 0.2650365140625 0.851922465625
0 0.291134484375 0.95462918125 0.29293048125 0.9456287624999999 0.29212313125 0.9366737765625001 0.28942892656249997 0.9315129578124999 0.2818055640625 0.929910078125 0.278374928125 0.937166534375 0.278818971875 0.9452964515625 0.2835463125 0.942609984375 0.28449977187500003 0.9350709187499999 0.2873554015625 0.9370463296875 0.2888186234375 0.9462791875000001 0.286341509375 0.9535555484374999 0.2866594234375 0.9593364875000001 0.288818925 0.9711611328125 0.291134484375 0.95462918125
0 0.5981684656249999 0.6664716328125 0.6047878796874999 0.6727212421875 0.601124915625 0.6617908234375001 0.5860446515625 0.6556889109374999 0.5854141546875 0.669298178125 0.5833658734375 0.6762777328125 0.5757324171875 0.6740963796874999 0.57413318125 0.68193606875 0.5720394640625 0.6863124875 0.5607078359375001 0.6836170328125 0.5591237484375 0.69232443125 0.5525119453125 0.69507679375 0.5514399359375 0.6996916765625001 0.5646180484375 0.6962790703125 0.5647592593749999 0.69193673125 0.5754652890624999 0.6960897312500001 0.5797636453125 0.6812591359375 0.5859037234375 0.6849131828125 0.5891981515625 0.6747293046875 0.59093355 0.6622580453125 0.5981684656249999 0.6664716328125
0 0.644202609375 0.66161755 0.6349145140625 0.676535253125 0.6279875828125 0.6899651046875 0.6247384609375 0.6903111375 0.6206971328125 0.6825699171874999 0.6186588000000001 0.6776869703124999 0.6074506921875 0.67168965 0.60648465 0.6764528453125 0.617019175 0.68321275625 0.6248394328125 0.6960958734375 0.62765970625 0.6960466453125 0.63237191875 0.6924925046875 0.63904151875 0.6767525359375 0.6443591171875 0.6705838984375 0.65017105 0.655437553125 0.6487936375000001 0.6511217203124999 0.644202609375 0.66161755
0 0.6831044609375 0.6238910828125 0.6962776578125001 0.6326302109374999 0.6992997421875 0.6317094875 0.70249333125 0.6281818421875001 0.7093801734375 0.63732003125 0.7045920984375 0.624094665625 0.7006719390625 0.6232951203125 0.695995084375 0.628873921875 0.6827915953125 0.618399365625 0.6799915015625 0.6196055453125 0.672912959375 0.6119173265625 0.6700219890625 0.607917246875 0.6601282078125 0.6005674875 0.6574089078124999 0.6064014515625 0.6518944125 0.6012898625 0.645925971875 0.6074698609375 0.644498240625 0.6127026390625 0.6448264015625 0.6315030312500001 0.6424451953125 0.6442748843749999 0.639372640625 0.642303240625 0.6316281125 0.6337586734375 0.6268712468750001 0.6340909375 0.6304223546875 0.63927691875 0.63752110625 0.6481220578125 0.6470818281249999 0.6488231578125 0.6483830421875 0.611477525 0.651975190625 0.6059176453124999 0.65859460625 0.6121672546875 0.6611020109375 0.6066263203125 0.6683621703125 0.6122860921875 0.68167168125 0.6288346171875 0.6831044609375 0.6238910828125
0 0.7318179515625001 0.6511053046875 0.7184732515625 0.644973109375 0.71187403125 0.6398804296875 0.707280403125 0.6399222875 0.7144320734375 0.6496728203125001 0.7227012265625 0.65097510625 0.733649440625 0.656570503125 0.7368278828125 0.6521751499999999 0.7335685125 0.6395017515625 0.7315754828125 0.6247809625 0.72978453125 0.6340706234375 0.7334525421875 0.645290275 0.7318179515625001 0.6511053046875
0 0.8067587734374999 0.7663514828125 0.8055023953125 0.756536371875 0.8037919234374999 0.7455718828125 0.7999069703125 0.73435601875 0.7967233296875 0.7260211625 0.7951087968749999 0.7205521781249999 0.7963044406249999 0.714455478125 0.7998814265624999 0.7080279015625 0.8004111 0.701074853125 0.799159771875 0.691548975 0.7956691484375 0.6832358265625 0.79565345 0.7020258703125 0.7910927140624999 0.7142571281250001 0.7905327484375 0.7194747484375 0.793343090625 0.731288021875 0.8003511 0.7473678890625 0.802672159375 0.768448090625 0.8055984531249999 0.7744728421875 0.8103613015625 0.786252034375 0.8090594859375001 0.773833778125 0.8067587734374999 0.7663514828125
0 0.8800534078125001 0.6886019453125 0.881526578125 0.6859723140625 0.8654772718749999 0.64921885625 0.8608961734375 0.647852196875 0.8491712031249999 0.6599191828125 0.8417143140625001 0.6554201390625 0.8385106296875 0.658369309375 0.8363059734375 0.6688234953125 0.8331477265625 0.6743757890625 0.8342968687500001 0.689072984375 0.8363667093749999 0.68473530625 0.8372949249999999 0.6757500249999999 0.8415177015624999 0.6690218453125001 0.8428899140624999 0.6606074765625001 0.852803890625 0.669114175 0.853545440625 0.6618681078125 0.8625157703124999 0.653610425 0.8649576953125001 0.65675038125 0.8751140234375001 0.6791404437499999 0.8800534078125001 0.6886019453125
0 0.7343462015625 0.5414577921875 0.7357286453125 0.5460628546875 0.727232453125 0.5441858796875 0.7193896578125 0.540954559375 0.72407420625 0.54973820625 0.7364905562499999 0.552414728125 0.7401230765625 0.5491687296875 0.7399613703125001 0.527472184375 0.7454605859375001 0.5192750890625 0.742549421875 0.5141180578125 0.7408845375 0.5181976703125 0.7362278765625 0.5249334250000001 0.73602623125 0.5382458859375 0.7343462015625 0.5414577921875
0 0.8712540421874999 0.56076068125 0.8751690203125 0.5488300265625 0.8752193390624999 0.5392814171875 0.8759563171875 0.526645840625 0.872782478125 0.536430703125 0.87141533125 0.5451343140625 0.8678787031249999 0.5538757953125 0.8611584828125001 0.5542824171875 0.863323015625 0.5663962953125 0.8581214015624999 0.5667764109375 0.8612444421875001 0.5716404125000001 0.868181621875 0.5712300031249999 0.865366246875 0.5591275078125 0.8712540421874999 0.56076068125
0 0.09602045625 0.54168000625 0.1016509203125 0.541003075 0.1038960984375 0.5453037593750001 0.11959184687499999 0.5493696625 0.1288852921875 0.5596231484375 0.1470271578125 0.5621592765625001 0.15355640312500002 0.5557206125 0.1374570625 0.5533976984375 0.1320435390625 0.55407084375 0.121862134375 0.5426755640625001 0.10439547812500001 0.5366152953125 0.0933363296875 0.5370976640625 0.091010525 0.5406101624999999 0.0959751671875 0.55151785 0.09602045625 0.54168000625
0 0.0821367796875 0.514147159375 0.0895483984375 0.5284840359375 0.0890337203125 0.5238638124999999 0.08310538437500001 0.5074757812499999 0.085224346875 0.50454555 0.088120365625 0.50883486875 0.09086505781250001 0.51688805625 0.0955218703125 0.5225932703125 0.09330685 0.507587034375 0.09171249687500001 0.503274990625 0.08773681875 0.49929383749999995 0.083397921875 0.4993695734375 0.0828177625 0.5034302484375 0.0795888328125 0.5049332343749999 0.0715063484375 0.50189175 0.062969765625 0.49770088437500004 0.0553211625 0.49465180468750003 0.0478895 0.4915989484375 0.0405839046875 0.483336046875 0.031204799999999998 0.480606509375 0.02262783125 0.47410175 0.015448449999999999 0.47306976875 0.008914862499999999 0.47173718750000004 0.0028757578125 0.473867871875 0.0014328640625 0.4782329328125 0.00048445312499999997 0.4860612609375 0.0008039359374999999 0.5006827625 0.0040565578125 0.4917854078125 0.0040766 0.4805013890625 0.00879889375 0.47752571093749996 0.0175170765625 0.4796881421875 0.036088648437499996 0.4868864125 0.0437978375 0.4934063203125 0.0469309921875 0.498848803125 0.061299832812499996 0.5014912421875 0.07814090781250001 0.5090090609375 0.0821367796875 0.514147159375
0 0.00089889375 0.5471015828125 0.001943378125 0.5572097234375 0.0045921484375000005 0.5597674171875 0.009950285937500001 0.5683536609375001 0.0168118859375 0.5760456453125 0.024919615625 0.5805333171875 0.0348234953125 0.5884615390625 0.0420483109375 0.5920966640625 0.052142640625 0.5974577671875 0.049182254687499996 0.590525515625 0.0423913203125 0.5868828171875 0.036649784375 0.5811965375 0.02722524375 0.5758638781250001 0.021291993749999998 0.57162756875 0.014687724999999999 0.5662456687499999 0.0111156390625 0.5605215218749999 0.00709450625 0.553937240625 0.00089889375 0.5471015828125
0 0.20900824375 0.134704434375 0.209876753125 0.14250102656250002 0.210268484375 0.15095696249999999 0.2131292453125 0.1609972046875 0.21323147968749998 0.16685424843750002 0.2144745140625 0.16813451875000002 0.21634750781249998 0.16354495156249998 0.2142416453125 0.154793475 0.21234009999999998 0.1437599828125 0.21215267031249999 0.1330220953125 0.209314628125 0.1242833609375 0.2076514640625 0.1129202234375 0.2099217 0.1031158796875 0.2098365046875 0.098235009375 0.21012583437500001 0.0868377890625 0.20780998906249998 0.08004291718749999 0.21001775 0.066659259375 0.2086668015625 0.0591965609375 0.20474817500000003 0.0605058390625 0.2060957078125 0.06575125000000001 0.20384250937499998 0.076531765625 0.2044555828125 0.083681859375 0.206799825 0.0921037 0.206221 0.10090203906249999 0.2032356046875 0.111695346875 0.20480789375000003 0.11785221562499999 0.206005659375 0.13052544375 0.20900824375 0.134704434375
0 0.17841032968749998 0.20001110625 0.17757040625 0.207837546875 0.177933740625 0.2146665 0.17782599375000002 0.22248015937500001 0.17938124375 0.22766085625 0.181804834375 0.22664209531249999 0.1821681671875 0.2334710484375 0.1830196375 0.240291484375 0.18340568906250002 0.24842200781249998 0.1861528546875 0.251954446875 0.18676592812499998 0.25910455312499997 0.1877821109375 0.27536134218749997 0.1904667984375 0.2753144796875 0.1897458109375 0.261981959375 0.1903587140625 0.2551359390625 0.19025079843749998 0.248953521875 0.18746955625 0.243468715625 0.185369390625 0.2350426234375 0.1852103578125 0.22593165625 0.183904846875 0.2210720859375 0.1811860625 0.219166603125 0.18148676875 0.2084201828125 0.1839385875 0.195032253125 0.1852212109375 0.184594178125 0.189165821875 0.1728076703125 0.18975600625 0.16466010312499998 0.1888988734375 0.157514271875 0.1925766890625 0.144430453125 0.1962431421875 0.13069584843749998 0.1963849671875 0.124834546875 0.1931269625 0.1200090578125 0.19758239375 0.10951558749999998 0.19859255781250001 0.097454803125 0.1944321359375 0.096876440625 0.19240166718750001 0.10508031874999998 0.19035138125 0.11484965 0.19000525625 0.1229929546875 0.1918727203125 0.132074090625 0.1891427625 0.14351391093750002 0.1866057484375 0.15202095625 0.1857317296875 0.1578950640625 0.1851869640625 0.168645734375 0.18364892187499998 0.178437296875 0.18019244843749999 0.190215284375 0.17841032968749998 0.20001110625
0 0.7281265203125 0.41618744999999996 0.7233056453125 0.40108204062499997 0.726726196875 0.391908621875 0.7259768984375 0.38627983593750004 0.729783471875 0.380571559375 0.7265963296875 0.36939785468749997 0.725500028125 0.3776084109375 0.7210199109375 0.3820264859375 0.721837365625 0.3915599421875 0.7186816421875 0.397256859375 0.720891621875 0.4119738625 0.7247665515625 0.4288317390625 0.7290199312500001 0.448720909375 0.7304198265624999 0.43567685312500004 0.728240115625 0.42269527812499996 0.7281265203125 0.41618744999999996
