1 0.4980929265625 0.3453074015625 0.4733273359375 0.3023457359375 0.46930062031249997 0.2548883984375 0.46485287187499996 0.2504931546875 0.45443712031250005 0.24448870625 0.40403613437499997 0.23820940781250002 0.36463227656249997 0.2510882171875 0.3279598015625 0.2936166203125 0.326251928125 0.34255932499999997 0.28555044218750003 0.309463090625 0.23808472812499998 0.3176521234375 0.232203259375 0.3245621765625 0.21376493437500002 0.36527445625 0.22306123437499997 0.402929440625 0.176051403125 0.42438276718749995 0.1790469546875 0.430916575 0.19431415000000002 0.43513973437500003 0.4367522984375 0.46880385625 0.47089177656250003 0.4592995046875 0.49327675312499997 0.3817876703125 0.4968478171875 0.364160740625 0.4980929265625 0.3453074015625
1 0.8001509375 0.794852821875 0.825611434375 0.8001486640625 0.8302300078125 0.821592959375 0.8492927921875 0.8177018140625 0.8730511015625 0.8391928921874999 0.8765357125 0.8480736015625 0.8738535515624999 0.8595810203124999 0.8857282890624999 0.8680337109374999 0.887374503125 0.8944052453125 0.8994891390624999 0.9192571953125 0.9568403734375 0.9200453812499999 0.976377471875 0.738111121875 0.9357423140625001 0.733128353125 0.9282049328124999 0.7441254671875 0.88120375625 0.7522846999999999 0.8446531484375001 0.7497530078125 0.8356502265625 0.7560113671875001 0.8285391843750001 0.7722929875 0.82053975625 0.759662890625 0.8116641390625 0.76003995625 0.8049616203125 0.7724347468749999 0.8001509375 0.794852821875
1 0.6782843093750001 0.4640221234375 0.670367840625 0.45838700781249997 0.63801133125 0.46109919374999997 0.630270490625 0.45067949062499996 0.6250915531250001 0.45013516249999996 0.6269093546875 0.45774911874999996 0.6113784828125 0.4591732484375 0.5879370578125 0.4580193765625 0.5840647390625 0.463725371875 0.6033101671875001 0.47055120156249997 0.6296252765625 0.475500240625 0.6767923296875 0.481330984375 0.6852653984375 0.48789788125 0.685379959375 0.49926261875 0.6840063140625 0.5061045078124999 0.6656314546875 0.5190190593749999 0.6639400671875 0.528884046875 0.64054405625 0.527298315625 0.6352764796875 0.552506528125 0.6382193578125 0.568098303125 0.64188849375 0.5767801796875001 0.66034443125 0.581776440625 0.679269928125 0.5667365515625 0.6828677562500001 0.538732978125 0.703026928125 0.53997850625 0.695424403125 0.553151990625 0.6930678390625 0.5537776265625001 0.69489160625 0.5644486890625 0.7012923171875001 0.575164190625 0.73161216875 0.5949433546875 0.732458934375 0.6024552359374999 0.737268803125 0.6033974093750001 0.7440877703125001 0.59145150625 0.7587562046875 0.5982329109375 0.7784436203125 0.5946258 0.7879190984375 0.5698598546875 0.80039849375 0.544536328125 0.8377129203125 0.5475849453125 0.8366608359375001 0.529572059375 0.837874478125 0.5117973078125 0.8424936671875001 0.4855911953125 0.8296262484374999 0.47818225312499996 0.8057249687500001 0.47828996406249996 0.8015862640625 0.48964430156249994 0.7706487703125 0.4850827171875 0.757290725 0.46271991718749994 0.7292842296875001 0.4676358828125 0.7215552671875 0.4633303875 0.7039915140625 0.4654141375 0.6915947953125 0.46192798125 0.6782843093750001 0.4640221234375
1 0.44574279375000003 0.68349910625 0.45484160625000003 0.702794409375 0.470003409375 0.7017681 0.48342845624999997 0.711038696875 0.629171009375 0.7224270734375 0.6285041828125 0.759908178125 0.6405377921875 0.7668493203125 0.66350364375 0.784982228125 0.6698384875000001 0.6904601609375 0.6588786015625 0.6888715609375 0.6511496375 0.684566065625 0.6352891484375001 0.6828990609375001 0.634478065625 0.693729859375 0.6220478093749999 0.6967898046875 0.6221996562500001 0.67977674375 0.6056129046875001 0.6850196671875 0.60931933125 0.6653237109375 0.6174903328125 0.6591962390624999 0.6159091765625 0.6306483328125 0.608951865625 0.61900104375 0.610449784375 0.6047493015625001 0.6175448984374999 0.5683804718750001 0.6149138203125 0.5467085015625 0.60854876875 0.554335684375 0.5795080046875001 0.5504101 0.561608671875 0.54634559375 0.5465435921874999 0.54956524375 0.5304107296875 0.5504894640625 0.5117672921875001 0.5441635421875 0.49857730624999996 0.56067954375 0.5001346609375 0.5769989640625 0.4840158671875 0.6089262359375 0.49110935156249996 0.619277915625 0.481487984375 0.664114096875 0.4767018765625 0.6754003562500001 0.46053552499999995 0.6828706765625 0.45057426874999995 0.67178098125 0.44574279375000003 0.68349910625
1 0.46020924062499996 0.54458759375 0.45132760000000005 0.5426721531250001 0.44728185781249996 0.5484658921875 0.4442471875 0.580072215625 0.4388277859375 0.6222935125 0.43196420625 0.6568334109375 0.4340813828125 0.6577105624999999 0.4357810046875 0.6578892 0.4525314921875 0.64099285625 0.459642525 0.62471993125 0.4624897984375 0.609308125 0.46283636718750004 0.591996915625 0.46020924062499996 0.54458759375
1 0.43214876562500004 0.6111121078124999 0.4363544984375 0.5866655609375 0.429975375 0.5632897234375001 0.42891732656250003 0.54221970625 0.42388646874999997 0.5464939953125 0.4207166328125 0.5330615765625 0.40334632187499997 0.539532084375 0.393072475 0.5223656906249999 0.392725809375 0.5222600890625 0.3656509234375 0.530767075 0.35858932499999996 0.5605898015624999 0.3637644640625 0.5829658234374999 0.3593258359375 0.60651460625 0.3698317875 0.6124218796875 0.37834645 0.6403886046875 0.4139457359375 0.6410737453124999 0.43214876562500004 0.6111121078124999
1 0.43406168125000005 0.6676399703125 0.4101036484375 0.65617234375 0.3984623953125 0.6669548296875 0.393721696875 0.6778092765625 0.414727634375 0.6865667171875 0.41710420312499996 0.7200012625000001 0.40086865468750005 0.71567499375 0.4027280765625 0.74468878125 0.42532867812499997 0.7413878421875 0.437645975 0.6802426953125 0.43406168125000005 0.6676399703125
3 0.43882183125 0.2032486015625 0.4576389890625 0.21570575937499997 0.4648862 0.19812856875 0.440737184375 0.1896956796875 0.45121125937500006 0.1554285734375 0.3762952 0.144279765625 0.324317196875 0.125062425 0.25926564218750003 0.12280997499999999 0.22332782031249998 0.1144480125 0.20887770625000002 0.1338880578125 0.2081411203125 0.2215756609375 0.24341267656249999 0.2082538046875 0.26889102187499997 0.22272103593749998 0.302288553125 0.2085472578125 0.3294366625 0.2258098265625 0.3422200125 0.20226480625 0.36581542968749997 0.21129441093749998 0.36073239687499997 0.2363037453125 0.3750939109375 0.23977806093749998 0.41429991718750003 0.2170453140625 0.43882183125 0.2032486015625
3 0.468861009375 0.0901993640625 0.4839212078125 0.09636699843749999 0.500683590625 0.086339446875 0.5304279203125 0.0835710515625 0.5397741171875 0.051505314062499995 0.1683630796875 0.026522573437500002 0.1539208828125 0.10687498437500001 0.1821494796875 0.10918697656250001 0.18675589374999998 0.0887123671875 0.2056825046875 0.08611683906249999 0.200723490625 0.067911625 0.43161167031250003 0.08497442031249999 0.45667259375 0.0987427515625 0.468861009375 0.0901993640625
1 0.6944633859375 0.90438925625 0.7157081703125 0.91710156875 0.7271978609375 0.9058649046875 0.725823990625 0.8769021828125 0.72783985 0.8437109171875001 0.7422872609375 0.8557088453125001 0.7527581296875 0.7841084703125001 0.7686621375 0.79625944375 0.775941775 0.7596916796875 0.7577876390625 0.7315850937499999 0.7619053250000001 0.6737262203125 0.7495183437499999 0.65146546875 0.7286585375 0.6584424921875 0.717050525 0.6801461375 0.701310453125 0.66337646875 0.6893163515625 0.68247088125 0.7017714234375 0.7040837843750001 0.7066980203125001 0.741279496875 0.6788544328125 0.7586568781249999 0.681394728125 0.7811925937499999 0.7067369015625 0.79695541875 0.714458321875 0.8449242968749999 0.6938384421875 0.86830061875 0.6944633859375 0.90438925625
1 0.21021326093749998 0.7803607296874999 0.21364402187499998 0.771738965625 0.2074675015625 0.7694471953125 0.20045365624999997 0.7744695187499999 0.1976555859375 0.7824092515625 0.20250412812500002 0.7896556109375 0.21021326093749998 0.7803607296874999
1 0.0927708953125 0.8675713765624999 0.0882437890625 0.862604396875 0.08151753125 0.867885678125 0.0807004859375 0.87565935 0.08957866406250001 0.8765924843749999 0.0927708953125 0.8675713765624999
