0 0.1953125 0.3238932296875 0.20263671875 0.3238932296875 0.281982421875 0.3304036453125 0.3466796875 0.3352864578125 0.42236328125 0.3255208328125 0.479736328125 0.3271484375 0.52978515625 0.3369140625 0.579833984375 0.3580729171875 0.63720703125 0.3531901046875 0.68359375 0.3369140625 0.72998046875 0.3304036453125 0.830078125 0.3190104171875 0.87646484375 0.3173828125 0.943603515625 0.3238932296875 0.9912109375 0.3548177078125 0.999755859375 0.2994791671875 0.994873046875 0.2913411453125 0.9033203125 0.2864583328125 0.828857421875 0.2799479171875 0.76416015625 0.2799479171875 0.750732421875 0.2799479171875 0.711669921875 0.2766927078125 0.667724609375 0.29296875 0.628662109375 0.283203125 0.543212890625 0.2815755203125 0.43212890625 0.283203125 0.33203125 0.283203125 0.321044921875 0.283203125 0.2734375 0.2750651046875 0.2685546875 0.2766927078125 0.2392578125 0.283203125 0.23193359375 0.283203125 0.189208984375 0.283203125 0.17578125 0.2864583328125 0.146484375 0.2815755203125 0.1025390625 0.2815755203125 0.1025390625 0.2750651046875 0.113525390625 0.23763020781250002 0.1220703125 0.22623697968749998 0.12939453125 0.1920572921875 0.108642578125 0.1822916671875 0.106201171875 0.1822916671875 0.09521484375 0.1920572921875 0.0927734375 0.20833333281250002 0.08544921875 0.224609375 0.08544921875 0.244140625 0.086669921875 0.2669270828125 0.081787109375 0.2815755203125 0.06103515625 0.2815755203125 0.03173828125 0.2750651046875 0.00244140625 0.2799479171875 0 0.3125 0.13916015625 0.3141276046875 0.1953125 0.3238932296875
0 0.125732421875 0.3515625 0.13671875 0.3173828125 0.125732421875 0.3255208328125 0.06591796875 0.3434244796875 0.0390625 0.3531901046875 0 0.3678385421875 0.03173828125 0.3792317703125 0.101318359375 0.3629557296875 0.125732421875 0.3515625
0 0.16357421875 0.4345703125 0.174560546875 0.4248046875 0.184326171875 0.4069010421875 0.15869140625 0.390625 0.0537109375 0.3824869796875 0.0048828125 0.4150390625 0.01220703125 0.4329427078125 0.013427734375 0.4329427078125 0.0537109375 0.4182942703125 0.089111328125 0.4329427078125 0.13916015625 0.4345703125 0.16357421875 0.4345703125
0 0.406494140625 0.1643880203125 0.45166015625 0.1774088546875 0.531005859375 0.1611328125 0.562744140625 0.1513671875 0.611572265625 0.1708984375 0.66162109375 0.166015625 0.64453125 0.1123046875 0.59814453125 0.09440104218749999 0.574951171875 0.09602864531250001 0.52978515625 0.1123046875 0.494384765625 0.1253255203125 0.49072265625 0.09602864531250001 0.46875 0.107421875 0.469970703125 0.1383463546875 0.42724609375 0.126953125 0.394287109375 0.1041666671875 0.39306640625 0.1057942703125 0.325927734375 0.1253255203125 0.306396484375 0.1057942703125 0.29052734375 0.1041666671875 0.257568359375 0.1171875 0.220947265625 0.09765625 0.206298828125 0.1025390625 0.181884765625 0.1188151046875 0.12451171875 0.1204427078125 0.08056640625 0.1236979171875 0.072021484375 0.1578776046875 0.379638671875 0.1448567703125 0.406494140625 0.1643880203125
0 0.92529296875 0.4508463546875 0.91064453125 0.4752604171875 0.902099609375 0.4817708328125 0.875244140625 0.4899088546875 0.899658203125 0.498046875 0.916748046875 0.4931640625 0.914306640625 0.4996744796875 0.863037109375 0.5289713546875 0.853271484375 0.5387369796875 0.845947265625 0.5647786453125 0.8720213343750001 0.5916428375 0.849609375 0.615234375 0.8984375 0.6510416671875 0.916748046875 0.6396484375 0.92041015625 0.5924479171875 0.92041015625 0.5533854171875 0.941162109375 0.52734375 0.9619140625 0.5159505203125 0.987548828125 0.4833984375 0.999755859375 0.4638671875 0.99609375 0.419921875 0.965576171875 0.4345703125 0.9375 0.4264322921875 0.985107421875 0.4020182296875 0.950927734375 0.3678385421875 0.826416015625 0.3792317703125 0.82275390625 0.4182942703125 0.855712890625 0.4345703125 0.8984375 0.4329427078125 0.91796875 0.4264322921875 0.92529296875 0.4508463546875
3 0.10498046875 0.0439453125 0.103759765625 0.0016276046874999998 0 0 0.001220703125 0.0390625 0.10498046875 0.0439453125
3 0.2490234375 0 0.25390625 0.0244140625 0.567626953125 0.0358072921875 0.565185546875 0 0.2490234375 0
3 0.997314453125 0 0.71533203125 0.0016276046874999998 0.72021484375 0.0179036453125 0.721435546875 0.0309244796875 0.997314453125 0.0162760421875 0.997314453125 0
0 0.863037109375 0.05696614531250001 0.86181640625 0.09440104218749999 0.99853515625 0.1188151046875 0.99853515625 0.1123046875 0.91064453125 0.068359375 0.863037109375 0.05696614531250001
3 0.99853515625 0.6184895828125 0 0.5647786453125 0.081787109375 0.654296875 0.999755859375 0.703125 0.99853515625 0.6184895828125
3 0.087890625 0.9635416671874999 0.003662109375 0.9716796875 0 0.9996744796874999 0.09521484375 0.986328125 0.087890625 0.9635416671874999
3 0.19775390625 0.8968098953125001 0.107421875 0.8561197921874999 0.09765625 0.99609375 0.185546875 0.99609375 0.289306640625 0.8837890625 0.19775390625 0.8968098953125001
3 0.386962890625 0.9765625 0.3456442515625 0.99829304375 0.751953125 0.9944661453125001 0.6163134609375 0.9658501828125001 0.496656575 0.96978256875 0.5567400203124999 0.9543765578125001 0.576171875 0.7535807296875 0.537109375 0.732421875 0.4833984375 0.6949869796875 0.416259765625 0.6917317703125 0.394287109375 0.7340494796875 0.3857421875 0.7845052078125 0.380859375 0.8707682296874999 0.386962890625 0.9765625
