2 0.6210349390625 0.13114716875000001 0.6334721062499999 0.128518159375 0.649339075 0.131937490625 0.6621836234375 0.13188058593750002 0.664785184375 0.131138959375 0.66837525 0.12727456406249998 0.67544005625 0.1172569890625 0.6788908328125001 0.1140738125 0.681553803125 0.10903794062500001 0.68542994375 0.09293383125 0.6840175875 0.08557722031250001 0.680153446875 0.0736652578125 0.680761528125 0.071261896875 0.6843006703125 0.067075990625 0.6943774109375 0.0651504109375 0.695328471875 0.06335188750000001 0.6933724359375 0.060365906250000004 0.6929515765625001 0.05614804375 0.688482346875 0.052900959375 0.672567446875 0.055421631250000006 0.6623783734375001 0.0613199421875 0.6499412062500001 0.063948953125 0.643012696875 0.0670237921875 0.6355240375 0.0665619859375 0.62790956875 0.0684271578125 0.6162227640625 0.0742331078125 0.6049029046875 0.0776738890625 0.6017951078125 0.0814619 0.589548153125 0.08373120625 0.572277803125 0.09173981718749999 0.55262006875 0.0971603453125 0.5381414906249999 0.10406762656249999 0.5504154031249999 0.10508983593750001 0.5562805187500001 0.1077862546875 0.5674535921875 0.11590396875 0.5754889234375 0.1182566625 0.5801723296875 0.118174040625 0.5842985796875 0.12081629062499999 0.5906324875 0.1217905703125 0.5974007328125001 0.12862846875 0.600015771875 0.1295326 0.6210349390625 0.13114716875000001
0 0.8035695265625 0 0.7832144703125 0.007747353125 0.77144075 0.0169030625 0.723516128125 0.0281390453125 0.706146971875 0.0393958109375 0.6970176703125001 0.0450949609375 0.689133140625 0.0615327015625 0.699739996875 0.062283051562500004 0.732960109375 0.0503383109375 0.76276461875 0.045617740625 0.778121759375 0.038932528125 0.806869146875 0.024658142187500003 0.82463826875 0.0188060640625 0.837371165625 0.0070681234375 0.84196256875 0 0.8035695265625 0
0 0.5848825765625 0.341899965625 0.60482266875 0.31808444375 0.646604784375 0.2853411203125 0.7081273890625 0.2591924578125 0.7516641890625 0.2231338234375 0.7498881374999999 0.168733765625 0.7416238734375 0.171257853125 0.728254234375 0.170337340625 0.687451475 0.19198914843749998 0.6702741624999999 0.2159748296875 0.6181422828125 0.24671159843749998 0.591129540625 0.2661792796875 0.5593218765625 0.2985579625 0.5418919484375 0.3353426265625 0.537782634375 0.366979459375 0.5396399265625 0.3873426140625 0.56408173125 0.3804336875 0.5848825765625 0.341899965625
1 0.44262654531249995 0.2516862609375 0.4472215859375 0.2526063703125 0.451415228125 0.26347740937499997 0.45429835937499996 0.267634865625 0.45375467968749994 0.272005496875 0.4565464515625 0.270904165625 0.4583871640625 0.2716013609375 0.462519396875 0.286766646875 0.4648184125 0.29035746093750003 0.460973734375 0.292614290625 0.460976725 0.2988758078125 0.4593666609375 0.30275618125000003 0.4614410125 0.3142924609375 0.4605034296875 0.31773674375 0.4621808875 0.3220851609375 0.461396071875 0.3264939828125 0.46281891562500005 0.3292348328125 0.46310048593750003 0.33413391406250004 0.4659596515625 0.34126137343749996 0.48016264218750004 0.341978046875 0.4885005171875 0.33999830000000003 0.4916217921875 0.337856046875 0.495008165625 0.33270559843749997 0.49560276875 0.32865648125 0.4931689671875 0.3086080890625 0.49421888125 0.30119107343749996 0.4939717640625 0.2887062296875 0.49542906093749994 0.28386131875 0.4970466203125 0.26910366875 0.49345806718749996 0.24956775156250002 0.49493932812499997 0.24175283749999998 0.49374414062499994 0.23732803750000003 0.48184467187499996 0.22306338281250002 0.4722067734375 0.2137137859375 0.4678393890625 0.21110972656250002 0.4559833453125 0.2080438625 0.44754362499999994 0.2093805828125 0.4437229125 0.208667409375 0.43190431250000005 0.2042773 0.420150115625 0.2018544625 0.41537834062499995 0.20293981562500002 0.4139584890625 0.20646048125 0.4157033390625 0.2190376859375 0.4146534234375 0.2264547046875 0.41559399687500004 0.22927193906249999 0.4216628046875 0.23325441093750002 0.4281734453125 0.2322232265625 0.43279544375 0.23643485156250002 0.4346121890625 0.24010205 0.43849730468750003 0.2427824921875 0.4395906453125 0.246564265625 0.44262654531249995 0.2516862609375
0 0.5031743093750001 0 0.5016181140625 0.00044943906249999996 0.43923042187499994 0.02977284375 0.4038393375 0.0596810296875 0.38709835312499996 0.060509971875 0.363860015625 0.028951371875 0.3235266609375 0.053566885937499996 0.3032196296875 0.0980978453125 0.2981226359375 0.1177398796875 0.2976616078125 0.137862809375 0.31405992656250004 0.1607835140625 0.3382447796875 0.1551301109375 0.38381371875000003 0.10599031562500001 0.41399373125 0.10364058437500001 0.4582613109375 0.080832590625 0.5074671171875 0.05177409375000001 0.5613944656250001 0.0007030421875 0.562715746875 0 0.5031743093750001 0
0 0.22626171093749997 0.0371233234375 0.22953411875000002 0.052025671875 0.2494580265625 0.048262293750000004 0.2783727484375 0.0436826515625 0.2880947140625 0.027329937500000002 0.2609593265625 0.0316277609375 0.22626171093749997 0.0371233234375
0 0.273198796875 0.108904728125 0.2628001109375 0.1008304703125 0.2339502546875 0.0914257109375 0.222596675 0.097476821875 0.2125084375 0.1057581640625 0.202750484375 0.12188521249999999 0.21724682343750001 0.1299178796875 0.24314595468750003 0.13796741875000001 0.2573157625 0.14969726875 0.2751787328125 0.144437740625 0.280394090625 0.1284224265625 0.273198796875 0.108904728125
0 0.325809596875 0.1704426359375 0.31978973593750004 0.16410515312500001 0.307448478125 0.1581614671875 0.2952500390625 0.158878353125 0.2701755890625 0.1646723265625 0.24732541718749998 0.1701143359375 0.2247366203125 0.1858432796875 0.222492215625 0.19470484999999998 0.2267324515625 0.20132386875 0.2376411359375 0.1953432203125 0.26564185 0.18787061875 0.2857042953125 0.17922467343749998 0.30457565937500003 0.1774508984375 0.326752590625 0.187912546875 0.3303112578125 0.18734890937499998 0.325809596875 0.1704426359375
0 0.3402213625 0.267193759375 0.3362627296875 0.2623527078125 0.32715360625 0.2595425703125 0.2911704703125 0.2713171890625 0.26113785625 0.291870915625 0.2523347953125 0.2938725953125 0.2411690171875 0.3011094484375 0.24159344374999997 0.3095479859375 0.2803885234375 0.3040111921875 0.308295334375 0.2959457203125 0.3289210375 0.2908560296875 0.3375567640625 0.27915960625 0.3402213625 0.267193759375
0 0.3621416421875 0.5466670390624999 0.36094574062499996 0.5419958281249999 0.35173843125 0.5270496828125 0.2980556671875 0.5422357203125 0.254155025 0.544328275 0.2398996421875 0.5550918671875 0.22726064531249998 0.567422678125 0.233892684375 0.5833841203125 0.24372835468749998 0.58790208125 0.288845075 0.5819714515625 0.334100575 0.5711582171875 0.3529674125 0.5578413421875 0.3621416421875 0.5466670390624999
2 0.5819789 0.48936801875 0.581471940625 0.4870723828125 0.5619568078125 0.4809953921875 0.5321033265625 0.4796479390625 0.49757304375 0.49483824531250004 0.47262123906250003 0.5158020750000001 0.47460122812499994 0.5513354109375 0.48933857343750004 0.57816465625 0.5648434765625 0.5625603859375 0.5958350265625 0.5394244687499999 0.5894558484375 0.5106640062500001 0.5819789 0.48936801875
2 0.5713307000000001 0.70716705625 0.5667149109375 0.6981768781250001 0.521365509375 0.7083972421875 0.49898897499999995 0.7283457765625 0.48937842031249995 0.7626768187499999 0.49339911562500005 0.8082152671875 0.5064018156250001 0.82985121875 0.552497890625 0.8128290703125 0.571197153125 0.7898174890625 0.57540036875 0.758773528125 0.5747550625 0.7230288 0.5713307000000001 0.70716705625
0 0.6114191046874999 0.45484072343750004 0.6325425734375 0.46301155625 0.6487014640625001 0.4590973421875 0.6963678890625 0.44545084843750005 0.7498268640625 0.4234348078125 0.7942578499999999 0.41504273437499994 0.846283709375 0.40002816093750004 0.888075240625 0.3846020375 0.9317461843749999 0.3682009578125 0.9630446171875 0.3571469015625 0.9781565499999999 0.3466240234375 0.9761404484374999 0.3306845765625 0.969328503125 0.33582817343750004 0.9081379140625 0.3475519921875 0.8508428390624999 0.37424030468749997 0.8030717671875 0.3872260875 0.7562153953124999 0.40277679062500005 0.71726769375 0.4136878046875 0.6854734875 0.4248203859375 0.65629141875 0.43960426406249997 0.6367653140625 0.44472907656249994 0.6160376484375 0.4486896296875 0.6114191046874999 0.45484072343750004
