0 0.9420228875 0.2105863953125 0.9390936828124999 0.22056658125 0.9416974265625001 0.24182873124999998 0.9426738359375 0.26178910312500003 0.9413719640625 0.2709014609375 0.943975684375 0.28522085937499997 0.9449520937500001 0.292597525 0.9485322234375 0.3004081046875 0.9485322234375 0.3151614359375 0.9508105062500001 0.32991475000000003 0.9521123546875 0.34206454218750004 0.9524378406249999 0.3516108140625 0.958621690625 0.3615910171875 0.9576453046875001 0.371137271875 0.9569943562500001 0.3837209953125 0.9560179703125 0.39326724999999996 0.9537396875 0.402379625 0.952763303125 0.4119258796875 0.9530887640625 0.42277391093750005 0.9556925078124999 0.431018421875 0.952763303125 0.4418664546875 0.9517868921874999 0.45097879531249996 0.9511359687500001 0.45965722031249995 0.9534142265625001 0.466166040625 0.952763303125 0.47527838125 0.9547160984374999 0.4791836796875 0.9524378406249999 0.48569249843750006 0.9550415593749999 0.49437092343750005 0.9579707656249999 0.5043511265625 0.9599235625 0.5125306953125001 0.9605745109375 0.5194733968749999 0.9631782296875 0.528151821875 0.9654565125 0.5355284874999999 0.965131025 0.54203730625 0.963829178125 0.547678296875 0.9664328984375 0.5619976796875 0.9631782296875 0.569808275 0.9573198421875 0.5780527875 0.952763303125 0.581958084375 0.9514614296874999 0.5919382546875 0.9491831718749999 0.6036541484375 0.9420228875 0.6153700109375 0.9387682203125 0.6318590328125 0.943650221875 0.6244823515625 0.9485322234375 0.6132004046875 0.954065175 0.6079933625 0.9582962281249999 0.58803295625 0.9654565125 0.5763170953125 0.9641546406250001 0.5875990421874999 0.965131025 0.595843553125 0.96220184375 0.60582375625 0.9635036921875001 0.615803925 0.9674093078125001 0.6010505953124999 0.9703385140625 0.5915043390625 0.9693621046875001 0.5815241375 0.9713149 0.5715439671875 0.9726167718750001 0.5624316265625 0.9700130281250001 0.547678296875 0.9716403609375 0.5394337859375 0.9719658484375 0.531189275 0.9690366421875 0.524246540625 0.9654565125 0.5133985078125 0.9648055640625 0.5008147843749999 0.958621690625 0.4877971453125 0.9615508953124999 0.479986565625 0.9602490234375001 0.47434559218750005 0.9595981 0.46740284218749995 0.9595981 0.4604601078125 0.9569943562500001 0.454819134375 0.9625273062499999 0.43312307031249997 0.96220184375 0.42618031875 0.958621690625 0.41880367031250004 0.9592726390624999 0.401880734375 0.96285276875 0.39059879531249997 0.96220184375 0.3827881984375 0.963829178125 0.3623939125 0.9625273062499999 0.35631899843750003 0.9582962281249999 0.34850841875 0.9595981 0.33939607031249996 0.955367021875 0.3315854828125 0.9566688937500001 0.3220392234375 0.9530887640625 0.31336079687499996 0.9550415593749999 0.3029466796875 0.954065175 0.2951360953125 0.9511359687500001 0.2886272765625 0.9508105062500001 0.280563790625 0.946904890625 0.2727532109375 0.949834096875 0.2636408703125 0.9478813 0.25452851249999997 0.9478813 0.2441144203125 0.9485322234375 0.2345681328125 0.94560301875 0.2232861859375 0.9491831718749999 0.21721128906249998 0.949834096875 0.2107024703125 0.9475558390625001 0.203759728125 0.9482067625000001 0.19204385 0.952763303125 0.185968953125 0.9530887640625 0.17902621093749999 0.9517868921874999 0.1733852421875 0.9534142265625001 0.166008571875 0.9521123546875 0.1486517203125 0.9481607999999999 0.150390625 0.946579428125 0.16589250625000002 0.9459285046874999 0.18455111875000002 0.943650221875 0.18932427031250001 0.9420228875 0.2105863953125
0 0.8949938921875 0.6778142171875 0.8949938921875 0.6873604875 0.8979230984375001 0.694303221875 0.9008522796875 0.70124595625 0.9018286906249999 0.7077776796874999 0.9021541515625 0.7203613953125 0.9015032281250001 0.729907665625 0.9037814859375001 0.740321775 0.9076871015625001 0.7511698078125 0.90573428125 0.763319609375 0.9031305625 0.77243195 0.9024796140625 0.7819782203125001 0.9028050999999999 0.792826253125 0.9060597687499999 0.8036742859375 0.9083380249999999 0.8166919234375 0.9037814859375001 0.8258042640625 0.9063852296875 0.83578445 0.9093144359374999 0.845764653125 0.9073616156250001 0.8544430796875 0.9083380249999999 0.8652911109374999 0.9083380249999999 0.8757052125 0.9060597687499999 0.8852515171875 0.9070361531250001 0.89479775625 0.9106162828125001 0.8887228515625001 0.912894565625 0.8757052125 0.9122436171875 0.8626875734375 0.9145219000000001 0.8535752328124999 0.9145219000000001 0.8466324828125 0.9112672312500001 0.8323130843750001 0.9122436171875 0.8262381953125001 0.9138709515624999 0.8188615296874999 0.9138709515624999 0.8084474125 0.9125691046875 0.7989011406250001 0.9083380249999999 0.7932601671875 0.9084998234375 0.7856274109375 0.911754490625 0.7691384203125 0.9137072875 0.7526493984375 0.9104526187499999 0.7413674359375 0.907848875 0.7270480359375 0.9091507468750001 0.7070876640625 0.906221540625 0.694070025 0.9010140765625 0.6827880609375 0.9032923343749999 0.6784488484375 0.906221540625 0.6667329875 0.9058960796875001 0.655017109375 0.9042687453125 0.6424333843750001 0.9032923343749999 0.6354906515625001 0.9029668734375 0.6229069265625 0.900363153125 0.6137945874999999 0.9000376671874999 0.6077196828125 0.8952826796875 0.6079262078125 0.8969466875000001 0.6235740562500001 0.898248559375 0.6396291546875 0.8995504328124999 0.65264679375 0.8995504328124999 0.6613252187499999 0.8979230984375001 0.670871465625 0.8949938921875 0.6778142171875
0 0.8500794640624999 0.6313665312500001 0.8487775921875 0.6443841703125 0.84812666875 0.6561000484374999 0.8468247968749999 0.6669480812499999 0.8494285406250001 0.6834370859375001 0.8510558749999999 0.6929833578125 0.8510558749999999 0.7042653046875 0.8507304124999999 0.7246596421875 0.852357746875 0.7389790078125 0.8530086703125 0.751996646875 0.8533341328124999 0.7710891906249999 0.8539850812499999 0.7953887749999999 0.8591925453125 0.8005958515625 0.8601689296874999 0.7914834765625 0.8588670828125 0.77282488125 0.8588670828125 0.7489592109375 0.8585415968750001 0.735073709375 0.8569142624999999 0.7233578484375001 0.8569142624999999 0.707736671875 0.8565887999999999 0.6938512046875001 0.8552869281250001 0.6790978734374999 0.8539850812499999 0.6678159265625 0.855612415625 0.6526286812500001 0.8552869281250001 0.63961104375 0.8562633390625001 0.6283290796875 0.85365959375 0.617914978125 0.8533341328124999 0.6061991 0.85365959375 0.591879709375 0.8510558749999999 0.5788620718749999 0.8472493421875 0.569769965625 0.8471502578125 0.5879744031249999 0.8468247968749999 0.59969028125 0.846499334375 0.6166132015625 0.8500794640624999 0.6313665312500001
0 0.98208400625 0.6602265921875 0.9779343125000001 0.6690134953125 0.9791548125 0.6862618703125001 0.986477815625 0.696350540625 0.98379271875 0.71164626875 0.9833045078125 0.72498934375 0.9815958140625 0.7331253671875 0.98379271875 0.7370306624999999 0.9874542203125 0.723687575 0.9879424125 0.7103444999999999 0.9906275093750001 0.6992795015625 0.9898952203125001 0.6914689203125 0.9847691046874999 0.6823565875 0.9828163140624999 0.6703152640625001 0.9876983171875 0.6576230609375 0.9879424125 0.65209056875 0.9869660078125 0.64004925 0.9947772234375 0.6276824984375 0.9906616156249999 0.6258951828125 0.9845250078125 0.636143959375 0.98257221875 0.6407001375 0.98379271875 0.6543686515625 0.98208400625 0.6602265921875
0 1 0.8271777984375 0.9916039140624999 0.819041775 0.9857455078124999 0.8122075203125 0.9842809109375 0.8030951875 0.985257315625 0.7904029734375 0.9786666015625001 0.7764090140625 0.9762256 0.779988871875 0.9796430062500001 0.78845035625 0.9791548125 0.7975626765625 0.9698790015625001 0.792030178125 0.96328830625 0.7796634234375001 0.959382709375 0.766645784375 0.9571858046875 0.761438734375 0.9508392062500001 0.7542790296875 0.9515714953125001 0.7412613921875 0.9476318296875 0.7447102875 0.9449808000000001 0.7555807984375 0.951815590625 0.7630659390625001 0.9549889 0.767947553125 0.9571858046875 0.7751072578125 0.9598709015625 0.7845450375 0.9640205953125 0.7913793046875 0.9708554062499999 0.8001662015625 0.9779343125000001 0.802444290625 0.979398909375 0.8076513406249999 0.9815958140625 0.8141601609375 0.985257315625 0.8213198765625 0.98965110625 0.8268523625 0.9959977234374999 0.831733978125 1 0.8333611828124999 1 0.8271777984375
0 0.9709181062500001 0.8962028343749999 0.9689652984375 0.9072678562500001 0.9684771062499999 0.9144275359374999 0.972382703125 0.9303741484374999 0.9755560125 0.9437172234375 0.9801938984375 0.95510765625 0.9833672078125 0.963894553125 0.9821467078125 0.9726814734375001 0.9855641125 0.9782139593749999 0.9877610171875 0.9739832421875001 0.988249209375 0.9603147078125 0.9831231109375 0.9479479656249999 0.9794616093749999 0.9365575312500001 0.9775088015625 0.92581796875 0.974091396875 0.9131257671874999 0.9743355109375 0.9004335765624999 0.9762883015625 0.8955519625000001 0.972382703125 0.8818834390625 0.9748237046874999 0.8773272609375 0.969941703125 0.8587771234374999 0.9659423765625 0.85986328125 0.9689652984375 0.8747237359375 0.968233009375 0.8844869640624999 0.9709181062500001 0.8962028343749999
0 0.9020818687500001 0.9075932671875 0.897932175 0.9150784203125 0.8950029796875001 0.9235399046874999 0.8925619796875001 0.9290723796875 0.891585575 0.9375338390625 0.8932942687500001 0.9489242734375001 0.8940265765625 0.9554330921874999 0.897932175 0.953155015625 0.8954911734375001 0.9398119406250001 0.8969557703125 0.9290723796875 0.9015936765625 0.91800738125 0.9091607749999999 0.902711653125 0.9155073734375 0.8968537187500001 0.9150191812499999 0.8857887328125 0.9137573187499999 0.8773600265624999 0.9111135828125001 0.8880668093749999 0.910625371875 0.8942502187500001 0.905987484375 0.8984809234375 0.9020818687500001 0.9075932671875
1 0.724365234375 0.6578776046875 0.728515625 0.654296875 0.744140625 0.630859375 0.765380859375 0.576171875 0.717529296875 0.5680338546875 0.70263671875 0.568359375 0.6875 0.5725911453125 0.688232421875 0.5869140625 0.6982421875 0.6227213546875 0.712646484375 0.6442057296875 0.724365234375 0.6578776046875
1 0.80078125 0.767578125 0.810302734375 0.7210286453125 0.811279296875 0.681640625 0.7978515625 0.685546875 0.782470703125 0.7395833328125 0.78369140625 0.7711588546875 0.79052734375 0.7731119796875 0.80078125 0.767578125
1 0.71533203125 0.7994791671875 0.71826171875 0.7991536453125 0.720458984375 0.796875 0.7255859375 0.775390625 0.725341796875 0.7672526046875 0.715087890625 0.7555338546875 0.705810546875 0.751953125 0.685302734375 0.7561848953125 0.675537109375 0.7705078125 0.67724609375 0.783203125 0.679931640625 0.7867838546875 0.708984375 0.7985026046875 0.71533203125 0.7994791671875
1 0.822998046875 0.619140625 0.81591796875 0.5758463546875 0.814208984375 0.5748697921875 0.808349609375 0.5784505203125 0.804931640625 0.5859375 0.81787109375 0.66015625 0.820556640625 0.6608072921875 0.822265625 0.6575520828125 0.822998046875 0.619140625
2 0.872802734375 0.548828125 0.8759765625 0.5406901046875 0.876953125 0.5286458328125 0.868896484375 0.5166015625 0.8603515625 0.5341796875 0.8603515625 0.541015625 0.865234375 0.548828125 0.86962890625 0.55078125 0.872802734375 0.548828125
