1 0.499755859375 0.9752604171874999 0.49853515625 0.978515625 0.500244140625 0.9827473953125001 0.501953125 0.984375 0.5110677078125 0.984375 0.515625 0.9895833328125001 0.515380859375 0.994140625 0.517333984375 0.9970703125 0.522216796875 0.9951171875 0.561279296875 0.9954427078125001 0.568115234375 0.9938151046874999 0.57275390625 0.9905598953125001 0.578369140625 0.9830729171874999 0.578125 0.9651692703125001 0.583984375 0.9518229171874999 0.592041015625 0.9524739578125001 0.5947265625 0.94921875 0.59521484375 0.9261067703125001 0.604736328125 0.90625 0.60888671875 0.900390625 0.6083984375 0.892578125 0.6044921875 0.8899739578125001 0.607421875 0.8821614578125001 0.6103515625 0.880859375 0.61474609375 0.873046875 0.612548828125 0.8310546875 0.605224609375 0.8095703125 0.605712890625 0.8024088546874999 0.60400390625 0.7985026046875 0.587890625 0.7867838546875 0.58349609375 0.7962239578125 0.579833984375 0.7998046875 0.578857421875 0.8098958328125001 0.53955078125 0.8255208328125001 0.533447265625 0.8186848953125001 0.53076171875 0.8177083328125001 0.529052734375 0.8128255203125001 0.52197265625 0.80859375 0.517578125 0.810546875 0.515869140625 0.8414713546874999 0.5166015625 0.8684895828125001 0.514892578125 0.8766276046874999 0.51806640625 0.8912760421874999 0.51708984375 0.8961588546874999 0.517822265625 0.9054361984374999 0.5166015625 0.9117838546874999 0.51806640625 0.916015625 0.51708984375 0.9192708328125001 0.513916015625 0.921875 0.502197265625 0.921875 0.492919921875 0.9182942703125001 0.489501953125 0.9153645828125001 0.479736328125 0.9235026046874999 0.4794921875 0.9274088546874999 0.48388671875 0.9505208328125001 0.489990234375 0.9541015625 0.499755859375 0.9752604171874999
1 0.493896484375 0.865234375 0.500244140625 0.8587239578125001 0.510009765625 0.8369140625 0.510498046875 0.8307291671874999 0.509521484375 0.828125 0.500732421875 0.8388671875 0.485595703125 0.8444010421874999 0.484375 0.8444010421874999 0.4794921875 0.8372395828125001 0.47900390625 0.8336588546874999 0.47119140625 0.8294270828125001 0.46240234375 0.8310546875 0.455078125 0.8349609375 0.453369140625 0.8375651046874999 0.443115234375 0.861328125 0.450439453125 0.86328125 0.487060546875 0.8665364578125001 0.493896484375 0.865234375
1 0.371826171875 0.8440755203125001 0.385009765625 0.8509114578125001 0.400146484375 0.8544921875 0.404296875 0.8541666671874999 0.4091796875 0.8502604171874999 0.410888671875 0.8453776046874999 0.412109375 0.8297526046874999 0.39892578125 0.814453125 0.39404296875 0.8043619796874999 0.3857421875 0.8011067703125001 0.378662109375 0.8024088546874999 0.369140625 0.8014322921874999 0.366455078125 0.8108723953125001 0.366455078125 0.8180338546874999 0.37109375 0.832573784375 0.37060546875 0.841796875 0.371826171875 0.8440755203125001
3 0.38427734375 0.9235026046874999 0.379150390625 0.9329427078125001 0.375732421875 0.9352213546874999 0.380859375 0.9388020828125001 0.390625 0.9361979171874999 0.4072265625 0.9583333328125001 0.40869140625 0.9638671875 0.407958984375 0.966796875 0.412109375 0.9677734375 0.415771484375 0.9664713546874999 0.4287109375 0.9703776046874999 0.4296875 0.9742838546874999 0.427490234375 0.982421875 0.435302734375 0.9833984375 0.4404296875 0.982421875 0.466552734375 0.9873046875 0.488037109375 0.986328125 0.49072265625 0.9820963546874999 0.494873046875 0.966796875 0.4951171875 0.9622395828125001 0.493896484375 0.9593098953125001 0.489501953125 0.9576822921874999 0.484619140625 0.951171875 0.4833984375 0.9430338546874999 0.477783203125 0.9339192703125001 0.477294921875 0.923828125 0.480712890625 0.9195963546874999 0.483154296875 0.9134114578125001 0.485595703125 0.9117838546874999 0.492431640625 0.9117838546874999 0.496826171875 0.9137369796874999 0.501953125 0.9192708328125001 0.50390625 0.9186197921874999 0.50927734375 0.9208984375 0.517578125 0.9202473953125001 0.517333984375 0.892578125 0.513671875 0.8889973953125001 0.49658203125 0.8805338546874999 0.494140625 0.8763020828125001 0.466796875 0.8697916671874999 0.450927734375 0.8678385421874999 0.423583984375 0.8675130203125001 0.41845703125 0.8688151046874999 0.415771484375 0.8717447921874999 0.411865234375 0.9000651046874999 0.400390625 0.9075520828125001 0.3896484375 0.9228515625 0.38427734375 0.9235026046874999
1 0.373046875 0.9225260421874999 0.380859375 0.9222005203125001 0.3896484375 0.9163411453125001 0.392578125 0.9166666671874999 0.397216796875 0.9127604171874999 0.3994140625 0.9072265625 0.401611328125 0.9049479171874999 0.409912109375 0.9000651046874999 0.419921875 0.9007161453125001 0.422119140625 0.8971354171874999 0.4208984375 0.8811848953125001 0.418212890625 0.8743489578125001 0.412109375 0.8639322921874999 0.4072265625 0.8616536453125001 0.37890625 0.8570963546874999 0.369140625 0.857421875 0.3662109375 0.8802083328125001 0.36572265625 0.8974609375 0.36962890625 0.9091796875 0.3681640625 0.916015625 0.373046875 0.9225260421874999
3 0.735107421875 0.6168619796875 0.743896484375 0.6217447921875 0.753173828125 0.6240234375 0.76611328125 0.6178385421875 0.768798828125 0.6175130203125 0.772705078125 0.6194661453125 0.78076171875 0.619140625 0.802734375 0.6100260421875 0.81689453125 0.599609375 0.841552734375 0.5771484375 0.857666015625 0.5563151046875 0.849853515625 0.5582682296875 0.845458984375 0.5511067703125 0.833984375 0.548828125 0.783203125 0.5732421875 0.77490234375 0.5706380203125 0.763427734375 0.5638020828125 0.737060546875 0.55859375 0.720703125 0.552734375 0.716796875 0.552734375 0.716064453125 0.5569661453125 0.71728515625 0.5608723953125 0.70703125 0.5677083328125 0.704833984375 0.56640625 0.703857421875 0.5677083328125 0.704345703125 0.5712890625 0.700439453125 0.5797526046875 0.7041015625 0.5924479171875 0.6953125 0.5992838546875 0.712890625 0.6087239578125 0.735107421875 0.6168619796875
3 0.46630859375 0.4850260421875 0.500732421875 0.4889322921875 0.532958984375 0.4973958328125 0.5791015625 0.505859375 0.60205078125 0.5087890625 0.606201171875 0.5078125 0.607666015625 0.505859375 0.607421875 0.4078776046875 0.60205078125 0.4059244796875 0.5986328125 0.4016927078125 0.59912109375 0.400390625 0.576416015625 0.3935546875 0.475341796875 0.37109375 0.459716796875 0.3688151046875 0.427734375 0.3606770828125 0.423828125 0.3603515625 0.421875 0.3626302078125 0.42041015625 0.3811848953125 0.417236328125 0.4479166671875 0.41796875 0.4694010421875 0.42138671875 0.474609375 0.46630859375 0.4850260421875
3 0.402587890625 0.4518229171875 0.404052734375 0.4078776046875 0.409423828125 0.357421875 0.40576171875 0.3548177078125 0.392333984375 0.3522135421875 0.357666015625 0.3486328125 0.351318359375 0.349609375 0.349853515625 0.3538411453125 0.345703125 0.357421875 0.332275390625 0.462890625 0.3369140625 0.4645182296875 0.400634765625 0.4677734375 0.402587890625 0.4518229171875
3 0.303955078125 0.5423177078125 0.305908203125 0.5432942703125 0.3076171875 0.548828125 0.30908203125 0.5501302078125 0.338134765625 0.5445963546875 0.341552734375 0.5465494796875 0.343017578125 0.541015625 0.368408203125 0.5152994796875 0.38134765625 0.5123697921875 0.38818359375 0.5078125 0.394775390625 0.505859375 0.400390625 0.494140625 0.406005859375 0.4781901046875 0.404296875 0.4752604171875 0.40185546875 0.4742838546875 0.3583984375 0.4664713546875 0.34521484375 0.466796875 0.321533203125 0.470703125 0.30908203125 0.4742838546875 0.287353515625 0.482421875 0.2744140625 0.4931640625 0.255615234375 0.5130208328125 0.25146484375 0.5276692703125 0.251220703125 0.5377604171875 0.259521484375 0.5439453125 0.286376953125 0.541015625 0.303955078125 0.5423177078125
3 0.437744140625 0.5152994796875 0.443603515625 0.5110677078125 0.44580078125 0.5120442703125 0.449462890625 0.5149739578125 0.44921875 0.5250651046875 0.450439453125 0.525390625 0.455322265625 0.5240885421875 0.459716796875 0.525390625 0.498046875 0.5172526046875 0.501708984375 0.513671875 0.497802734375 0.5091145828125 0.48046875 0.4977213546875 0.4765625 0.4899088546875 0.45849609375 0.4853515625 0.438720703125 0.4847005203125 0.4375 0.486328125 0.442626953125 0.4934895828125 0.4371744796875 0.4996744796875 0.429931640625 0.501953125 0.430908203125 0.5026041671875 0.432373046875 0.5110677078125 0.4287109375 0.513671875 0.437744140625 0.5152994796875
3 0.188232421875 0.69921875 0.187744140625 0.701171875 0.18896484375 0.7021484375 0.195068359375 0.7018229171875 0.220458984375 0.7083333328125 0.23046875 0.7054036453125 0.234619140625 0.7063802078125 0.236572265625 0.708984375 0.2373046875 0.70703125 0.255615234375 0.6979166671875 0.260009765625 0.693359375 0.26123046875 0.6891276046875 0.25927734375 0.6809895828125 0.2607421875 0.6787109375 0.26171875 0.6728515625 0.26513671875 0.6695963546875 0.26123046875 0.6630859375 0.253662109375 0.6585286453125 0.251220703125 0.6552734375 0.245361328125 0.6533203125 0.2254019546875 0.6501467828124999 0.22475103125 0.6384220328125 0.23388671875 0.623046875 0.230712890625 0.6168619796875 0.229736328125 0.6116536453125 0.22314453125 0.6103515625 0.220947265625 0.6106770828125 0.217041015625 0.615234375 0.21240234375 0.623046875 0.1845703125 0.6813151046875 0.180419921875 0.6949869796875 0.181396484375 0.6962890625 0.1826171875 0.6949869796875 0.188232421875 0.69921875
0 0.6059247890624999 0.028668546875 0.614386921875 0.0212862796875 0.6261037453125 0.0104300484375 0.63879693125 0.00044228906250000003 0.6208962578125 0.000008078125 0.60983040625 0.013035574999999999 0.6003918640625 0.0208520359375 0.5899769109374999 0.027365784375 0.582165728125 0.036050781250000004 0.5756563921875 0.0482097921875 0.567845184375 0.05472353906250001 0.5645905171875001 0.055592026562499994 0.5652669203125 0.06467013906249999 0.5759818546875 0.06254001718749999 0.5860713203125 0.0447357796875 0.5945334515625 0.0356165390625 0.6059247890624999 0.028668546875
3 0.972900390625 0.9996744796874999 0.98779296875 0.9954427078125001 0.99267578125 0.9970703125 0.999755859375 0.9957682296874999 0.999755859375 0.9303385421874999 0.93017578125 0.9225260421874999 0.923095703125 0.9235026046874999 0.921630859375 0.9319661453125001 0.9208984375 0.9404296875 0.921875 0.994140625 0.92333984375 0.9996744796874999 0.972900390625 0.9996744796874999
