3 0.07012104218750001 0 0.09374279218750001 0.0044630359375 0.10917638437499999 0.013989142187500001 0.092168034375 0.0303766296875 0.11693962656250001 0.051090453125000004 0.13873957812499998 0 0.07012104218750001 0
2 0.6317097265625 0.7975662671875 0.633112734375 0.8021660671875 0.62782043125 0.8238998953125 0.6286455531249999 0.84121939375 0.6265883890625 0.8606447312500001 0.6276301656250001 0.8708575828124999 0.6238087609375 0.8912961703125 0.6259430265625 0.8979535515625001 0.628787178125 0.9015004328125 0.62874904375 0.9071531531250001 0.6304453921875 0.912034946875 0.6320864265624999 0.9146961812500001 0.6362569 0.9154542250000001 0.6371582953125 0.9214682796875 0.638799328125 0.9241295140625001 0.6624531140625 0.92113045625 0.6649528 0.9194695859375001 0.6693349109375 0.8784380234375 0.6776331203125 0.8696179515625 0.68483465 0.8670585515625 0.6898637765625 0.863494490625 0.691938121875 0.8519424328125 0.691300315625 0.8464526906250001 0.75061775 0.6544969515625 0.7504216375 0.6293835156250001 0.7534824453125 0.6258237515625 0.75862639375 0.6239956078125 0.7597188828125 0.6204401374999999 0.763396125 0.617202034375 0.76369785 0.6120736265625 0.7656703609375 0.60936413125 0.7655002234375 0.6054076562499999 0.7625454421875 0.5974196578125001 0.761431584375 0.5958070484375 0.7549441328125 0.5925507484375 0.75512684375 0.5883916234375001 0.7451704218749999 0.58667718125 0.740302634375 0.5809140359375 0.7372585921875 0.573653 0.734618521875 0.5711150734375 0.7272548249999999 0.5456135171875001 0.7221318328125 0.5339156593750001 0.718939025 0.527866228125 0.7145091531250001 0.523878671875 0.7132804734375 0.5205301453125 0.7146449328125 0.5120885875 0.7182073546875001 0.5071145671874999 0.7213360515625 0.49765976093750003 0.7260420843750001 0.49405602968749995 0.7255488531250001 0.4900598828125 0.7276064328125 0.489328625 0.7326397515624999 0.48305936562499996 0.7369036765625 0.48038524687499995 0.744470628125 0.4695075953125 0.7498484125 0.46844608593750003 0.7534363953125001 0.4659349453125 0.7573642390625 0.45264267656249996 0.761274903125 0.4314771265625 0.76365976875 0.4280803390625 0.7639019874999999 0.4234365734375 0.7676089828125 0.41995615 0.7697470265625 0.40521425000000005 0.7524227171875 0.38070345 0.755147028125 0.347831453125 0.7482891375 0.31821044375 0.7493007484375 0.30997153437499997 0.7472515515625 0.305292390625 0.7504313734375 0.3007633421875 0.75096693125 0.2964015671875 0.7470089203125 0.29124207812499997 0.7462265390625 0.2842587390625 0.7425916234375001 0.2791389203125 0.7332260765624999 0.2752832609375 0.730734771875 0.2715337296875 0.7261179984374999 0.2744104984375 0.7241157328125001 0.2773623140625 0.7194863859375 0.2883546828125 0.7158263203125 0.299466065625 0.7155543515625 0.304352153125 0.7107167296875 0.31704076875 0.7087442187499999 0.31975026406249996 0.7051306734375 0.3197985234375 0.7026607406250001 0.3212170734375 0.6980355828125 0.32950424218749996 0.694983571875 0.3463476875 0.6925647609375 0.3526919953125 0.6560223296875 0.5968849421875 0.6515291734375 0.6147813078125 0.6491702828125 0.6393350546875001 0.6365410875 0.6941124484375 0.6386673843749999 0.724874309375 0.636541915625 0.731500609375 0.63439968125 0.748947709375 0.6345274890625 0.76126210625 0.6316074796875 0.7877147484375 0.6317097265625 0.7975662671875
2 0.4483003390625 0.28801774999999996 0.4544177625 0.2836034203125 0.4566069296875 0.27378727812500003 0.4729527453125 0.266201303125 0.4761920734375 0.2611876125 0.47909992343749996 0.2615446515625 0.48086416249999997 0.260531403125 0.48316815 0.252451178125 0.487142925 0.2467898671875 0.4936685140625 0.24439344531249999 0.49605337968749996 0.240996659375 0.5061627578125 0.2387942984375 0.5106902718749999 0.2366444921875 0.51275204375 0.23320803437499998 0.52160718125 0.22519426718750002 0.522461228125 0.2048832828125 0.5205054828125 0.1967719765625 0.51649215625 0.189391928125 0.5158882953124999 0.180954665625 0.5119642296875 0.172847653125 0.49453389531249997 0.15988461874999998 0.48958523125 0.1494380359375 0.46527646093749997 0.139074071875 0.4487517125 0.12941989062499998 0.44463655312499994 0.13088240625 0.44295738125 0.1338738921875 0.4309865359375 0.161920946875 0.42773882656250006 0.17234503750000002 0.4151217890625 0.20031275 0.41253325625 0.2213946625 0.4056849890625 0.24244549375000002 0.40453759843750003 0.2624744875 0.3990244515625 0.29402016249999996 0.4001596796875 0.30080085 0.40728912812500007 0.3068416921875 0.4227339625 0.31193574218750003 0.4302585859375 0.3094160125 0.435670315625 0.3054069828125 0.44047818281250006 0.29296068750000004 0.4431563890625 0.28984589375 0.4483003390625 0.28801774999999996
2 0.20137581718750003 0 0.1995290015625 0.0036272218750000003 0.1974390015625 0.012635707812499999 0.1210010546875 0.23184213593749997 0.1187054484375 0.2345119609375 0.1110027203125 0.25717969531249996 0.1104374078125 0.26178379218750003 0.1125079765625 0.2716310140625 0.10978744062500001 0.28310372968749997 0.10710085312499999 0.29162892500000004 0.10029491093750001 0.3043218359375 0.09574225 0.3227028421875 0.093034290625 0.32605995781249997 0.08884705000000001 0.336122715625 0.0756479375 0.37951532499999996 0.0748701609375 0.3885208671875 0.0876493640625 0.3886141109375 0.090144859375 0.3896584421875 0.092079234375 0.3926016671875 0.09221961875 0.39680046406249997 0.09092305 0.3993469796875 0.080329234375 0.41083687500000005 0.078973159375 0.4138680328125 0.079321815625 0.41637058437499996 0.0828758546875 0.4168069640625 0.091518528125 0.41319464375 0.098532740625 0.3988054875 0.10441633125000001 0.393624525 0.1119748984375 0.3881572734375 0.1177055296875 0.3868931140625 0.12226279843750001 0.3845009875 0.1233850375 0.3807031953125 0.12075335000000001 0.37275486875 0.11209768906249999 0.36578870937499997 0.10940230468750001 0.36103022500000004 0.1100057515625 0.3507734078125 0.1161315578125 0.3409486765625 0.1166968703125 0.3363445796875 0.120527071875 0.3291896734375 0.12869788437500002 0.32674928593749997 0.13028779375 0.3244847609375 0.1339905984375 0.3237095390625 0.13805044375 0.320026465625 0.13643916250000002 0.3171229109375 0.1372127484375 0.31082256875000003 0.1459530625 0.301072884375 0.1482101203125 0.28536170156249996 0.14501311875 0.2820174703125 0.14305318125 0.2766113640625 0.1445961609375 0.26671588125 0.1475379546875 0.2641253984375 0.16149890625000002 0.25993621093749997 0.16555875 0.2562531375 0.1729643609375 0.254702690625 0.178673621875 0.2482704515625 0.18731210468749998 0.24736333125 0.18670405 0.24163126875000002 0.1963072109375 0.2248542796875 0.1991170046875 0.2126546015625 0.19862377343749998 0.20865845468750002 0.1904994796875 0.2000357203125 0.190274028125 0.1938586875 0.1994945859375 0.1775266703125 0.20073123593750003 0.1567707140625 0.205275515625 0.14380010781250002 0.20853999218750002 0.122555215625 0.2128973671875 0.116448934375 0.21449146875 0.111479209375 0.21913799687500002 0.1083601203125 0.22205422968750002 0.103306759375 0.2287625265625 0.09675121249999999 0.2321845640625 0.08757839687499999 0.23652476249999999 0.073598834375 0.23875625781249998 0.055424771875 0.24147259999999998 0.04665725625 0.2395168546875 0.03854595 0.2397632625 0.031196982812500003 0.2451322515625 0.01685179375 0.2471173359375 0.006026696874999999 0.2507987703125 0.0000833953125 0.2512603453125 0 0.20137581718750003 0
2 0.2701441234375 0 0.2543722609375 0.032277909375000004 0.2242282609375 0.053467792187499995 0.2090054796875 0.07966775625 0.1881352578125 0.11735493749999999 0.13305663750000002 0.18632533906249998 0.1224580359375 0.24963548124999999 0.16024783125 0.2754595109375 0.198512875 0.2801578671875 0.2279777109375 0.20698332343749998 0.262360503125 0.1857840703125 0.29697236875 0.179971565625 0.3045047609375 0.13588021875 0.31867405312499997 0.09525169375 0.32634361875 0.044292375 0.33849801875 0 0.2701441234375 0
2 0.47226827812499994 0 0.4808384796875 0.04007595 0.5674842265625 0.0533626203125 0.6538170234375 0.02318365 0.6311363109375 0.0123466015625 0.530581309375 0 0.47226827812499994 0
2 0.3812440515625 0.79141035625 0.383680040625 0.792939328125 0.38788026875 0.7934550515625001 0.394873525 0.792591896875 0.408099028125 0.7890503296875 0.41724331406250004 0.7840237546875 0.53146915625 0.761890734375 0.5322599203125 0.7634636734375 0.5366684203125 0.76228315 0.5387515609375 0.764014771875 0.5441251546875 0.7656584625 0.5459977203124999 0.761091890625 0.5505401125 0.7588209234375001 0.5555352953125 0.758204384375 0.5592125375 0.7549662828125 0.5687561921875 0.7386739359375001 0.570843525 0.7377003578125 0.572492940625 0.7349511921875 0.5734747984374999 0.7269546046875 0.572335378125 0.722879115625 0.573572440625 0.7208172421875 0.5743799703125 0.711569378125 0.57193099375 0.6994619265625001 0.5692909234375 0.696924 0.56671455 0.69119623125 0.565158584375 0.690513234375 0.5124770109375001 0.6761735796874999 0.48963167656250006 0.6731225515625 0.4849884203125 0.6703386640625 0.46190833124999997 0.6633232265625 0.45036199843749997 0.6638733078125 0.44592374531249995 0.6652961515625 0.43722994843749996 0.6639827140625 0.4347046984375 0.663180703125 0.4297476515625 0.6581445218749999 0.420118515625 0.65376455 0.41256832968749996 0.6538214 0.40507346093749996 0.6560988078125 0.40045249531250005 0.6616807765625 0.3954573125 0.6622973156249999 0.3919162609375 0.672439415625 0.3941439765625 0.6756646328125 0.39419929374999996 0.6778851921875 0.3856928109375 0.688401509375 0.3821685265625 0.68772280625 0.38076551875 0.68312300625 0.37712221874999996 0.6834135875 0.37726260312500004 0.6876123828125 0.3729136078125 0.6883082640625 0.36935537812499997 0.6905770828125 0.36108273125 0.701860034375 0.35681880625 0.704534153125 0.353519971875 0.710032484375 0.344192975 0.7192181843750001 0.3358863828125 0.73344865625 0.33116777656249996 0.7451679890625 0.3275500390625 0.7479214484375001 0.3247699984375 0.7598788062499999 0.31983013125 0.7627159046875 0.31973667968749997 0.7661480671875001 0.32840072343750004 0.7677038265625 0.339968425 0.772321825 0.341898609375 0.7779702515625 0.3533472984375 0.7835575328125 0.3561914515625 0.7871044140625 0.37022908593750004 0.7903038625 0.3812440515625 0.79141035625
2 0 0.59455336875 0.0009330124999999999 0.5927020515625 0.0078453921875 0.587155459375 0.01031951875 0.5830317109375 0.014553690624999999 0.5805999125 0.0167344734375 0.576194171875 0.020734812499999998 0.5729957406249999 0.020564674999999998 0.5690392656250001 0.024152659375 0.5665281249999999 0.029725728125 0.5531918890624999 0.050186290625 0.52544931875 0.049314648437500004 0.5191929421875 0.054879335937499996 0.5112671078125001 0.0577021171875 0.509645909375 0.0595639984375 0.502495296875 0.062242204687500004 0.4993805015625 0.0646991515625 0.48738347343750005 0.067700453125 0.48430834999999994 0.0675642609375 0.477404353125 0.069812934375 0.4671035703125 0.06914118281250001 0.46456134843749997 0.062160501562500005 0.45730890312500005 0.058432134375 0.455621246875 0.055060806250000004 0.451025740625 0.049967979687500004 0.4577796421875 0.038673075 0.48566371718749995 0.0340818640625 0.491003365625 0.025010071875 0.506123778125 0.0041761171875 0.56628908125 0 0.5825170468749999 0 0.59455336875
0 0.43364411562500005 0.3085243515625 0.420671703125 0.30963873125 0.41868451718750005 0.3154299546875 0.41268220624999996 0.3649078328125 0.39547350312499996 0.410321490625 0.37502025625 0.43969527499999994 0.3725613234375 0.44992153906250004 0.39571396875 0.44103283906249996 0.40586288281250005 0.43024690000000004 0.4207426234375 0.40379844531250003 0.4257383 0.3794454671875 0.429543478125 0.3582549140625 0.43364411562500005 0.3085243515625
0 0.15881349843749998 0.8567029015625 0.1558671828125 0.8806987218750001 0.153811653125 0.9126433593750001 0.17129653281249999 0.9161900703124999 0.18547487812500002 0.8949732078125001 0.190240584375 0.8622416656249999 0.195698428125 0.8360344625 0.1946818625 0.8230306890625 0.17943455156250002 0.8296618765625 0.15881349843749998 0.8567029015625
0 0.18116254062499998 0.7415787015624999 0.1771845 0.7405301765625001 0.1730709625 0.7405851796875 0.16251204531250002 0.756646853125 0.151720884375 0.7715603343749999 0.1436151125 0.7798041046875 0.140116953125 0.793093296875 0.137780221875 0.8121244484375 0.1506142328125 0.8170600265625 0.1626922828125 0.79166568125 0.17269455625000002 0.7679761421875 0.18084838281249999 0.750219321875 0.18116254062499998 0.7415787015624999
2 1 0.29364186718749996 0.995153428125 0.2976049328125 0.9930916562500001 0.3010413890625 0.9900052859375 0.302138275 0.9751307812500001 0.327123090625 0.9706883359375 0.331251134375 0.9698594359375001 0.33533091718749997 0.9670622171875 0.33941499531249997 0.9585854890625001 0.3496889921875 0.9529399250000001 0.3529313890625 0.94748586875 0.3652983421875 0.9445440749999999 0.3678888234375 0.9403907796875 0.37500405937500003 0.935396009375 0.3943146796875 0.930532828125 0.404540415625 0.930554196875 0.40970849375 0.9285519343749999 0.4126603109375 0.92352321875 0.4349184515625 0.9020786765625 0.5668332125 0.9011181890625 0.57999788125 0.9016667359375001 0.5862145859375001 0.9043960656250001 0.58802555 0.906849234375 0.5974278015625 0.9131581656250001 0.6021380265625 0.9126267984374999 0.6037946015625 0.9172309984375 0.6090334328125 0.929984828125 0.61467544375 0.929525765625 0.6184142109375 0.927170653125 0.6215686765624999 0.928781934375 0.6244722328125001 0.9286884843750001 0.6279043953125 0.9262780562499999 0.6288383015625 0.9241865328125 0.63251708125 0.9237657953125 0.638614771875 0.920296825 0.6401566296875 0.9188812421874999 0.643672428125 0.9226351703125 0.6478229640625 0.920717975 0.65275301875 0.9260320609375 0.6548813499999999 0.9266740578125001 0.6576658921874999 0.9226695296875 0.6635695234375001 0.9182610296875 0.664750046875 0.9170834734375 0.6663272796874999 0.91719829375 0.668063196875 0.92204051875 0.6713634625 0.9202125828125001 0.675566553125 0.917036953125 0.6773904015625 0.9131300671875 0.6771566703125 0.9116889234375 0.6782095906250001 0.913181190625 0.6820824296875 0.9129050281250001 0.6896737171875 0.9091087718749999 0.6938811031250001 0.911124025 0.7015077671875 0.90897299375 0.7056711875 0.9107288499999999 0.7100683390625 0.9091946671875 0.7332475015625 0.9220208031249999 0.7409717046875001 0.918105534375 0.746148375 0.9192323796874999 0.7583394640625001 0.9216599859375 0.7652788359375 0.9404505890625 0.7725055140625 0.940144671875 0.780339121875 0.944642434375 0.7784316375 0.9457902359375 0.777096725 0.9453267578125001 0.7728582578125 0.9522391375 0.7673116656250001 0.95687728125 0.7696029765625 0.9615833140625 0.7659992453125 0.9627055562500001 0.7622014546875 0.9603588249999999 0.75994551875 0.9619487375 0.7576809953125 0.9659448828125001 0.7571877640625 0.9704468343749999 0.752575078125 0.9683423234375 0.7456753765624999 0.9723548203125001 0.7156672640624999 0.9738001562499999 0.71190914375 0.9738294968749999 0.6929727421874999 0.9768052359375 0.6874347390625 0.9773194234375 0.677904884375 0.9792663734374999 0.6727325093750001 0.9827990421875 0.6680008109375 0.988154628125 0.6243830609375001 0.9859524734375 0.623620721875 0.9840478515625 0.620435175 0.98405204375 0.6177299734374999 0.9877334781249999 0.611786671875 0.9897017984375 0.6117823765625 1 0.5279102546875001 1 0.29364186718749996
3 1 0.29364186718749996 0.995153428125 0.2976049328125 0.9930916562500001 0.3010413890625 0.9900052859375 0.302138275 0.9751307812500001 0.327123090625 0.9706883359375 0.331251134375 0.9698594359375001 0.33533091718749997 0.9670622171875 0.33941499531249997 0.9585854890625001 0.3496889921875 0.9529399250000001 0.3529313890625 0.94748586875 0.3652983421875 0.9445440749999999 0.3678888234375 0.9403907796875 0.37500405937500003 0.935396009375 0.3943146796875 0.930532828125 0.404540415625 0.930554196875 0.40970849375 0.9285519343749999 0.4126603109375 0.92352321875 0.4349184515625 0.9020786765625 0.5668332125 0.9011181890625 0.57999788125 0.9016667359375001 0.5862145859375001 0.9043960656250001 0.58802555 0.906849234375 0.5974278015625 0.9131581656250001 0.6021380265625 0.9126267984374999 0.6037946015625 0.9172309984375 0.6090334328125 0.929984828125 0.61467544375 0.929525765625 0.6184142109375 0.927170653125 0.6215686765624999 0.928781934375 0.6244722328125001 0.9286884843750001 0.6279043953125 0.9262780562499999 0.6288383015625 0.9241865328125 0.63251708125 0.9237657953125 0.638614771875 0.920296825 0.6401566296875 0.9188812421874999 0.643672428125 0.9226351703125 0.6478229640625 0.920717975 0.65275301875 0.9260320609375 0.6548813499999999 0.9266740578125001 0.6576658921874999 0.9226695296875 0.6635695234375001 0.9182610296875 0.664750046875 0.9170834734375 0.6663272796874999 0.91719829375 0.668063196875 0.92204051875 0.6713634625 0.9202125828125001 0.675566553125 0.917036953125 0.6773904015625 0.9131300671875 0.6771566703125 0.9116889234375 0.6782095906250001 0.913181190625 0.6820824296875 0.9129050281250001 0.6896737171875 0.9091087718749999 0.6938811031250001 0.911124025 0.7015077671875 0.90897299375 0.7056711875 0.9107288499999999 0.7100683390625 0.9091946671875 0.7332475015625 0.9220208031249999 0.7409717046875001 0.918105534375 0.746148375 0.9192323796874999 0.7583394640625001 0.9216599859375 0.7652788359375 0.9404505890625 0.7725055140625 0.940144671875 0.780339121875 0.944642434375 0.7784316375 0.9457902359375 0.777096725 0.9453267578125001 0.7728582578125 0.9522391375 0.7673116656250001 0.95687728125 0.7696029765625 0.9615833140625 0.7659992453125 0.9627055562500001 0.7622014546875 0.9603588249999999 0.75994551875 0.9619487375 0.7576809953125 0.9659448828125001 0.7571877640625 0.9704468343749999 0.752575078125 0.9683423234375 0.7456753765624999 0.9723548203125001 0.7156672640624999 0.9738001562499999 0.71190914375 0.9738294968749999 0.6929727421874999 0.9768052359375 0.6874347390625 0.9773194234375 0.677904884375 0.9792663734374999 0.6727325093750001 0.9827990421875 0.6680008109375 0.988154628125 0.6243830609375001 0.9859524734375 0.623620721875 0.9840478515625 0.620435175 0.98405204375 0.6177299734374999 0.9877334781249999 0.611786671875 0.9897017984375 0.6117823765625 1 0.5279102546875001 1 0.29364186718749996
