1 0.742919921875 0.3883463546875 0.743896484375 0.3899739578125 0.748046875 0.390625 0.749755859375 0.388671875 0.748779296875 0.3818359375 0.750732421875 0.3727213546875 0.751953125 0.3717447921875 0.760009765625 0.3701171875 0.771240234375 0.3733723953125 0.7958984375 0.3743489578125 0.797119140625 0.3727213546875 0.797119140625 0.3675130203125 0.794921875 0.3523220484375 0.799072265625 0.345703125 0.810546875 0.3460286453125 0.8134765625 0.34375 0.828369140625 0.3408203125 0.832763671875 0.337890625 0.833984375 0.333984375 0.82470703125 0.3284505203125 0.822998046875 0.3229166671875 0.82373046875 0.3138020828125 0.822265625 0.3108723953125 0.813720703125 0.3095703125 0.810791015625 0.3115234375 0.795654296875 0.2911783859375 0.794921875 0.2672526046875 0.796630859375 0.2581380203125 0.79345703125 0.24967447968749998 0.791015625 0.22526041718749998 0.78564453125 0.22493489531250002 0.783447265625 0.22721354218749998 0.783203125 0.240234375 0.78466796875 0.24381510468749998 0.78466796875 0.24837239531250002 0.7734375 0.2672526046875 0.77197265625 0.2757161453125 0.772216796875 0.2825520828125 0.77392578125 0.2867838546875 0.77294921875 0.3082682296875 0.76611328125 0.318359375 0.75537109375 0.3173828125 0.748291015625 0.3128255203125 0.74267578125 0.3134765625 0.740234375 0.3157552078125 0.73828125 0.3209635421875 0.728271484375 0.3369140625 0.73583984375 0.3626302078125 0.7353515625 0.3655598953125 0.740966796875 0.3743489578125 0.742919921875 0.3883463546875
0 0.71165248125 0.055416140625 0.71751089375 0.060189284375 0.7227183578124999 0.06756593281249999 0.7201146390625001 0.0732069234375 0.7214164859375 0.083187109375 0.724996640625 0.09446905625 0.719463690625 0.104015328125 0.7204401 0.11442944531250002 0.7168599703125 0.1209382640625 0.7155580984375 0.1300506375 0.7184873046875 0.13872906406250002 0.7233693062500001 0.151746703125 0.7227183578124999 0.160859009375 0.7233693062500001 0.16606606875000002 0.7324823609375 0.16866960625 0.7412699796875 0.1699713671875 0.7443422296875 0.1734285765625 0.7456441093749999 0.17950348124999999 0.7478758937500001 0.2015244671875 0.7426033375000001 0.2046487125 0.731081809375 0.2064711734375 0.7172169265624999 0.2095953984375 0.713116034375 0.2064711734375 0.706085953125 0.2067315234375 0.6955408265624999 0.21011611718749998 0.684214590625 0.2049090609375 0.68167594375 0.19918128906250002 0.67406001875 0.1924121203125 0.666151103125 0.1921524109375 0.6734741875 0.20074342031249998 0.6795278671875 0.21297999375 0.69583366875 0.217406621875 0.7075504734375 0.2135013296875 0.7171192 0.2163652265625 0.7419197640624999 0.2114185203125 0.7486817859375 0.21334933281250001 0.7521534453125 0.22578841875000003 0.7541062328125 0.2379382046875 0.7525873953125 0.2440131203125 0.7515436484375 0.2534351703125 0.755191121875 0.2497987375 0.75866278125 0.2405417375 0.7556250875 0.21797784375 0.7565440375 0.1945460765625 0.768283709375 0.1842907828125 0.76405265625 0.17214097343749998 0.7689346578125 0.16780176093750002 0.7712129156249999 0.160859009375 0.7731657109375 0.15304842968750001 0.7686091703125 0.1408986703125 0.7708874531250001 0.13222024375000002 0.7702365046875 0.1257113921875 0.772189325 0.1170329671875 0.7816278421875 0.11573120625 0.7803259953125 0.1070527796875 0.7757694546875 0.1092223859375 0.778373175 0.0966386625 0.7777222515625 0.0862245609375 0.7744675828124999 0.09229945 0.7712129156249999 0.10531708749999999 0.7647035796874999 0.115297275 0.7656799890625 0.12484354687500002 0.76340170625 0.1374272703125 0.759496115625 0.1474074890625 0.7617743734375 0.1599911796875 0.7572178328125 0.16606606875000002 0.7552650375 0.17474449375 0.74680290625 0.1665 0.7399681078125 0.160859009375 0.7298786421875 0.15955725 0.72890223125 0.1474074890625 0.7243456921875 0.1365594578125 0.722067434375 0.125277478125 0.7259730249999999 0.11833472656249999 0.7253221015625 0.10965630156249999 0.7262984875 0.104015328125 0.730529565625 0.09490298750000001 0.727925821875 0.08752632187500001 0.72955315625 0.06279280468750001 0.7171854328125 0.050209081249999996 0.718812765625 0.035455759375 0.716209021875 0.031116546875 0.710676096875 0.0194006765625 0.7019856703125 0.0147569453125 0.7070959671875 0.030248709375 0.7129543546875 0.038927134375 0.71165248125 0.055416140625
0 0.7443147531250001 0.2445721265625 0.7431430609375 0.25082058749999997 0.7435336296874999 0.26019329375 0.7421666609375001 0.2703470453125 0.7396280281250001 0.2755541 0.7409949828125 0.284666446875 0.73552715 0.27893869375 0.7353318578125 0.2745126953125 0.73240265625 0.269826346875 0.7284970546875 0.2635778765625 0.7263489765625 0.26123469843749997 0.7265442546875 0.2518620015625 0.7243961765625 0.24170824062500001 0.7222480984375 0.23806330781249999 0.7232244984375 0.24847741874999998 0.7238103453125 0.2588915296875 0.71990474375 0.25654835 0.71424161875 0.2588915296875 0.717366096875 0.26331752812500003 0.723029221875 0.264098584375 0.7259584234375 0.2680038765625 0.73044985625 0.275033403125 0.7300593015625 0.2820629203125 0.7341601796874999 0.2862285703125 0.73806578125 0.2929977390625 0.739237459375 0.3112224328125 0.73142625625 0.3075774890625 0.7154132953125 0.3031515 0.7052587375 0.29794444531250003 0.695494734375 0.2927373890625 0.684168484375 0.2896131734375 0.675185603125 0.29247703125 0.6671791234375 0.2929977390625 0.6607348749999999 0.29247703125 0.6523378328125 0.2953409171875 0.6429643828125 0.2948202203125 0.6357390265625 0.2945598515625 0.6298806234375001 0.2909149375 0.6218741359375 0.2937787953125 0.6129422156250001 0.293518465625 0.60571684375 0.29247703125 0.5975150874999999 0.2883114109375 0.5914614078125 0.2836250421875 0.5844313125 0.2833646828125 0.5789634796875001 0.2862285703125 0.5688089062499999 0.28648891875000004 0.5602165953125 0.284666446875 0.5567015484375 0.282323278125 0.5486950671875 0.28492680625 0.5436177890625 0.28753033437500003 0.5389310640625 0.28492680625 0.5340490625000001 0.28388539062499996 0.5279953828124999 0.2836250421875 0.5233086578125 0.2862285703125 0.5170596859375001 0.286749278125 0.512568253125 0.28492680625 0.5072956828125 0.28570788281250004 0.50436648125 0.28570788281250004 0.5004608796875 0.2825836265625 0.49421192343750003 0.28440611875 0.48835352031249996 0.2836250421875 0.48249511875 0.2851871546875 0.4795659171875 0.2859682109375 0.4762461546875 0.2836250421875 0.470192475 0.28414575000000003 0.46257655 0.281802590625 0.457889825 0.2836250421875 0.4509570171875 0.2812818640625 0.4450986140625 0.2825836265625 0.4425599828125 0.282323278125 0.4384590890625 0.28414575000000003 0.4298667703125 0.28388539062499996 0.4273281296875 0.281802590625 0.42322724375 0.281542221875 0.420102765625 0.2778972984375 0.41600188749999994 0.278157628125 0.40819068437499995 0.2786783359375 0.4023322828125 0.27659553593749997 0.39803611875 0.27659553593749997 0.3923754828125 0.278157628125 0.3867123578125 0.27763693125 0.382220925 0.278157628125 0.378120046875 0.27763693125 0.3706993984375 0.2805008265625 0.36562211875 0.2786783359375 0.36230235624999996 0.2797197515625 0.3558581078125 0.2828439859375 0.3525383515625 0.27945939218750004 0.3490233046875 0.2797197515625 0.342969625 0.281802590625 0.340040425 0.2797197515625 0.334572584375 0.281542221875 0.333205621875 0.27711622343750003 0.33105754374999996 0.27529377187500004 0.32558969531250004 0.27373163906250003 0.3203098375 0.27269024375 0.31464671875 0.27269024375 0.3056638390625 0.2742523359375 0.300391275 0.272429875 0.2953139890625 0.270867753125 0.2896508703125 0.27190916718749997 0.28574526875 0.270607403125 0.279301028125 0.27008671562500003 0.2758393078125 0.2687849515625 0.2670517046875 0.27477304375 0.26256027187500003 0.2721695171875 0.25943579375 0.2703470453125 0.252796259375 0.2713884796875 0.24557090312500002 0.269826346875 0.24029833906250003 0.2721695171875 0.2344399375 0.270607403125 0.229948496875 0.2687849515625 0.227605134375 0.2677435171875 0.22116089374999998 0.269826346875 0.204258228125 0.27008671562500003 0.200157334375 0.2654003484375 0.191955578125 0.2687849515625 0.1864877375 0.2674831890625 0.173013409375 0.26904528125 0.165006928125 0.2672228203125 0.15700044062500002 0.26904528125 0.14391102656250002 0.2604536421875 0.12848389843750002 0.2620157640625 0.1251641359375 0.2604536421875 0.11247092968750001 0.2635778765625 0.104269165625 0.26123469843749997 0.0995824484375 0.2627968203125 0.0711436078125 0.2586311703125 0.0465383125 0.25576729375 0.0504439140625 0.2625364625 0.0697766375 0.2635778765625 0.0977016953125 0.2677435171875 0.11722970156250001 0.26852458437500004 0.125822028125 0.26644175312499996 0.135781309375 0.2677435171875 0.1428113890625 0.26592105625 0.156090440625 0.2745126953125 0.1594101953125 0.275033403125 0.1640969203125 0.27321093125 0.1771806796875 0.27529377187500004 0.19827094843749998 0.27190916718749997 0.2041293515625 0.278157628125 0.21018301562500002 0.275033403125 0.21779895625 0.2778972984375 0.2271723765625 0.27373163906250003 0.232835515625 0.27685586406249996 0.243380628125 0.277376571875 0.24728622968749997 0.275814459375 0.2539257703125 0.278157628125 0.25880777187500004 0.2760748078125 0.2675953765625 0.281542221875 0.2773593796875 0.2745126953125 0.289076184375 0.2784179875 0.2959109875 0.27685586406249996 0.30430800625 0.2799801 0.31770780468750004 0.27685586406249996 0.3296199015625 0.2802404578125 0.33215851875 0.2877906828125 0.338798059375 0.28492680625 0.344070615625 0.286749278125 0.3511007109375 0.28570788281250004 0.353444065625 0.2903942109375 0.3661372703125 0.2828439859375 0.370042871875 0.28570788281250004 0.3811738296875 0.2825836265625 0.39464814375 0.28440611875 0.40070183750000005 0.281542221875 0.40870833281249996 0.28388539062499996 0.41788649062500005 0.2825836265625 0.42062039999999995 0.2854475140625 0.42745520312499996 0.28570788281250004 0.429408003125 0.2888320984375 0.4411248078125 0.289092446875 0.4526567953125 0.28700964687499997 0.46749807812500005 0.2896131734375 0.480581853125 0.2911752671875 0.5005004140625 0.2885717390625 0.504406015625 0.291435625 0.51280305 0.29065456875 0.5163180984375 0.2929977390625 0.530964103125 0.2896131734375 0.53779890625 0.29065456875 0.5438526 0.294039153125 0.5569363593750001 0.28700964687499997 0.5625994703125 0.2909149375 0.5729493203125 0.293518465625 0.5817369234374999 0.2903942109375 0.5889622796875 0.2883114109375 0.597749884375 0.294039153125 0.6065374875 0.29794444531250003 0.6172778906249999 0.2995065578125 0.6227457390625 0.299246209375 0.6299710968750001 0.29690302968750004 0.6460571984375 0.3002876234375 0.65933625 0.300808321875 0.6761303328125 0.3002876234375 0.6804264890625 0.29664268125 0.687261290625 0.29690302968750004 0.70132145 0.300808321875 0.7052270515625 0.30158938750000003 0.7052270515625 0.3060153765625 0.7093279453125 0.305755028125 0.7163580406250001 0.30731714062500004 0.7390105109375 0.315908790625 0.7427208515625 0.31174314999999997 0.7411586046875 0.29976690625 0.7468217140625 0.2859682109375 0.7442830671875 0.27685586406249996 0.74701700625 0.26618142499999997 0.7474075609375 0.2552465859375 0.747602853125 0.2461342390625 0.7489698078125 0.241447890625 0.7442830671875 0.23676154375 0.7449218703125 0.22662760468749998 0.74177610625 0.22947166718749998 0.742361953125 0.234158015625 0.7404091515625 0.23832365625000002 0.7443147531250001 0.2445721265625
3 0.849609375 0.3369140625 0.94580078125 0.3434244796875 0.95947265625 0.3430989578125 0.962646484375 0.3444010421875 0.974365234375 0.3440755203125 0.97509765625 0.3391927078125 0.974853515625 0.3333333328125 0.972412109375 0.3255208328125 0.967529296875 0.3216145828125 0.907004559375 0.318226628125 0.89089395 0.316057021875 0.8851982812499999 0.3132365359375 0.8623046875 0.3102213546875 0.82568359375 0.3115234375 0.823974609375 0.3131510421875 0.822998046875 0.3209635421875 0.822509765625 0.3258463546875 0.826171875 0.330078125 0.835693359375 0.3346354171875 0.849609375 0.3369140625
1 0.844482421875 0.5071614578125 0.85546875 0.5260416671875 0.879150390625 0.5582682296875 0.884765625 0.5611979171875 0.889892578125 0.5576171875 0.9140625 0.5263671875 0.940185546875 0.443359375 0.959716796875 0.3766276046875 0.9619140625 0.3577473953125 0.961181640625 0.3509114578125 0.95849609375 0.3466796875 0.955322265625 0.3450520828125 0.904052734375 0.3401692703125 0.842041015625 0.3375651046875 0.798583984375 0.349609375 0.798828125 0.3831380203125 0.802490234375 0.4182942703125 0.8046875 0.4274088546875 0.844482421875 0.5071614578125
3 0.922119140625 0.5289713546875 0.9423828125 0.462890625 0.968017578125 0.3746744796875 0.97509765625 0.345703125 0.973876953125 0.34375 0.9677734375 0.3434244796875 0.9635547531249999 0.356927884375 0.95574354375 0.3842649265625 0.9511870296874999 0.3988012875 0.94711869375 0.4131206953125 0.9441894890625001 0.42310088125 0.941162109375 0.4322916671875 0.923583984375 0.4892578125 0.914794921875 0.5257161453125 0.914306640625 0.5348307296875 0.915771484375 0.5406901046875 0.91748046875 0.5345052078125 0.922119140625 0.5289713546875
3 0 0.1793619796875 0.1376953125 0.189453125 0.782958984375 0.22623697968749998 0.802490234375 0.22526041718749998 0.8046875 0.20930989531250002 0.803955078125 0.1891276046875 0.802734375 0.1881510421875 0.78566360625 0.186020478125 0.7752486296875001 0.0176590046875 0.43806506093750003 0.00811275 0.443923471875 0.044562110937499996 0.42830105625000003 0.07146521875 0.41723520468749997 0.051504878125 0.389245040625 0.058447579687499994 0.38794319375 0.00811275 0.3495381015625 0.026337431249999998 0.34107594531249996 0.0072449203125 0.2792372546875 0.0237338765625 0.27272791875 0.0055091953125 0.1080417515625 0.0029057078125 0.10023051875 0.015055451562499999 0.10023051875 0.0280730890625 0.0859099984375 0.026337431249999998 0.0891646671875 0.055844092187500007 0.074193175 0.0705973890625 0.0501086265625 0.000302153125 0 0 0 0.14453125 0 0.1793619796875
0 0.01967885 0.26318138125 0.025862723437500002 0.2636153125 0.035301265625 0.2653509875 0.043112450000000004 0.2653509875 0.0486454 0.2627474671875 0.04571619375 0.25884216875 0.041159653125 0.25884216875 0.0291173921875 0.257974321875 0.021306184375000002 0.25580471562499996 0.01089125625 0.260143928125 0.00048827343750000005 0.25726996562500004 0 0.26752059375 0.01121671875 0.26752059375 0.01967885 0.26318138125
1 0.8379235250000001 0.7555693812500001 0.8459517156249999 0.7511696625 0.8643948343750001 0.6936027890625 0.8806681734374999 0.6360963890625 0.8818359375 0.626953125 0.818359375 0.6184895828125 0.818359375 0.63671875 0.8266406828124999 0.745733828125 0.8338009578125 0.7526765734375 0.8379235250000001 0.7555693812500001
3 0.8450838015625 0.7801582546875 0.8511591875000001 0.764537084375 0.88500773125 0.6482461765624999 0.889404296875 0.630859375 0.888916015625 0.626953125 0.875 0.654296875 0.8466796875 0.7477213546875 0.833740234375 0.7965494796875 0.8330078125 0.8030598953125001 0.833984375 0.8118489578125001 0.837646484375 0.806640625 0.8450838015625 0.7801582546875
