2 0.4482374703125 0.44174090625 0.44463574375 0.413372071875 0.43118814062500005 0.47350706093749995 0.274682553125 0.4597615421875 0.269778790625 0.46404390468749995 0.2721107296875 0.471861021875 0.3005990453125 0.49988075 0.3217724171875 0.5176930171875 0.36231579062499997 0.5032293265625001 0.37879191093750003 0.51716674375 0.3898643171875 0.501987175 0.4262679703125 0.499303465625 0.44094349218750006 0.48545039218749997 0.44987611562499996 0.46338797343750004 0.4482374703125 0.44174090625
2 0.6672255609375 0.5728177234375 0.666505290625 0.5703350734375 0.6626128671875 0.5675109546875 0.6146360734375 0.5712904859375 0.6059114218749999 0.5747606937499999 0.5641694687500001 0.6161399359375 0.5622782953125001 0.6273857140625 0.5628225046875001 0.6471361875 0.5851599515625 0.6570639984375 0.6032830109375 0.676369509375 0.614065028125 0.6796596781249999 0.624294046875 0.6785059906249999 0.627682571875 0.638598321875 0.665186384375 0.5976765656249999 0.6683711796875 0.5850417859375 0.6672255609375 0.5728177234375
2 0.7737956265625 0.4176820796875 0.7666756312499999 0.40108575 0.78130323125 0.2853060328125 0.7375737734375 0.5066910484375 0.6298102484375 0.49709366250000003 0.5911410781249999 0.4817764390625 0.5959925984375001 0.43354484062500004 0.5938114359375 0.4344123921875 0.586781546875 0.45222014843749997 0.579739015625 0.4830041484375 0.5790061015625 0.49349774531249996 0.5807888953125 0.4992013796875 0.590388446875 0.5092288625 0.6269807359375 0.5296529343749999 0.6894482015625 0.54459476875 0.7181929 0.542052021875 0.7507711296874999 0.5273451828125 0.7550068859375 0.5109402765625 0.7737956265625 0.4176820796875
2 0.9341759671875 0.5263939046874999 0.9417044140625 0.5074932875 0.9237846109375001 0.5118718078125 0.8487012828125 0.5161162171875 0.8123135343750001 0.5057200765625 0.8177161203125 0.47404088906249997 0.7975995328125001 0.489043859375 0.7943316421875 0.49267555781250005 0.7889491890625 0.5168237625 0.7885227609375 0.5270497109375001 0.7891230874999999 0.5394906609375 0.7950042109375001 0.5401917796875 0.8017321656249999 0.5398474156249999 0.8120045296875 0.53848200625 0.891949775 0.5430435250000001 0.9255982359375 0.5362184125 0.9319667453125 0.5309162171875 0.9341759671875 0.5263939046874999
1 0.8801069281249999 0.5787974625000001 0.8732773046875 0.5733522640625 0.8144282 0.6055394749999999 0.767904690625 0.618178840625 0.756207684375 0.680254440625 0.7560838875 0.68788236875 0.7783439875 0.7029304875 0.798969296875 0.698661909375 0.8245927921874999 0.648512590625 0.8513172062500001 0.6778406578125 0.8917589109374999 0.6132223125 0.8926387453125001 0.609083015625 0.8832867890625 0.5837996734375 0.8801069281249999 0.5787974625000001
1 0.6924190078125 0.5881565515625 0.7108571390625 0.6223598765625 0.7309476390625 0.645266659375 0.735589471875 0.6269513078125 0.743364915625 0.5856737125 0.7431310453125 0.5679859640625 0.7193308109375 0.5496153421875001 0.715681046875 0.549172353125 0.69280966875 0.576924621875 0.6924190078125 0.5881565515625
1 0.517958359375 0.5740365234375 0.5118847734374999 0.5720799578125 0.505580090625 0.5747333734375 0.4985986109375 0.5805708640625 0.49199515156249995 0.5881526703125 0.48842848437499997 0.596712759375 0.48237308749999996 0.626375409375 0.4737447859375 0.688104903125 0.47908545937499997 0.7005550640625 0.4934215015625 0.7082613890625 0.502420725 0.705847921875 0.50779824375 0.69933670625 0.5209985374999999 0.6595449906249999 0.52873050625 0.6126006703125 0.5296791015625 0.58817560625 0.517958359375 0.5740365234375
1 0.3567542640625 0.657247521875 0.3538808890625 0.6519776625 0.343568775 0.6441282734375 0.30538452031249996 0.6552658890624999 0.2696909046875 0.617110078125 0.2659734625 0.6169854984375001 0.2518316703125 0.6236305703125 0.250509990625 0.628674328125 0.24636287812500002 0.6986777765625 0.24675245937499998 0.70741320625 0.24962583437500002 0.7126830640625 0.27133293593749996 0.723287328125 0.3074409859375 0.7189817781250001 0.350896971875 0.7035919390625 0.35882981875 0.695627115625 0.3587351609375 0.6796329234375 0.3567542640625 0.657247521875
1 0.103080771875 0.818629321875 0.110702046875 0.6581944140625 0.10840587500000001 0.651383278125 0.100720621875 0.6440922437500001 0.0820503125 0.6344662640625 0.0776841328125 0.633870996875 0.0765297265625 0.6369535515625 0.048055421875 0.8648547453125 0.0448888171875 0.9091087390625001 0.047933318749999995 0.914747765625 0.10858993125000001 0.9276407265625 0.11356137343749999 0.9230399546875001 0.123805196875 0.8689753031249999 0.14011567187500001 0.8353736406250001 0.1238163078125 0.8212623625000001 0.103080771875 0.818629321875
0 0.142830275 0.36346194375 0.1304648609375 0.374674375 0.11936744375 0.36113645625 0.1164892 0.3690420640625 0.1254089609375 0.3853111484375 0.1321199015625 0.38567293125 0.1466629921875 0.3717293265625 0.1521893046875 0.38142141875 0.1535705609375 0.3918294203125 0.1522838859375 0.405396740625 0.1629420453125 0.41724429062499996 0.16105680312499998 0.4317490421875 0.1578537875 0.4411826578125 0.161692715625 0.45317774375 0.159368215625 0.4659921171875 0.159055890625 0.47497548749999996 0.160379934375 0.4837743296875 0.15073346406250002 0.489708984375 0.141093265625 0.499371346875 0.13678894531250002 0.5027151390625 0.140844390625 0.5136915875 0.14791868125000002 0.5029514953125 0.159360778125 0.49420446875 0.1684783703125 0.498271834375 0.182829853125 0.5002576546874999 0.19172468125 0.5016159796874999 0.19278118125000002 0.513551975 0.1871454078125 0.5363092828125 0.17607168125 0.5696221671874999 0.171976440625 0.600159671875 0.16492081875 0.6220828515625 0.1647988796875 0.647076821875 0.168434959375 0.6356059359375 0.1730901765625 0.6137048640625 0.18257855625 0.5784579937500001 0.18918246562500002 0.5473890421875 0.2002238375 0.5273777609375 0.20062575468750002 0.5067019828125 0.20936876875000002 0.482475778125 0.2185759515625 0.4748507375 0.2204611640625 0.46034597968749996 0.20689242187499998 0.469705634375 0.19633511406249998 0.4855611234375 0.1900186203125 0.4927359171875 0.182378109375 0.4911118765625 0.16879069687499998 0.4892884640625 0.166645378125 0.47871802499999994 0.1658564234375 0.46364485625 0.1684546796875 0.451421021875 0.1682194890625 0.44125659375000004 0.1654308171875 0.437469821875 0.16851935468749998 0.42481785 0.15921138125 0.40473986406250007 0.16882546874999999 0.41210678593749994 0.180935796875 0.4114868921875 0.1973379921875 0.4000678046875 0.1885514234375 0.3982001625 0.17955451718749998 0.40107885468750004 0.170118384375 0.402267175 0.1657953921875 0.39442788906250004 0.16441410781250002 0.38401988125000003 0.1568694015625 0.374431128125 0.1535779984375 0.3636170703125 0.16051914375 0.3384755359375 0.166759703125 0.31850847031249996 0.163602490625 0.307063090625 0.15856647968749998 0.2969429171875 0.156694921875 0.286962996875 0.1560142296875 0.2713804984375 0.162152740625 0.255650446875 0.161465834375 0.23634025468750003 0.16242151093749999 0.22057323750000002 0.15564237812499998 0.220605884375 0.15248559374999998 0.23162670937500002 0.154102065625 0.2521991578125 0.149701940625 0.263507671875 0.1508791296875 0.282389725 0.14942695625 0.2948571859375 0.1568758578125 0.3124106515625 0.1574992859375 0.32638395625 0.15386944375 0.3415825609375 0.14892401093750002 0.3535780765625 0.142830275 0.36346194375
1 0.11338102812499999 0.504680615625 0.101606940625 0.5201487874999999 0.10042062031250001 0.52455573125 0.10734490156250001 0.5459951234375 0.128792846875 0.5648641296875 0.1322753375 0.5672683234375 0.1365023046875 0.5661700328125 0.13619412656250002 0.5241725890625 0.135024303125 0.517933659375 0.11795024531250001 0.5043206609374999 0.1150169 0.5040299515625 0.11338102812499999 0.504680615625
1 0.9344203 0.4919419875 0.9372617 0.559975465625 0.9477787781250001 0.5418046750000001 0.9617241328125001 0.507505121875 0.9603520828125 0.47604855781250005 0.9593078796875 0.42181739687500003 0.9470537453125001 0.41531589999999996 0.9371406140625 0.463127771875 0.9344203 0.4919419875
0 0.75191746875 0.1126187890625 0.7363502343749999 0.10132479531250001 0.7226669859375 0.10746608906249999 0.7137783718749999 0.10983545937500001 0.7049855578125 0.10424013437499999 0.6831590953125 0.1017301171875 0.67169833125 0.0992940578125 0.661536696875 0.09074607031250001 0.6555325546875 0.08893752031249999 0.64058253125 0.08788915625 0.6244229703124999 0.08126029375 0.6074545890625 0.0803152453125 0.59161980625 0.072158425 0.575905746875 0.0709476390625 0.5628845499999999 0.081488359375 0.559961509375 0.09524018749999999 0.5661126234375 0.10019109531249999 0.5859902499999999 0.09864340625 0.5996672515625 0.0887744328125 0.61952635 0.0892692421875 0.636067934375 0.0959792859375 0.6600907390625 0.1069412265625 0.687539321875 0.1111785921875 0.7054435171875 0.11711358593750001 0.7196867078125 0.119608740625 0.73587238125 0.1092083 0.75191746875 0.1126187890625
1 0.2274914046875 0.361207771875 0.230289390625 0.3621352953125 0.2336249609375 0.35818518906249996 0.23878896093750002 0.3256707203125 0.23703807968750001 0.3186426953125 0.228990225 0.3189288296875 0.22602881875 0.32229288125 0.22354009062500002 0.3433954421875 0.2274914046875 0.361207771875
1 0.24472272031250003 0.2637012796875 0.247982903125 0.2554088375 0.24786789374999998 0.2477301484375 0.24458844218750003 0.24437073437499998 0.2359314703125 0.247522534375 0.2337860734375 0.2493960703125 0.2336303640625 0.2583483875 0.24472272031250003 0.2637012796875
2 0.1338706890625 0.212184328125 0.1343598625 0.2192769609375 0.13821651875000002 0.22109509843750003 0.14141672968750002 0.21778180625000002 0.1499636265625 0.1893143265625 0.14775548593750001 0.1738692796875 0.14481443125 0.168917828125 0.1415030671875 0.16688280312499998 0.1400740875 0.16890861562499998 0.1338706890625 0.212184328125
2 0.743258371875 0.78932048125 0.7399228015625 0.7932705890625 0.734859475 0.8041748984374999 0.731268603125 0.8187201203125 0.7299304281250001 0.8344097546875 0.7464360703125 0.8342574125000001 0.8023099453125001 0.821507078125 0.82584933125 0.8058773515625001 0.8338779171875 0.7939393609375001 0.8372734578125 0.7850101046875 0.8358329171875001 0.780044803125 0.833954384375 0.7783143359375 0.743258371875 0.78932048125
3 0.158159628125 0 0.1393562671875 0.129891665625 0.19462493593750002 0.1688666515625 0.2597557390625 0.1721222375 0.28038456875 0.0857495265625 0.3619655421875 0.097039590625 0.4725559921875 0.11600845468750001 0.5344476015625 0.1291639234375 0.5677088218749999 0.0848045671875 0.5528115437500001 0.000055142187500000005 0.5525521203125 0 0.158159628125 0
