0 0.2174444546875 0.6687205015625 0.225472090625 0.65752455 0.2239639328125 0.647639846875 0.22019173906249997 0.64129209375 0.2229458578125 0.628649571875 0.22568270468749999 0.62316328125 0.22497867343750003 0.61511616875 0.23603305468750002 0.60174746875 0.233537803125 0.595287996875 0.23079406875 0.5859883703125 0.232637134375 0.5629319125000001 0.23374153749999999 0.5461408624999999 0.2273775984375 0.5028151375000001 0.21787926249999998 0.48210112968749996 0.2158366359375 0.48856136250000004 0.2214414625 0.4937948109375 0.2217036609375 0.526206753125 0.224602621875 0.55934201875 0.2212168640625 0.5868262671875 0.2260831265625 0.598325115625 0.21770691874999998 0.6128904703125 0.21273018124999998 0.629543328125 0.21277842656249998 0.6448025687500001 0.2174444546875 0.6687205015625
1 0 0.18778888124999998 0.0241860625 0.1804631078125 0.045507954687500005 0.1814602875 0.070155665625 0.18001954375 0.07666579999999999 0.180881284375 0.0823423265625 0.18324725625 0.096536209375 0.183675303125 0.10145849375 0.18109770625 0.10415085625 0.16774188750000002 0.10277873906249999 0.163090925 0.092179928125 0.16330255 0.0852176140625 0.164627325 0.0005272078125 0.16010925781250002 0 0.1599911390625 0 0.18778888124999998
0 0.12440539218749999 0.0929288234375 0.1234183453125 0.09635405 0.1216098609375 0.105097990625 0.1311283859375 0.1109429875 0.129537353125 0.10011156562500001 0.15587385781250002 0.08492885781250001 0.1578894109375 0.0785517359375 0.1720533671875 0.0639570140625 0.16760124062499998 0.0571917703125 0.1706453015625 0.047862753125000004 0.1657617734375 0.0435201703125 0.1630180875 0.0342205390625 0.166949053125 0.027675840624999996 0.157306546875 0.028787525 0.154079353125 0.0350025765625 0.157851546875 0.0413503296875 0.1602880703125 0.054492700000000005 0.160046471875 0.066438428125 0.148577953125 0.075073525 0.1478808046875 0.0818122953125 0.1380792171875 0.0874396578125 0.134024009375 0.0925642796875 0.12440539218749999 0.0929288234375
3 0.18207066249999998 0.2549342015625 0.2169535875 0.23693686249999998 0.22418516249999998 0.226446525 0.22768012031249998 0.21246721562499998 0.2269738265625 0.1994914609375 0.221325290625 0.18885601406250002 0.2033489625 0.184386953125 0.21486461562499998 0.1738397921875 0.2095267359375 0.152047559375 0.22720638593750003 0.1384172078125 0.25014371875 0.141133246875 0.2660097625 0.0834472671875 0.2559148171875 0.059998325 0.252029778125 0.056044317187500005 0.20290335 0.024082670312500002 0.1917280890625 0.025060378124999998 0.183923553125 0.0314683953125 0.17266562968750002 0.07563094687500001 0.1646697421875 0.13501388125 0.160979059375 0.2246625828125 0.1597940578125 0.2454355484375 0.18207066249999998 0.2549342015625
0 0.209816634375 0.1147312390625 0.2212333953125 0.09815094375 0.2287962140625 0.09144748593749999 0.22478360468749997 0.08480278125 0.22618252499999997 0.0811825171875 0.22933925156249999 0.07804443125 0.225492296875 0.07329317656249999 0.22482967656250002 0.06571940468750001 0.21297809375 0.06262242812499999 0.222586384375 0.054786054687499995 0.2244928390625 0.04652596875 0.20752744375 0.0640532703125 0.216797471875 0.0670581125 0.2224459734375 0.07769355 0.2159829296875 0.0871626859375 0.22022792500000002 0.0915611328125 0.20382987031250002 0.114937028125 0.207444440625 0.121934540625 0.20334205 0.12897123125 0.211839021875 0.1231400109375 0.209816634375 0.1147312390625
0 0.2163332203125 0.15980133125 0.223824753125 0.147380309375 0.2194140734375 0.1410884265625 0.22175862500000001 0.133569546875 0.2137034109375 0.13772146875 0.21316731562500002 0.1432248921875 0.2151345171875 0.15100251250000002 0.206626003125 0.1616045671875 0.196470115625 0.1729867296875 0.190925096875 0.1782416921875 0.1764298484375 0.189049534375 0.185080965625 0.18988260625 0.19548533437499999 0.1813406109375 0.20181491875000002 0.1801508640625 0.2163332203125 0.15980133125
0 0.154020084375 0.24666368749999998 0.1559113796875 0.238866478125 0.16148400937500001 0.23392710781249998 0.16061661562500001 0.2289151515625 0.152690290625 0.2216589 0.15477485 0.21607070625000002 0.140912390625 0.199794115625 0.1411171640625 0.197232290625 0.153732625 0.1894508015625 0.1524119765625 0.18416052656249998 0.1233686296875 0.18065970468749998 0.12502754062500002 0.1751087515625 0.1202901078125 0.17488724375 0.1187140234375 0.18138491406249999 0.10481594999999999 0.1802473515625 0.10398180312500001 0.18458175937500002 0.146756521875 0.188153203125 0.14359979375 0.191291275 0.134141059375 0.195934678125 0.1356825796875 0.2037495390625 0.1478424203125 0.22017509062500001 0.1486270171875 0.22424030312499998 0.15448029375 0.23231391562499998 0.1500350828125 0.2403345640625 0.154020084375 0.24666368749999998
3 0.122690065625 0.23314356875 0.1308327078125 0.233067159375 0.1341266609375 0.21616911718749998 0.13443385624999998 0.21232543593750003 0.1311252671875 0.2076053421875 0.0974614671875 0.2236708109375 0.09551638125 0.22718069062500001 0.0784492328125 0.31526764531249996 0.063648296875 0.42558006718749997 0.0630546171875 0.43350416718749996 0.06436460000000001 0.43744491406249997 0.0925124375 0.43188114375 0.100458475 0.4197355390625 0.11335535625 0.32744904531249996 0.11620382656249999 0.3109823859375 0.11006294999999999 0.30452389375 0.1143287734375 0.2650380203125 0.1148120046875 0.2411465609375 0.122690065625 0.23314356875
3 0.1402445453125 0.105900715625 0.12593500468750002 0.10047322656249999 0.1147459984375 0.116003709375 0.1073817296875 0.1605412625 0.107468059375 0.168882971875 0.11254229375 0.1827520546875 0.1335725703125 0.19880341875000002 0.1380219625 0.198175596875 0.1483394203125 0.1910706265625 0.15088166875 0.18703140468749999 0.15814072968749998 0.15967868125 0.1580664953125 0.15515271875 0.1483287859375 0.12475456250000001 0.1402445453125 0.105900715625
1 0.2406929859375 0.85183751875 0.2586049875 0.8359609109375 0.272869034375 0.8151566484374999 0.28744024375 0.7905096281249999 0.2859079390625 0.7729953078125 0.2816733609375 0.746654690625 0.265355896875 0.736634696875 0.22887966093749998 0.738871975 0.192453778125 0.7416842578125 0.1846436453125 0.733304859375 0.1967678984375 0.717457640625 0.20159624687500002 0.6917550765625 0.2049405890625 0.66379745625 0.196284915625 0.65310710625 0.1786559296875 0.657511346875 0.17666452500000002 0.6715180953125001 0.16362917187499998 0.676951409375 0.169092440625 0.6879210234375 0.169116590625 0.6955506671875 0.16189308125 0.7085842015625 0.1536584265625 0.717413365625 0.12939615468750001 0.7195360390625 0.123749915625 0.7138292468749999 0.11384142343749999 0.7108802421875 0.0946456 0.712082675 0.08653514062499999 0.7223319203125 0.0828112171875 0.7312434234375 0.06823315156250001 0.7411045406250001 0.0633150921875 0.7510744875 0.064805984375 0.7681154718750001 0.067142415625 0.7874673828125001 0.0692303875 0.8039791359375 0.0643364765625 0.8215787171875 0.059011143749999995 0.8416009828125001 0.0534787578125 0.8592563703125 0.0503173609375 0.8819511906249999 0.049378565624999995 0.90063569375 0.0496994671875 0.926364740625 0.05934223125 0.933629815625 0.0748728140625 0.9346559843750001 0.1075526859375 0.918441346875 0.1410435625 0.91885014375 0.16156462656249998 0.9327952578125001 0.1807500640625 0.9535349656250001 0.2029967359375 0.9577894359375 0.216712021875 0.9527736203125 0.23234955781250002 0.9623761515625 0.24403202343750002 0.970893740625 0.2471070171875 0.9839802343749999 0.242047453125 0.9996863859375 0.28941035312499996 0.9968711718750001 0.3159228984375 0.9616397828125001 0.3530066234375 0.936931115625 0.36945183125000003 0.91164318125 0.36309472343750004 0.8831033265625001 0.334066378125 0.8675175859375001 0.29585764999999997 0.8646596343749999 0.2610725421875 0.8715187999999999 0.2427809359375 0.8683492718749999 0.2406929859375 0.85183751875
3 0.232728090625 1 0.21034635625 0.9801302453125 0.191116040625 0.966231209375 0.1609279078125 0.9380631484374999 0.14410893125 0.9407273703125 0.12935069375 0.9448811515625 0.10215560625 0.961334884375 0.0763056140625 1 0.232728090625 1
3 0.6926762578125001 0.844680278125 0.68027443125 0.8431667796875001 0.6964702484374999 0.8831430156250001 0.7114692390624999 0.9222153796875 0.7350647015625 0.9811058718749999 0.7465383296875 0.979883165625 0.730522390625 0.938991821875 0.7238683859374999 0.9217665875 0.714533996875 0.8984160859375001 0.7059289859375 0.8784996125 0.6926762578125001 0.844680278125
1 0.6575432734375 0.804657328125 0.6522652 0.7933535015625 0.65988326875 0.7872811890625 0.7004399375 0.8047202265625 0.695508803125 0.7856155796875 0.6871881156249999 0.76773661875 0.66965631875 0.7659307484375 0.6624165296875 0.7721140734375 0.6548260703125 0.7785019671875 0.64348299375 0.7763144671875 0.635743975 0.7791553578125 0.6280844234375 0.7872205421875 0.611474396875 0.8180154234374999 0.6094741421875 0.8356045984374999 0.610290521875 0.8412583828125 0.620474496875 0.846695096875 0.621636446875 0.8354638203125001 0.64677114375 0.8573893187499999 0.6539612875 0.858668665625 0.656474209375 0.8579717125 0.6652394375 0.8485024718749999 0.6604100640625 0.8276197171874999 0.6575432734375 0.804657328125
0 0 0.1999480625 0.022382028125 0.2265383734375 0.06884485625 0.2771675140625 0.0651313921875 0.26413686875 0.04177344375 0.2324735875 0.011605012500000001 0.20140615624999997 0.007372259375 0.1868641671875 0 0.1961512828125 0 0.1999480625
3 0.1511120671875 0.5726676328125 0.1311254875 0.609623646875 0.11684634687499999 0.6719268046875 0.1217424796875 0.6886698390625 0.13989600625 0.6902615015625 0.16908435625 0.6807121015625001 0.178936575 0.6658586453125 0.1822222015625 0.644583890625 0.1746433953125 0.5873729453125 0.1702995125 0.576941378125 0.1511120671875 0.5726676328125
3 0.060001218749999995 0.744755503125 0.07226468593749999 0.7182434625 0.073682071875 0.6952242515625 0.06996854375 0.6821936125 0.067239828125 0.6608090765625 0.081505346875 0.5101061359375 0.080069671875 0.49369629374999996 0.0748192078125 0.48270804843750004 0.0651235359375 0.4797404515625 0.0527342546875 0.484705825 0.04156745 0.5536669187500001 0.029874450000000004 0.625919434375 0.0231927578125 0.66720661875 0.0195619078125 0.7139506546875001 0.026823756250000004 0.8284274109374999 0.054267351562499996 0.8164867359375 0.06112387500000001 0.796807521875 0.0613585890625 0.7700758750000001 0.060001218749999995 0.744755503125
