3 0.6993008296875 0.35996687656250004 0.6929542109375 0.387318784375 0.506461734375 0.46807191093749995 0.49083932499999994 0.4980287703125 0.4932803265625 0.502587396875 0.8511310812499999 0.36257182656250003 0.8491782734375001 0.34824469687500004 0.8042638703125 0.356059475 0.7281046109375 0.382760109375 0.734451228125 0.2740038234375 0.748609040625 0.1658987890625 0.75007361875 0.08579685000000001 0.7022300234375 0.1105437953125 0.702718215625 0.170457428125 0.7061356015625 0.24013961250000002 0.6993008296875 0.35996687656250004
1 0.669921875 0.3375651046875 0.673583984375 0.3349609375 0.67919921875 0.3258463546875 0.6826171875 0.2991536453125 0.6845703125 0.2662760421875 0.68408203125 0.255859375 0.666015625 0.21647135468749998 0.662353515625 0.21158854218749998 0.660888671875 0.21256510468749998 0.657470703125 0.22298177031250002 0.64404296875 0.283203125 0.64599609375 0.330078125 0.657958984375 0.3401692703125 0.669921875 0.3375651046875
1 0.3623046875 0.4078776046875 0.364990234375 0.4039713546875 0.369873046875 0.388671875 0.368896484375 0.380859375 0.364990234375 0.3772786453125 0.356201171875 0.376953125 0.35205078125 0.3785807296875 0.347900390625 0.3841145828125 0.346435546875 0.3889973953125 0.349609375 0.396484375 0.361083984375 0.408203125 0.3623046875 0.4078776046875
3 0.2375633234375 0.48442707656249995 0.23287658281249998 0.5188122875000001 0.213739159375 0.568306203125 0.213739159375 0.6172790390625 0.20944297343749999 0.6349926453125 0.22311257968749998 0.644370446875 0.23990667812500002 0.6615630328125001 0.24654618906249998 0.668856875 0.26216859375 0.6792766390625 0.3316883140625 0.655311190625 0.33736520312499996 0.6265476828125001 0.3397085890625 0.5994563140625 0.34517640625 0.592162471875 0.3486914546875 0.5796587484375 0.3483009 0.5655920828125 0.338536896875 0.540584634375 0.33189738593749996 0.5067204046875 0.3346312953125 0.48015001562500004 0.33306904843749996 0.446806765625 0.3315068015625 0.41346353437500005 0.3377557875 0.40564871093750005 0.340489696875 0.373347440625 0.3365840953125 0.3493819828125 0.331116246875 0.32541652499999996 0.3256484 0.3493819828125 0.3162749796875 0.365011628125 0.3096354390625 0.37074250000000003 0.286592384375 0.3624066875 0.27214167031250003 0.3660535984375 0.25791014687499997 0.37252604218749996 0.252404590625 0.383876353125 0.24654618906249998 0.38648129375 0.2375633234375 0.48442707656249995
0 0.4858942375 0.54820885625 0.4677610875 0.5571400875 0.46664519687499995 0.56421063125 0.48477834687500004 0.55453514375 0.48561527031249996 0.562722103125 0.48728909531250003 0.57574680625 0.48422041250000003 0.5898879125 0.47891994843749996 0.5880272390625 0.46273961249999995 0.5872829687500001 0.45241765312500004 0.5943535265625 0.4401429109375 0.595469928125 0.43177376562500003 0.602912615625 0.43958496562500005 0.604029015625 0.4526966296875 0.600307671875 0.4607867984375 0.5962142 0.474735375 0.5943535265625 0.47445640781250004 0.5995634 0.48087276250000005 0.598074871875 0.5009587046874999 0.5854222953125 0.5135124234374999 0.586538696875 0.539456784375 0.5675598468749999 0.54001471875 0.5634663609375 0.524671284375 0.5679319765625 0.513791390625 0.57574680625 0.5004007703125 0.5798402796875 0.4897998421875 0.584678025 0.4925895578125 0.5723975921875 0.492310590625 0.550069528125 0.49454235 0.5418825671875 0.49677413125000003 0.5296021343749999 0.49900591250000004 0.516205309375 0.4931474921875 0.5173216953125 0.4931474921875 0.5303464 0.4858942375 0.54820885625
1 0.484619140625 0.6051432296875 0.499755859375 0.599609375 0.508056640625 0.5914713546875 0.510986328125 0.5826822921875 0.5087890625 0.5797526046875 0.498291015625 0.5758463546875 0.48583984375 0.5771484375 0.43896484375 0.5940755203125 0.43701171875 0.5953776046875 0.43310546875 0.6044921875 0.4326171875 0.6070963546875 0.435302734375 0.6103515625 0.47119140625 0.6080729171875 0.484619140625 0.6051432296875
0 0.5695856984375001 0.5922910171875 0.564843190625 0.6023386484375 0.5707015890625 0.6004779765625 0.5743282265625 0.5937795609375 0.5729333703124999 0.587825415625 0.5804655921874999 0.58187125625 0.5854870890625 0.575544975 0.59608799375 0.5681022875 0.580744559375 0.57182363125 0.5679118734374999 0.5852204640625 0.5695856984375001 0.5922910171875
1 0.8154132984375 0.3478701078125 0.8185377921875 0.33276146406249996 0.8232245015625 0.3374503453125 0.8310357046875 0.3374503453125 0.8357224453125 0.319736759375 0.8259584406249999 0.32286272031249996 0.8138510828125 0.3041071140625 0.8017437078125 0.31348489687500003 0.79783810625 0.343702246875 0.8087737875000001 0.343702246875 0.8154132984375 0.3478701078125
1 0.958800884375 0.244339240625 0.9490368796875 0.25736394375 0.9436666859375 0.2749473 0.92804429375 0.286018303125 0.9260914859374999 0.2775522625 0.9207212921875 0.2612713828125 0.9148628671875001 0.2586664203125 0.9163274828124999 0.28536706562499997 0.897775859375 0.2879720046875 0.8826416609375001 0.29643805625 0.8675074625000001 0.3179288140625 0.8684838484374999 0.33160476875 0.88801185625 0.3361634203125 0.9378082984375 0.3159751140625 0.9636828859375 0.3101140109375 0.9734468906249999 0.2905769546875 0.9768643140625001 0.26973741093750003 0.9841873171875 0.267132471875 0.9988333218750001 0.267132471875 0.998657215625 0.2158203125 0.9807698921875 0.20787006562500002 0.9685648875 0.21438241875 0.9602655 0.22610465937500002 0.958800884375 0.244339240625
1 0.8249082546875 0.2228484828125 0.8224672546875 0.205916365625 0.8224672546875 0.189635484375 0.8166088296874999 0.17986695625 0.8092858265625 0.1785644875 0.808309440625 0.1948453609375 0.81270325 0.20656760312500003 0.8146560578125 0.2241509578125 0.814167828125 0.244339240625 0.8249082546875 0.2228484828125
