1 0.3869637640625 0.9812840515625 0.3880920796875 0.9846194171875 0.39331402031249996 0.983996609375 0.43096124687500004 0.9944211562499999 0.4379855109375 0.9946182828125 0.44330863281250005 0.99267456875 0.45067030625 0.9868960328125 0.45506828906249996 0.9695392500000001 0.46418230156250007 0.9581641796874999 0.471795915625 0.96087825 0.475232465625 0.95842903125 0.4816859296875 0.9362309484375 0.49602228750000005 0.9195151234375001 0.5015477749999999 0.9149296015624999 0.5030981546875 0.9072569296875 0.499999015625 0.9037304859375 0.5048509 0.8969424484375 0.5080177640625 0.8964429921875 0.5142845796875 0.8900340859375 0.5230305609375 0.848904053125 0.521516475 0.8262560921875 0.5238416406249999 0.8194650328125 0.5232019 0.8152495671875 0.5106707015625 0.7997597 0.50398263125 0.80774075 0.49951854375 0.8102516468750001 0.4959634765625 0.819746190625 0.4539521296875 0.824665475 0.4498258578125 0.8164827609374999 0.447484571875 0.814844403125 0.44709758437499997 0.8096856499999999 0.4413540171875 0.8037656156249999 0.43660371875 0.8045148 0.42694912343749997 0.8339432359375 0.42066375625 0.8602304046875 0.416906728125 0.8676488125 0.41618111718749995 0.8826195640625001 0.413974065625 0.8870832468750001 0.4122803765625 0.8962340375 0.4094583734375 0.9020494609374999 0.4097780421875 0.906516165625 0.40799224531249995 0.9094077031250001 0.4042525546875 0.9111016875000001 0.3929331109375 0.9080686515625 0.3848986453125 0.9022087796875 0.3823554 0.8984942828125 0.37081625625000003 0.9038274796874999 0.36956942187499997 0.9075374390625001 0.36783239375 0.9309992843750001 0.3728011765625 0.936037709375 0.37675773125 0.9590031234374999 0.3747361125 0.9618314703124999 0.37529160156249997 0.966361365625 0.3765210984375 0.968375828125 0.385325109375 0.97073485625 0.3883791 0.9769452328125 0.3869637640625 0.9812840515625
1 0.39694896874999996 0.8289377546875001 0.395769859375 0.8286218140624999 0.392906946875 0.8204406109375 0.3933620640625 0.8168555156249999 0.3869110328125 0.8107459140625 0.3780001953125 0.8100432828124999 0.36991453124999996 0.8119207828125001 0.3675897703125 0.8139938984375 0.3515349359375 0.83429330625 0.35810408125 0.838075528125 0.3926348328125 0.8506980546875 0.39957484375 0.8512096093749999 0.4073912296875 0.8465639234375001 0.422468915625 0.8280247125000001 0.424541328125 0.8221769390624999 0.4242720484375 0.8194087531250001 0.4130021828125 0.8275101328125001 0.39694896874999996 0.8289377546875001
1 0.329757921875 0.7957687890625 0.32098334375 0.7775784625 0.31887869062499996 0.7665673984375 0.3117032609375 0.7612747078125001 0.3045274265625 0.760699965625 0.2955831328125 0.7572923375 0.2905458140625 0.76571570625 0.28869229218750003 0.7726331453124999 0.2894096953125 0.7878782156249999 0.2865509390625 0.796660659375 0.28714029218750003 0.799177603125 0.29810539375 0.8091927765625 0.31179958124999996 0.8165691671875001 0.3158928015625 0.8173289390624999 0.32162024843750003 0.81481955625 0.324534765625 0.8105454390625001 0.329757921875 0.7957687890625
3 0.291745009375 0.92442889375 0.290279284375 0.9270691890625 0.29403550156249997 0.9290866765624999 0.29790983125000003 0.928776784375 0.30939737031250003 0.9358989093750001 0.30932964531249996 0.939924809375 0.305100975 0.9472168406250001 0.31239451875 0.9501821500000001 0.31759952812500003 0.9505658171875 0.3415686890625 0.9620433937499999 0.36257375468749997 0.9666606718749999 0.36626305625 0.9632681671875 0.374231821875 0.9495642046875 0.3756471578125 0.9452253859375 0.3752263078125 0.942079584375 0.37140277187500004 0.9393700515625 0.36837135625 0.93181770625 0.3692985234375 0.9236410421875 0.3662336515625 0.9133837 0.3683737875 0.9035100249999999 0.37277055468750003 0.9003070843750001 0.3767295421875 0.894964815625 0.37950901406250004 0.894024553125 0.386112021875 0.8957938249999999 0.3898513078125 0.8988177875 0.393371296875 0.9054900312499999 0.3954263734375 0.90536668125 0.40002469375 0.9089578250000001 0.4082111359375 0.910477365625 0.4151366484375 0.883687715625 0.4125260828125 0.879281171875 0.3982090875 0.8666828421874999 0.3969461328125 0.8619633828125 0.3722191171875 0.8485977203124999 0.3573962109375 0.8426039109374999 0.331068428125 0.835212396875 0.3257791671875 0.8351431609375 0.32242686875 0.8372779515625 0.3113238859375 0.8636222609375 0.29830249062499997 0.8678842796874999 0.2839665375 0.879882159375 0.2786099578125 0.8791208765625 0.2712144234375 0.8869123625 0.2673231609375 0.8882287312500001 0.2713486578125 0.8930144015625 0.281455534375 0.8930265000000001 0.2917623453125 0.9187044703125 0.291745009375 0.92442889375
1 0.3001556078125 0.8656847890625 0.30943731093750004 0.8631167546875 0.3189375015625 0.8663363296875 0.3219866578125 0.86344630625 0.324935846875 0.84772334375 0.3241110796875 0.840425265625 0.32091156718749997 0.8287838328125 0.3167848890625 0.8253190640625 0.29060908125 0.8135872234375 0.2810919609375 0.811374121875 0.27236453125 0.832625890625 0.2674275859375 0.84916425 0.26816769687500003 0.86149470625 0.264983496875 0.8677185843749999 0.26801491093749996 0.8752709296875001 0.2756454578125 0.8769785234375 0.28565155781249996 0.8735935781249999 0.28839716718749997 0.8746662671875001 0.2938887921875 0.8720936968749999 0.2974434546875 0.867317096875 0.3001556078125 0.8656847890625
3 0.7403591328125 0.6877474859375 0.763942115625 0.6846304171875001 0.780315809375 0.6782336078125 0.8099471218750001 0.6629200203125001 0.8309034203125 0.646966990625 0.82285161875 0.646831540625 0.82046035 0.6387767140625 0.8099664843750001 0.6336058640625 0.7545967390625 0.6440448828124999 0.7472528078125 0.63938105 0.7379384578125 0.62980819375 0.7138177265625 0.617953 0.6995341875000001 0.6080596671875 0.695761040625 0.6070486546875 0.6939583125000001 0.6109466671875 0.694126409375 0.6150357546875 0.682452625 0.6189848578125 0.6806672328125 0.6171584484375 0.6793869421875 0.6181634109374999 0.678931825 0.62174850625 0.6729681515625 0.6289126484375 0.6732196890625 0.6421232015625 0.6629608359375 0.6464514343750001 0.677496721875 0.6601194265625 0.696850225 0.6737302828125 0.7040760421875001 0.68072149375 0.7124475109375 0.6853236500000001 0.7265468328125 0.6826984765625 0.729225121875 0.6830791171875 0.7324927640625 0.6859767031249999 0.7403591328125 0.6877474859375
3 0.6024808671875 0.5335257375 0.62760459375 0.43881942656249995 0.622922021875 0.4355427109375 0.6207157796875 0.43057049843749995 0.6215244281250001 0.42943915937500005 0.6013622765625 0.41695964375 0.509545396875 0.3691041109375 0.4950425625 0.36285906093750003 0.46625619062499996 0.3467206765625 0.46256729375 0.3453952359375 0.4600909625 0.3470907328125 0.45387372656249997 0.3646340546875 0.433536590625 0.42827054843749995 0.428683490625 0.4492124265625 0.430636978125 0.45512792500000004 0.4713321453125 0.47681628906249995 0.5035719984375 0.48949897968749995 0.5325099421874999 0.50601498125 0.574889725 0.5261327125 0.5962987078124999 0.53490226875 0.60056043125 0.53503318125 0.6024808671875 0.5335257375
3 0.395308521875 0.31625217031249997 0.392798328125 0.3199606171875 0.38786259843750004 0.3223451375 0.34759508125 0.4207447734375 0.3516544390625 0.4235174953125 0.4123614015625 0.44315391562500006 0.41837627499999996 0.428252403125 0.43116508906249995 0.38618361874999996 0.44941207031249997 0.33883726875 0.446548753125 0.3353740125 0.4342525640625 0.329383228125 0.40169263906249997 0.316951778125 0.395308521875 0.31625217031249997
3 0.337751 0.4989880109375 0.36893228749999996 0.4807197 0.3821890984375 0.481238815625 0.389971621875 0.47860607968749996 0.3968443140625 0.47842558906250005 0.40530125000000006 0.468559475 0.41485344843750005 0.454605784375 0.41396095468749994 0.45133360624999996 0.411855490625 0.4497584375 0.3719012453125 0.430964634375 0.359082621875 0.4278668984375 0.3351969015625 0.4255107859375 0.32224323125 0.42574690468750004 0.29914882187499997 0.42798387499999996 0.28386998750000003 0.4350110546875 0.26057240312499996 0.4493257265625 0.2527721390625 0.46240083125 0.24992453750000002 0.4720849421875 0.2563417078125 0.4802074921875 0.2830403578125 0.48432833906250006 0.29968251874999996 0.4901356078125 0.3013163390625 0.4915844 0.30153482343750004 0.4973720109375 0.30261275 0.49900885625 0.332107803125 0.501182965625 0.3349038015625 0.503954175 0.337751 0.4989880109375
3 0.45061004843749997 0.511704296875 0.4545178359375 0.5140994 0.4936481234375 0.51615923125 0.49811221093749997 0.513648334375 0.4955185765625 0.5082353171875 0.48172401875000004 0.49274393749999995 0.47997289375 0.48418663124999994 0.4637016 0.47510869375000003 0.444768540625 0.4693615890625 0.443168178125 0.4706177921875 0.44626691249999995 0.4788621828125 0.43939945781249995 0.4834251296875 0.43181365625 0.4837515484375 0.432588440625 0.48463315937500007 0.4318128453125 0.49318744062500003 0.4276015125 0.49475505000000003 0.4359056609375 0.4986651609375 0.44266064531250005 0.4960941 0.44453028906250003 0.49760608125 0.4473093546875 0.501383765625 0.44446175312499997 0.5110678765625 0.4455566109375 0.511698246875 0.45061004843749997 0.511704296875
3 0.1902466453125 0.6306623515625 0.1914592109375 0.633683290625 0.1926721828125 0.63198628125 0.21271784062500002 0.6279213890625 0.2181421453125 0.6246567703125 0.22041651718750002 0.6208851359375 0.22063621875 0.6125189046874999 0.22264090625000002 0.61069703125 0.2251007109375 0.6052900625000001 0.22924472499999998 0.603030409375 0.227156596875 0.5957308171875 0.2210256375 0.589369975 0.2195099296875 0.585593803125 0.2143557140625 0.5821907109375 0.195897809375 0.5739594515625 0.1983036546875 0.562465740625 0.21110743437499999 0.54997896875 0.2096425203125 0.543183371875 0.21004725 0.5378997546875001 0.20401706718749998 0.53493595625 0.20181042031250002 0.534681690625 0.19685775781249998 0.538072684375 0.190355121875 0.544418403125 0.148390515625 0.59349773125 0.1408430046875 0.6056295484375 0.14144928750000002 0.6071400171875 0.1429654 0.60619824375 0.1472940375 0.6117391484375 0.1463168890625 0.6134993468750001 0.14724324375 0.614758575 0.1532230390625 0.6160238515625001 0.1760634796875 0.6288840078125 0.18649042968750001 0.628644865625 0.1902466453125 0.6306623515625
0 0.7209837125 0.0631619328125 0.7092377578125 0.06675814218750001 0.6994448921875 0.07312552343749999 0.6900103734374999 0.0831854859375 0.68077944375 0.0874555921875 0.6774108953125 0.0874521171875 0.6757146625 0.096395965625 0.6866158109375 0.09711165625 0.7009695625 0.082525428125 0.7115035859375001 0.0759070796875 0.7243050453125 0.0721441296875 0.7343895093749999 0.06720356875 0.7485168921875001 0.059749790625 0.763362590625 0.05338759375 0.74618425 0.04833514375 0.73212369375 0.058054685937499996 0.7209837125 0.0631619328125
