0 0.5582873984375001 0.284166778125 0.6366885109375 0.28417219375 0.689646590625 0.3056406765625 0.7473529437499999 0.3116571203125 0.7185268984375 0.2910139203125 0.692268821875 0.26106474999999996 0.615103665625 0.204554159375 0.5779991625 0.170066453125 0.5704061484375 0.208687025 0.557179559375 0.223530721875 0.6399802218749999 0.268974475 0.591974709375 0.2652181453125 0.51804506875 0.26362350625 0.4392921109375 0.24326407031250002 0.47933175468749994 0.195799403125 0.43093831875 0.1952024515625 0.4037961 0.2421127171875 0.3690219625 0.26991284531250004 0.3096707171875 0.2540734015625 0.24776975 0.23578288593750002 0.115986203125 0.24098196718749998 0.1259622703125 0.264222784375 0.163379359375 0.2613340015625 0.21944079218749998 0.2575276921875 0.2559530484375 0.262010834375 0.2925767515625 0.277197446875 0.3474562296875 0.2946258328125 0.406197015625 0.2922175109375 0.5078432546875 0.2886630484375 0.5582873984375001 0.284166778125
1 0.8198488640624999 0.45391949687500005 0.809548390625 0.465691384375 0.7997834765625 0.473101496875 0.7938912984375001 0.4743458203125 0.7911747484375 0.4737662953125 0.7884751718749999 0.47171301093749995 0.7852400359375 0.4740215015625 0.7879396125 0.47607478593749997 0.7916424171875 0.47529956249999994 0.7957236328125 0.47678456875 0.800995390625 0.48727082343749994 0.8061012046875 0.49109540156250003 0.8112623328125 0.4971405375 0.8142213078125 0.5024233359375 0.8147740453125 0.5059348406249999 0.8213465640625 0.511169378125 0.82245623125 0.5154871875 0.8262143515625 0.516932521875 0.8346361765625 0.5231320484374999 0.8386155578125001 0.53345961875 0.8385476687500001 0.5393546609375 0.8415959031250001 0.5439104953125 0.8416428359375001 0.5515414546875 0.839661940625 0.5596613500000001 0.8420556015624999 0.56954824375 0.8394029578125 0.5751259171875 0.8399259421874999 0.5788797437500001 0.8419793312499999 0.5808536859375 0.85721589375 0.5876439828125 0.8660668390625 0.582335415625 0.8669296828125 0.5753081109375 0.8931849890624999 0.5618056203124999 0.899646878125 0.562599040625 0.9075159656249999 0.5652870625 0.9118649609375 0.56459118125 0.916864334375 0.5612694421875 0.9183691765625 0.5570266796875 0.9192701578125 0.5443466546875 0.9759592125 0.493995234375 0.9770303296874999 0.48527168437499996 0.9746580375 0.4805528703125 0.9693439515625 0.4784245375 0.9609434968749999 0.47739309218750003 0.9569134046875 0.48083384375 0.9531255312500001 0.4796308296875 0.9498903953125 0.48193931875 0.9452224984375001 0.4798903296875 0.9414090640625 0.476224434375 0.9345092578124999 0.47365542656250004 0.931452640625 0.4745099921875 0.9089546296875 0.4520696578125 0.9052560156249999 0.4501396796875 0.9011578281249999 0.450128434375 0.8980331156249999 0.44753100156250003 0.9009874859375 0.43682491875 0.8982325921875001 0.432551075 0.8985045625 0.42766498750000004 0.897420459375 0.42581005781250003 0.8961280796875 0.4256513734375 0.8942745828125 0.427391584375 0.888875428125 0.423285015625 0.8825581124999999 0.423985190625 0.8806790531249999 0.4232625234375 0.8777498328125001 0.41773740468750004 0.8744040671875 0.4156047765625 0.8683629140625 0.408713665625 0.8598476375 0.4059463015625 0.8570248546875 0.4075675 0.85451259375 0.41734397031250003 0.8450749656250001 0.42208855312500004 0.8442163125000001 0.42641065781250004 0.8384772984375 0.4330852171875 0.836292321875 0.440196159375 0.829584025 0.44675170625 0.828580796875 0.4495802140625 0.824580459375 0.45277864531249995 0.8226716453125 0.4522982984375 0.8198488640624999 0.45391949687500005
1 0.3526752453125 0.38302921562500003 0.3574282109375 0.38705644375000003 0.383352865625 0.41631284218750003 0.3820181609375 0.4245120796875 0.3821333953125 0.444942078125 0.389645446875 0.4505379484375 0.3940200015625 0.452304946875 0.39574610468750004 0.45694442031250004 0.396205390625 0.4638880875 0.4060813484375 0.4796131734375 0.408683284375 0.48780382031249997 0.41253066406250005 0.48852219375 0.4274948421875 0.48150449687499997 0.4296161203125 0.4775833984375 0.4292460921875 0.46991276718749997 0.4268398578125 0.46814147500000003 0.425407096875 0.46378399375 0.42115155312499997 0.4610477125 0.42157648124999997 0.4522448203125 0.432684896875 0.4499191515625 0.43711895937499995 0.45120150781249996 0.4431131796875 0.45046166093749995 0.44553198906249997 0.44411735312499995 0.446224696875 0.43313357343750003 0.43269705781249995 0.42310947031249996 0.43102627031249996 0.42069055625 0.42280852500000005 0.41549998437499996 0.4209336578125 0.41207211718750003 0.4212311890625 0.40964890781249996 0.4260009203125 0.40285533593749995 0.426213384375 0.3984538890625 0.424279009375 0.3955106625 0.419963959375 0.3932590234375 0.4183568703125 0.3876502671875 0.4134253859375 0.38507696406249997 0.409195403125 0.38480356250000003 0.398129315625 0.378771309375 0.3973683046875 0.3769560515625 0.3910891265625 0.37200350625 0.39006452812500003 0.369663934375 0.380295009375 0.361085165625 0.3849117828125 0.358208396875 0.389966471875 0.35710721562500003 0.393193225 0.3602091265625 0.4060063734375 0.35735485 0.40921175625000006 0.35528868125 0.4131739578125 0.3577429703125 0.41819889374999997 0.3568841109375 0.42071995156249997 0.3603913203125 0.4222503546875 0.3586114375 0.4201672140625 0.35687981562500004 0.4192616296875 0.3535709609375 0.4245543453125 0.3505312140625 0.43010645625 0.3507209796875 0.434340628125 0.34828918125 0.43340948125 0.34251744687499996 0.4320915421875 0.3398958828125 0.426985728125 0.3360713046875 0.4209617546875 0.33705347343750003 0.41123916875 0.33610566406250003 0.408828740625 0.3370395703125 0.3917600515625 0.337157565625 0.3728634234375 0.3414786515625 0.3667543828125 0.34048258124999997 0.3626094703125 0.3421874171875 0.3599312625 0.3453022109375 0.35458323125 0.3461214 0.35235970625 0.3401909828125 0.3486015859375 0.338745646875 0.3462762265625 0.34165779218750003 0.34491176874999996 0.35009935 0.34561327343750003 0.35239925 0.349664734375 0.354126578125 0.35292543125 0.3542809671875 0.357270234375 0.3562902859375 0.35803124531249997 0.3581055453125 0.357789028125 0.3627493125 0.3507873890625 0.3690228671875 0.35080037656249996 0.379601346875 0.3526752453125 0.38302921562500003
1 0.4940690640625 0.47885592343749994 0.5084339875 0.47938984375000004 0.5127658015625001 0.4708206828125 0.5170594796875 0.46790424374999995 0.5196739890625001 0.46797929062500004 0.533528915625 0.47533786562499997 0.5397146421875 0.4837225734375 0.549989965625 0.48818188906250004 0.560975178125 0.48953070312499997 0.56546455625 0.49303361875 0.5697242890625 0.49306469999999997 0.5735586828125 0.4832045921875 0.5793190671875 0.4816981125 0.5862356375 0.47344631875000004 0.5867711953125 0.46908454375 0.5842501375 0.465577334375 0.5837214375 0.459199 0.5865495234375 0.44150822968750003 0.590490353125 0.4387944390625 0.592522371875 0.43560030312500003 0.5933001484375 0.4265947609375 0.5898651218750001 0.42518909687499995 0.5878075421875 0.425920353125 0.5862687546875 0.4331106359375 0.5837946296875 0.4372343859375 0.5810313546875 0.43837094218750006 0.5768608796875 0.43761289843749995 0.572694596875 0.4341496546875 0.571648628125 0.426642003125 0.5677459328125 0.423703071875 0.565794378125 0.41288656562500003 0.5630055406250001 0.41156024375 0.5579508515625 0.4126614234375 0.5528324640625 0.416952446875 0.549423 0.4180096609375 0.5477861578125001 0.41264322656249997 0.5503537328125 0.4050873140625 0.5490060421875 0.40270807187499996 0.5454520015625001 0.402271690625 0.541919334375 0.4070033890625 0.53654155 0.4080649 0.5355299390625 0.4163038078125 0.5388161984375001 0.4189210765625 0.533965590625 0.42103121093749996 0.5316997390625 0.4234587140625 0.5265557890625 0.4252868578125 0.5219306328125 0.4335740265625 0.523070053125 0.437649515625 0.5218032375 0.4399537109375 0.5168378078125 0.44032792968749995 0.5135217937500001 0.43795298125000004 0.5018308874999999 0.4370094671875 0.5007254109375 0.42998645625 0.49568329687499996 0.4229720375 0.4882818765625 0.42181728281249997 0.484672521875 0.41916034375000005 0.48147133125 0.41852131249999996 0.47826594843750003 0.42058748125 0.4771608875 0.43225855312499994 0.4713387421875 0.4609786640625 0.4691224890625 0.4630022171875 0.4596039828125 0.46306336249999996 0.4548128828125 0.46468885625 0.4583585390625 0.4705356375 0.4678686609375 0.47588489375 0.486174415625 0.47370502343750004 0.4890483203125 0.477009584375 0.4940690640625 0.47885592343749994
1 0.66288488125 0.45284882499999995 0.6659419109375 0.47068834062500003 0.6747547203125001 0.4710324953125 0.678364075 0.4736894359375 0.68855433125 0.4761705125 0.6974735812499999 0.483660984375 0.7006450171874999 0.4845423359375 0.7043180703125 0.4840094328125 0.7092323765625 0.47870945625 0.7137003828124999 0.47704429218750005 0.71747485625 0.44897474531250003 0.7166543390625 0.447644128125 0.70986935625 0.4468110375 0.7065235890625 0.4446784109375 0.7052479765624999 0.433698925 0.6986498953125 0.426001509375 0.699011125 0.4203884578125 0.697348721875 0.41255914374999997 0.6908017640625 0.4097874859375 0.6869330125 0.403901034375 0.6804074265625 0.40629745625 0.6707401546875 0.40757020468749994 0.6665059828125 0.41000200312499996 0.6576889796875001 0.4123630484375 0.64895285625 0.41940753124999997 0.6451607921875 0.42090971718750003 0.64107119375 0.42483511093750004 0.641211578125 0.4290339078125 0.646461965625 0.43435208125 0.6477459609375 0.43992116562500005 0.6495060078125 0.44161311718749996 0.64897045 0.44597489218749997 0.6498504734375 0.44682086718749997 0.6541102078125001 0.44685194843750004 0.6591607046875 0.44845596875 0.66288488125 0.45284882499999995
1 0.5398642359375 0.51989913125 0.5533956515625 0.5085239546875 0.5527239015625 0.5059817328125 0.5480899499999999 0.5009852218749999 0.5455517125 0.48960473125000004 0.5431454765625 0.4878334390625 0.5373297765625 0.4871193609375 0.535246634375 0.4853877390625 0.5330700421875 0.48708827968749996 0.523313509375 0.489087990625 0.5244868765625 0.49021595781249994 0.5240703296875 0.49360845 0.5180124125 0.49753813906250005 0.5163629953125 0.5002873046875 0.5135997203125 0.5014238609375 0.4901923453125 0.49707395312499997 0.47811883593750004 0.496575409375 0.4746838125 0.49516974375 0.45881823906249997 0.49617338593750004 0.46153080312499994 0.5088051515625 0.470726628125 0.527398415625 0.47075218906250005 0.5298612953124999 0.4796416859375 0.5375940875 0.4888924125 0.53971383125 0.49350499374999995 0.5395422625 0.5009701109375 0.537507175 0.5076230921875 0.52873106875 0.5362209359375 0.5201897125 0.5398642359375 0.51989913125
1 0.4899224984375 0.4057844359375 0.49397814999999995 0.40480656406250004 0.5056988109375 0.40550775781250004 0.5091082734375 0.4044505421875 0.508500221875 0.39871847968749996 0.5172363468750001 0.3916739953125 0.521644846875 0.39049347343749996 0.5202715921875 0.3856513515625 0.5169555796874999 0.383276403125 0.516487909375 0.3817431359375 0.5085848765625001 0.3820026359375 0.5057918484374999 0.3833815140625 0.5034367359374999 0.3865359796875 0.5006734609375 0.38767253749999997 0.5023144953124999 0.390333771875 0.5012220078125 0.3938892421875 0.49663498749999996 0.3965236890625 0.4933742890625 0.39636930000000004 0.48832798281249995 0.39206008125 0.4839236734375 0.390535403125 0.48257597968750005 0.3881561609375 0.484824653125 0.3778553765625 0.483272878125 0.3744671796875 0.48455226875 0.364047384375 0.482588140625 0.3613464796875 0.47915311406249994 0.3599408140625 0.47223193906249994 0.3522037265625 0.46971926406250003 0.3432861171875 0.46249636406250005 0.3406774375 0.4584109578125 0.34189763125 0.4544403734375 0.3448537421875 0.44278341250000003 0.34096270624999997 0.4397481671875 0.34698535 0.43918704531249997 0.348884246875 0.45212003437500003 0.38244884843750004 0.4522436515625 0.39746844531250003 0.45958137343749994 0.401813040625 0.4699162046875 0.4057877140625 0.4735892546875 0.40525481093750004 0.47743663593749996 0.40597318437499996 0.481279825 0.40939675781249996 0.48589240624999996 0.40922518906249994 0.4899224984375 0.4057844359375
1 0.7337770484374999 0.5833104578125 0.7416331484375001 0.5754199984375 0.7435842890625 0.5675424234374999 0.742593634375 0.56225533125 0.740863340625 0.560321059375 0.73872069375 0.5590740796875 0.7326541859375 0.5590671281249999 0.7299219828125 0.5559440312499999 0.7314806140625 0.5485921203124999 0.7299116609375 0.5373306437500001 0.7325303625 0.5347004906249999 0.73940460625 0.53480661875 0.7414366218749999 0.5316124828125 0.7504023906249999 0.5280398328125 0.762267625 0.530234621875 0.7648863265625 0.5276044703125 0.76634004375 0.5184359484375001 0.7637594796875 0.5154133812499999 0.760264946875 0.5144923578125 0.75119693125 0.5082134890625001 0.749475021875 0.5008688171875 0.74859080625 0.5027280421875 0.7447987406250001 0.504230228125 0.73736756875 0.50331779375 0.733877228125 0.499691571875 0.7292943984375 0.49962081875 0.7259658109375 0.5053614718749999 0.725634334375 0.5107322015625 0.7239849171875 0.5134813671875 0.724529271875 0.522403271875 0.7217576140624999 0.5289502296874999 0.7192369703125 0.5441371 0.7197302015625 0.548133246875 0.71660191875 0.5762821359375 0.7172908484375 0.5866976359375 0.71901695 0.5913371093750001 0.7221544453125001 0.59516598125 0.726809353125 0.5866364921875 0.7337770484374999 0.5833104578125
1 0.8138470328125 0.6871039140625 0.8144592765625 0.6901307765625 0.8167465 0.6928713531249999 0.820419553125 0.6923384515625 0.8243901359375 0.689382340625 0.8349416234374999 0.6862503671875 0.8374115578125 0.6848318171875001 0.8394733296875 0.6813953609375 0.8406378968749999 0.669239646875 0.8400256515625 0.666212784375 0.8374748406249999 0.6629478953125 0.8313104859375 0.6597312671875 0.82660864375 0.660629796875 0.8245468718750001 0.6640662546875 0.8182593109375 0.6645241093750001 0.8137615515625001 0.6664315953125 0.8129368421875001 0.667806178125 0.8037753750000001 0.6649594734375001 0.8022533546874999 0.6613289546875001 0.8037284437500001 0.6573285140625 0.802831240625 0.6486092578125 0.7986649578125 0.6451460140624999 0.7925814796874999 0.6466128234374999 0.7890190578125 0.65158684375 0.7789905546875 0.6584726421875 0.773995371875 0.6590891812499999 0.7646256328125001 0.657938721875 0.7608930734375 0.658956265625 0.7604509671875 0.659885878125 0.7644387296875 0.664803046875 0.777481521875 0.6654206046875 0.7857332109375 0.6676636546875 0.7889897171875 0.6705232453125001 0.7912727484375 0.6759690218750001 0.79770069375 0.6797099625 0.8012761015625 0.6853144234374999 0.810059159375 0.6859008984375 0.8138470328125 0.6871039140625
3 0.42894437031250005 0.47504117656249994 0.42897831406250003 0.47209365468750003 0.4263382421875 0.469555728125 0.42508400156250004 0.46374432343749994 0.41962533906250005 0.46012239531250004 0.41761008750000006 0.45249573125 0.4185835625 0.44990954375000003 0.41976111875 0.44833231093750003 0.422758228125 0.44796238749999995 0.4297175390625 0.450046753125 0.442586003125 0.44941303593750004 0.44470728125000003 0.4454919359375 0.44496207343750005 0.43273256875 0.4370121078125 0.425361109375 0.42245567812499996 0.415702634375 0.4206403140625 0.411790125 0.421290696875 0.40916426718750004 0.4260009203125 0.40285533593749995 0.42627289062499996 0.397969246875 0.42430876250000005 0.3952683421875 0.4203465609375 0.392814053125 0.417799940625 0.3868439625 0.40631730624999995 0.38420420312500003 0.39833339687499997 0.3797802640625 0.39006452812500003 0.369663934375 0.382679915625 0.3639196453125 0.3924024609375 0.3586361890625 0.3933122390625 0.35923984375 0.3964581140625 0.357658315625 0.40380421875000005 0.3565925109375 0.4054238828125 0.354085665625 0.41086117343749995 0.3525395140625 0.4134417375 0.3555620828125 0.41861963125 0.35078641875 0.42993212812500003 0.349469703125 0.43243181406250003 0.347808834375 0.4332309625 0.34397137187500004 0.4308586703125 0.33925255781249997 0.42763191718750004 0.336150646875 0.3922021578125 0.336227953125 0.38735155 0.33833808906249996 0.385026190625 0.3412502328125 0.3826157640625 0.342184140625 0.3794740796875 0.3410604671875 0.37509533125 0.34199866874999996 0.3681955265625 0.3394296609375 0.3668436421875 0.33975561875000004 0.35636884062499996 0.35027623124999996 0.355539940625 0.3543560140625 0.3570280171875 0.360934053125 0.3504642953125 0.36898319687500003 0.3512978 0.38089229375 0.3556086578125 0.385849134375 0.40379831718750003 0.474167396875 0.4087130375 0.4875615 0.4125604171875 0.4882798734375 0.4272312546875 0.480980184375 0.42894437031250005 0.47504117656249994
3 0.46672505 0.4745146046875 0.47021958281250004 0.47543562812499995 0.472247409375 0.47494669062500006 0.476366759375 0.4707789765625 0.480715753125 0.47008309531250003 0.48192306250000005 0.4682635421875 0.48533252656250003 0.4672063265625 0.4871223265625 0.4686559578125 0.4875560515625 0.47313674531250005 0.48896325156250003 0.475031346875 0.49559946874999994 0.4770760421875 0.508259659375 0.47813856875000005 0.5140921234375 0.46803184687500005 0.5209408062499999 0.4656750953125 0.524316325 0.4675654015625 0.5256640171875 0.46994464375 0.5309483515625 0.472315296875 0.5326786453125 0.4742495703125 0.536292190625 0.474201309375 0.5433621328125 0.4807267921875 0.5508486203125 0.483859784375 0.5543984671875 0.487001365625 0.556779140625 0.48630977968750005 0.557459275 0.4834416 0.5636575765625 0.48371070781250003 0.5635599328125 0.4898480703125 0.5655835687499999 0.492064334375 0.569520209375 0.4920557453125 0.570587134375 0.4860373953125 0.569239440625 0.48365815312500005 0.569770809375 0.48200157812500005 0.572857178125 0.4809046921875 0.5791149859375 0.4806891578125 0.586265390625 0.47320399843749994 0.5867711953125 0.46908454375 0.584160878125 0.466304296875 0.5825240359375 0.46093786249999996 0.5860734703125 0.4453853625 0.584640709375 0.44102788281249994 0.5901970125 0.438512446875 0.5909068984375 0.435401946875 0.5885601703125001 0.43314601250000007 0.5842027921875 0.43925229374999997 0.5824980609375 0.43978090156249994 0.5767121140625 0.43882450312500004 0.5733365953125 0.43693419687499996 0.571550984375 0.43277936562499997 0.571793203125 0.4281355984375 0.565161178125 0.423385703125 0.56570511875 0.41361352812499996 0.5641235906250001 0.4104676515625 0.55603365625 0.417591478125 0.5420429515625 0.4220229875 0.5390118968750001 0.42534043125 0.5367799890625 0.4248204140625 0.535491803125 0.4219565296875 0.5334044687499999 0.4229301078125 0.533281265625 0.42660459062499995 0.5385019015625 0.43216508593749997 0.5398412109375 0.439954728125 0.526313984375 0.44862470625000006 0.523576271875 0.4522241421875 0.5193718515625 0.45441361875 0.5107798890625 0.4442576171875 0.5095809625000001 0.44066677031249996 0.5048535578125 0.43910242187500004 0.501091246875 0.4403622875 0.49994763437499995 0.43899199843750003 0.499637115625 0.4308367265625 0.498289421875 0.428457484375 0.4913598640625 0.426130796875 0.489072640625 0.4233902203125 0.4837585546875 0.42126188906250006 0.48043835 0.42159214062499994 0.479290546875 0.422927053125 0.47922685 0.42611689531249997 0.4832188046875 0.4283288640625 0.48295102500000003 0.43050975156250004 0.478393759375 0.43290187812500003 0.47671458749999995 0.435893365625 0.47339479687499997 0.4549176984375 0.467507015625 0.46280386250000005 0.45965930000000005 0.46528392187499995 0.4644420171875 0.469068828125 0.46672505 0.4745146046875
3 0.6657545953125 0.45885858593749995 0.6662650046875 0.47072801249999996 0.6732582609375 0.4698648578125 0.678776428125 0.47300214374999994 0.6861778484375 0.47415689843750003 0.6910200734374999 0.47745716250000003 0.69653405 0.48329965 0.7006450171874999 0.4845423359375 0.7043180703125 0.4840094328125 0.7102356046875 0.4758809484375 0.7126544140625 0.469536640625 0.711281159375 0.46469451875 0.71152756875 0.45734555156249995 0.7150857984375001 0.45507673281249994 0.7159997671875 0.4529751875 0.713861309375 0.44902300625 0.7102477640625 0.4490712671875 0.7009417234375 0.444730965625 0.7033860953125 0.4408495375 0.703921653125 0.4364877625 0.698033459375 0.42567984531249997 0.696876859375 0.413731078125 0.689420125 0.410355765625 0.688574046875 0.40656226875 0.6861678109375 0.40479097499999994 0.6798186484375 0.40708607187499996 0.6706211421875 0.4085394875 0.6586285109375 0.41272438125 0.655423128125 0.4147905515625 0.6544794078125 0.4171344171875 0.6497478125 0.41827526875 0.6451012859375 0.42139435937499997 0.6426866671875 0.425033465625 0.6431798984375 0.42902961250000005 0.646232321875 0.43088024843749995 0.6500118140625 0.4374936625 0.6551176265625 0.44131824062499997 0.658165859375 0.44587407656250005 0.6677652421875 0.45049636875 0.6696549890625 0.45380307656249996 0.6697549328125 0.4556601546875 0.6657545953125 0.45885858593749995
3 0.5058844171875 0.5322071968750001 0.53401878125 0.5194273734375 0.539277553125 0.5193351484375001 0.54868961875 0.5121276859375 0.5501647078125 0.50812724375 0.5432305453125 0.48981167656249996 0.53979551875 0.48840601250000004 0.5293077296875001 0.48834814375 0.5244487390625 0.4958686796875 0.5148028375 0.5023095078125001 0.510424090625 0.503247709375 0.505845453125 0.5004717578125 0.486931646875 0.49691956406250004 0.478352671875 0.4973420421875 0.47371452812500003 0.49505073125 0.45887774531250003 0.49568874375 0.45825292656250005 0.50077748125 0.4605615203125 0.5086861375 0.462938003125 0.5106997515625 0.470258959375 0.5258651484375 0.471075284375 0.529900965625 0.47746928437499997 0.536589428125 0.48504503125 0.5389954578125 0.4928290515625 0.539705240625 0.50029416875 0.537670153125 0.5058844171875 0.5322071968750001
3 0.4873633046875 0.4079299484375 0.48977792343750004 0.404290840625 0.49286429218750005 0.40319395468749997 0.497591696875 0.40475830312500005 0.501677103125 0.403538109375 0.5064640125000001 0.404617815625 0.506948446875 0.3953302828125 0.50915479375 0.39338742031249996 0.513210446875 0.3924095484375 0.5157993921874999 0.390021715625 0.5145749046875 0.38396798906249996 0.512138915625 0.3824390171875 0.505349740625 0.3843111265625 0.504665415625 0.38988450625 0.5059196578125 0.3956959109375 0.49486655625 0.4002421390625 0.4908448484375 0.39827249062500003 0.4890294875 0.39435998125 0.481751271875 0.38953074375 0.47976158125 0.3843669578125 0.48111765625 0.3813358 0.47948081406250004 0.375969365625 0.4827838390625 0.367765834375 0.4831153171875 0.36239510468749997 0.47729961718749997 0.3616810265625 0.47641959375000004 0.36083505 0.4700339765625 0.3487361875 0.46933666250000006 0.34373108750000003 0.4624368578125 0.3411620796875 0.4529694765625 0.3461489828125 0.45345432499999994 0.35555552968750004 0.4469161640625 0.3660675515625 0.4543008171875 0.37804310625 0.45354860312499995 0.389511528125 0.45881617031250005 0.40270298281250005 0.4665704375 0.4036550859375 0.46935927499999996 0.40498140937500005 0.4765566109375 0.4051272078125 0.482954803125 0.4091104703125 0.4873633046875 0.4079299484375
3 0.8411542093750001 0.5635341890625 0.844555290625 0.5678873734375001 0.8440792374999999 0.5717645078125 0.8416943734375 0.57516129375 0.8415414140624999 0.5790780984375 0.8574836734375 0.5854630953125 0.85875468125 0.5804537 0.8769959093749999 0.5440755109375 0.8782199828125 0.5314351562499999 0.8755329796875 0.5212662703125 0.8759792781250001 0.5176314578125 0.8821901546875001 0.5097849640625001 0.8829934921874999 0.5032423015624999 0.8794097000000001 0.5030482421875 0.877649653125 0.501356290625 0.8794604093749999 0.48927991875 0.8811693343749999 0.48604611249999996 0.8802637484375 0.48273725624999997 0.8778575125 0.48096596406250003 0.8620300750000001 0.47631688437499997 0.862361553125 0.47094615468749995 0.863683684375 0.4708625171875 0.8649505 0.46855832187499996 0.8682065921875 0.45272383125 0.8752677390624999 0.445965634375 0.874842396875 0.4360744453125 0.8772272624999999 0.432677659375 0.8786767890625 0.4262143390625 0.87739279375 0.4206452546875 0.86765721875 0.40911896406250003 0.8620753546875 0.40917152031250004 0.858963421875 0.4078055265625 0.8576584703125001 0.41576244375 0.853216025 0.4198904875 0.8466606859375 0.42252922968749995 0.8442121218749999 0.42911585781249995 0.8397101687499999 0.43372854375000003 0.8358204625000001 0.44136809218749995 0.8324960656249999 0.44440354531250004 0.8291335343749999 0.45309171875 0.826251246875 0.455197559375 0.822110525 0.45419719374999995 0.8183184593749999 0.4556993796875 0.8051017546875 0.47252462812499996 0.802534178125 0.48008054062500005 0.8047577031250001 0.4860109578125 0.8133496656249999 0.496166959375 0.8153774921875 0.49567802343749995 0.841325821875 0.5380969421875 0.8440616437499999 0.545197146875 0.844491178125 0.5523831359375 0.8411965359375 0.5551762671875 0.8408990031249999 0.5575994750000001 0.8411542093750001 0.5635341890625
3 0.9120162640625 0.485898053125 0.9088787703125 0.48206918125 0.9007377109375 0.484267246875 0.8976257796875 0.482901253125 0.8961251296875 0.484438815625 0.8927202703124999 0.5014849109374999 0.8902800890625 0.5026611390625 0.8936556093749999 0.5045514453125 0.8979283312499999 0.5151610062499999 0.904798384375 0.5179723359375 0.9068559640625 0.517241078125 0.9080930265625 0.515179203125 0.908794115625 0.49878502343750003 0.911833553125 0.490057178125 0.9120162640625 0.485898053125
3 0.7298441859375 0.561919765625 0.7267066921875001 0.55809089375 0.7225362171875 0.55733285 0.7190374937499999 0.5591170265625001 0.7173415578125 0.5729293140625 0.7176478875 0.5837897859375001 0.7196715218749999 0.5860060500000001 0.72348915 0.58696674375 0.7292792875 0.5852179421875 0.7361619140625 0.5799136703125 0.7387550515625 0.5748206390624999 0.7389377640625 0.5706615140625 0.7351285187500001 0.56429041875 0.7298441859375 0.561919765625
3 0.7191695515625 0.379080215625 0.7202151046874999 0.3678937859375 0.715462140625 0.3638665578125 0.6995370609375 0.36535484218750003 0.69532845 0.37024951875 0.691009209375 0.3707030796875 0.6869279953125 0.3692180734375 0.684751403125 0.3709186140625 0.6864816968749999 0.3728528859375 0.6872087625 0.377615665625 0.6899380921875 0.3794266296875 0.692259259375 0.37921968437500003 0.69827485 0.3836479171875 0.7050895875000001 0.3842386875 0.7097361125 0.3811195984375 0.7173160515625 0.380820428125 0.7191695515625 0.379080215625
3 0.56456404375 0.33476171718750003 0.5584126765625 0.34212356875 0.5520358546875 0.3433083859375 0.548218228125 0.3423476921875 0.5451616109375 0.34320225625 0.5422198171875 0.3457927390625 0.5409743703125 0.3532650140625 0.5426070234375 0.3613366484375 0.5466882375 0.3628216546875 0.549217678125 0.3609184640625 0.5726673812499999 0.3569104515625 0.574822603125 0.35004183125 0.5752177781250001 0.34148126093750003 0.572726475 0.3377317296875 0.56873451875 0.33551976093749997 0.56456404375 0.33476171718750003
3 0.0937039171875 0.42477778437499997 0.097576859375 0.42795903593749995 0.105063346875 0.43109202812499997 0.11620989687500001 0.42311363750000003 0.1189136671875 0.422461721875 0.121438915625 0.42326373124999994 0.126514975 0.42733063125 0.13478384375000002 0.43744696093749996 0.139009634375 0.4404255640625 0.1438560515625 0.441020628125 0.15391891093750001 0.44988138906249997 0.1617582453125 0.45281173125 0.1647172203125 0.458094528125 0.1684795328125 0.4568346640625 0.1736021109375 0.44983844062499995 0.18027227343750002 0.44893561562500006 0.18303135625 0.450504259375 0.186224165625 0.456553690625 0.19876115 0.46129070156249996 0.204283509375 0.4617227875 0.209580415625 0.455977840625 0.29135306562499996 0.465772284375 0.293138675 0.469927115625 0.3008929421875 0.4708792203125 0.3064236828125 0.46590090625 0.31038127968749996 0.45236631562499996 0.31904532343750003 0.4539220734375 0.3246866953125 0.4533848765625 0.3377550484375 0.4564653140625 0.340900925 0.4548837859375 0.33779737656250003 0.44810739218749995 0.3408154421875 0.4342114671875 0.33894895625 0.42537319843750004 0.340551440625 0.4149930734375 0.338940159375 0.41208951875000005 0.3404747546875 0.40760443593750006 0.335228559375 0.3995810609375 0.3370267421875 0.39562029062500004 0.3377450109375 0.387099390625 0.3321501578125 0.376573465625 0.3278648609375 0.3740795046875 0.3278179296875 0.366448546875 0.3254498296875 0.35902453125 0.3293395375 0.3513849828125 0.333573709375 0.3489531859375 0.3365196953125 0.343657503125 0.334653209375 0.334819234375 0.329751478125 0.3320036109375 0.322498825 0.329637253125 0.31389428750000004 0.32759685156249996 0.304133565625 0.3323017640625 0.301043003125 0.33610385 0.0955306125 0.36449245 0.09368130625 0.3635274625 0.08105086875 0.3622226140625 0.07414687187499999 0.36235880625 0.062949196875 0.3654114375 0.058681079687500005 0.37079075625 0.056292023437500005 0.37689274375 0.057928865625000006 0.382259178125 0.06311555468749999 0.39076719375 0.064658946875 0.399565790625 0.0698540203125 0.40266340625 0.0712867828125 0.4070208875 0.06816227500000001 0.41377049374999997 0.07024122656250001 0.41820731718750004 0.0820427640625 0.4235919484375 0.0937039171875 0.42477778437499997
3 0.1940643828125 0.3072261859375 0.1949188453125 0.3056092828125 0.19906375781250002 0.30390444687499996 0.20059416093750002 0.3021245640625 0.20174615624999997 0.29808445156249996 0.20007536875 0.2956655390625 0.1908460125 0.298713875 0.18578713125 0.30252025625 0.159336128125 0.3096033921875 0.1473858234375 0.30543036562500003 0.1335992015625 0.310870828125 0.1346451703125 0.3183784796875 0.145145946875 0.329014828125 0.1599743484375 0.333787215625 0.1648463265625 0.3368451609375 0.16907630625 0.3371185625 0.17924519218749999 0.334431559375 0.191493028125 0.336181378125 0.196815496875 0.33289931093749997 0.2013597765625 0.319928703125 0.1940643828125 0.3072261859375
1 0.19374128906250002 0.307186515625 0.196687275 0.3018908328125 0.1997141375 0.3012785890625 0.2003645171875 0.2986527296875 0.199454740625 0.298049075 0.1960155234375 0.2993486109375 0.1943066015625 0.30258241875 0.1880190390625 0.3030402734375 0.1592468671875 0.3103303546875 0.147619659375 0.30619699843750003 0.13553776875 0.3111088546875 0.1347981296875 0.314461675 0.1370514078125 0.3201497734375 0.14124744218750002 0.323370696875 0.145145946875 0.329014828125 0.15980001875 0.332535940625 0.1906130046875 0.335335403125 0.1943455640625 0.33431785937499997 0.1973468640625 0.3312427359375 0.20012690625000001 0.319285378125 0.19374128906250002 0.307186515625
1 0.07825489062499999 0.42238893437499997 0.0858306375 0.42479496250000004 0.0923520328125 0.425103740625 0.0957573046875 0.4267517265625 0.0974578453125 0.42892831875 0.1047104984375 0.431294678125 0.108209221875 0.4295105 0.113093775 0.42445284375 0.11947059687499999 0.42326802656250007 0.123109703125 0.4256826453125 0.1243978890625 0.42854652968750007 0.133168371875 0.43724860625 0.145293003125 0.442672909375 0.15385940468749998 0.45036603125 0.16066995 0.45366200156250003 0.16436437343750002 0.45829717812500004 0.1690662140625 0.4573986484375 0.17333433125 0.452019328125 0.1822959078125 0.45115187968750003 0.1844046125 0.45534638125000004 0.18678109375000002 0.4573599953125 0.19876115 0.46129070156249996 0.2046661109375 0.4612778171875 0.21014153750000003 0.4540789453125 0.2903498375 0.46860079375 0.2929601546875 0.471381040625 0.3002169984375 0.47104219843750006 0.304391665625 0.4690950421875 0.3073632140625 0.4662622390625 0.310109309375 0.45725240312500004 0.316371309375 0.45433166875 0.322365528125 0.453591821875 0.334141503125 0.4565135734375 0.3403653671875 0.4592455609375 0.3412709515625 0.462554415625 0.345857971875 0.45991996718749995 0.347545525 0.45151808125 0.335014853125 0.347900265625 0.336694025 0.344908778125 0.336936240625 0.3402650109375 0.33435986875 0.33453724218750003 0.32217573125 0.32959758125 0.31383478125000003 0.32808149375 0.3111310140625 0.328733409375 0.30166363125 0.3337203125 0.298041703125 0.33917897343750003 0.293607640625 0.3378966171875 0.29251934375 0.33874688750000004 0.0966742234375 0.3658627390625 0.0939151390625 0.3642940953125 0.0850725765625 0.3641922609375 0.0803749265625 0.3623855921875 0.073704765625 0.3632884171875 0.0651513515625 0.3661737765625 0.059412335937500005 0.3728483359375 0.0579372484375 0.37684877656250004 0.05989299375 0.3849600828125 0.06302629531250001 0.39149415625 0.06363434999999999 0.39722621875 0.06556872500000001 0.40016944531250004 0.0695904328125 0.40213909374999995 0.0713462890625 0.4065362453125 0.0678986875 0.41324618125 0.07150385000000001 0.418608321875 0.07825489062499999 0.42238893437499997
1 0.576157309375 0.34184259375 0.5736064984375 0.3385777046875 0.565533328125 0.3348807296875 0.5620941109375 0.33618026562500003 0.5596497390625 0.34006169375 0.55644435625 0.3421278625 0.5448087640625 0.34340490625000003 0.5418967218749999 0.3457530671875 0.5401794171875001 0.3543972765625 0.5410254953125 0.35819077187500004 0.5432234593749999 0.3616583109375 0.5476277671875 0.3631829890625 0.5524783765625 0.3610728546875 0.5614399515625 0.3602054046875 0.564881265625 0.35755326875 0.573139240625 0.35573851875 0.5756473109375 0.3486672484375 0.576157309375 0.34184259375
1 0.3483119671875 0.50671038125 0.34414568437500004 0.5032471375 0.3412038890625 0.50583761875 0.3403452359375 0.5101597234375 0.33773072656249997 0.5100846765625 0.3356178328125 0.508595375 0.3332924734375 0.5115075203125 0.3339855953125 0.5192178203125 0.3373485390625 0.5292237281250001 0.33668558593750003 0.5399651859375 0.338972809375 0.5427057625 0.342263259375 0.5426178312500001 0.344967028125 0.541965915625 0.3516497640625 0.5329474890625 0.3545957515625 0.5276518078125 0.3548082140625 0.5232503609375 0.3483119671875 0.50671038125
1 0.7158149875 0.3636639078125 0.7068831640625 0.36428903749999997 0.70355876875 0.3673244890625 0.6991247078125 0.3660421328125 0.695213628125 0.3685136015625 0.6874551703125 0.3702666984375 0.6863371203125 0.37135928906250004 0.6870302421875001 0.379069590625 0.689436478125 0.3808408828125 0.699830815625 0.38433091406250003 0.7063522109375 0.3846396921875 0.7145527765625 0.38195698437500003 0.7174903796875001 0.382071703125 0.719343878125 0.380331490625 0.7208315421875 0.3682154484375 0.7158149875 0.3636639078125
0 0.43329637343750005 0 0.416289984375 0.0363282609375 0.4227576609375 0.061789901562500006 0.414604259375 0.09470689374999999 0.4718833015625 0.1305188421875 0.40167164531250005 0.121897934375 0.2891258859375 0.178998546875 0.2879895890625 0.199415325 0.46346388593750004 0.1767647296875 0.518663815625 0.20718226093749997 0.5582453671875001 0.17504087343750002 0.618152653125 0.1782851078125 0.723117225 0.26106495 0.7614974484375 0.2432270359375 0.7731668390624999 0.22180468437499998 0.78611681875 0.183309821875 0.8124796640625 0.12487762656250001 0.84543449375 0.09089465625000001 0.9515670953124999 0.05253523125 0.8666052843750001 0.04125855625 0.53058130625 0 0.43329637343750005 0
