1 0.47021484375 0.3193359375 0.502197265625 0.3196614578125 0.513671875 0.31640625 0.599609375 0.28125 0.646484375 0.24869791718749998 0.6513671875 0.23990885468749998 0.64599609375 0.23600260468749998 0.439208984375 0.248046875 0.380615234375 0.2555338546875 0.380615234375 0.2594401046875 0.38818359375 0.265625 0.423828125 0.2903645828125 0.47021484375 0.3193359375
3 0.08447265625 0.560546875 0.089111328125 0.4153645828125 0.083984375 0.4075520828125 0.072021484375 0.41015625 0.068115234375 0.4153645828125 0.06005859375 0.4661458328125 0.056396484375 0.5208333328125 0.056396484375 0.5374348953125 0.06396484375 0.560546875 0.0712890625 0.5621744796875 0.08447265625 0.560546875
3 0.05224609375 0.9977213546874999 0.073486328125 0.9996744796874999 0.0751953125 0.9934895828125001 0.08154296875 0.7447916671875 0.081298828125 0.697265625 0.080078125 0.6936848953125 0.06787109375 0.6936848953125 0.054931640625 0.6969401046875 0.05224609375 0.7008463546875 0.039306640625 0.9039713546874999 0.04296875 0.990234375 0.044921875 0.994140625 0.05224609375 0.9977213546874999
3 0.201416015625 0.5709635421875 0.203857421875 0.568359375 0.205078125 0.560546875 0.211669921875 0.373046875 0.211181640625 0.3688151046875 0.208984375 0.3649088546875 0.19775390625 0.3597005203125 0.189697265625 0.3583984375 0.181640625 0.359375 0.178466796875 0.361328125 0.168701171875 0.4622395828125 0.166015625 0.5413411453125 0.169921875 0.5680338546875 0.19287109375 0.5716145828125 0.201416015625 0.5709635421875
3 0.185546875 0.9947916671874999 0.2001953125 0.7057291671875 0.200439453125 0.6888020828125 0.197265625 0.6735026046875 0.193359375 0.669921875 0.175048828125 0.6725260421875 0.164306640625 0.6774088546875 0.161376953125 0.6806640625 0.159912109375 0.6881510421875 0.152099609375 0.9348958328125001 0.15087890625 0.9944661453125001 0.15478515625 0.9996744796874999 0.18212890625 0.9996744796874999 0.185546875 0.9947916671874999
3 0.541015625 0.8434244796874999 0.544921875 0.8430989578125001 0.552734375 0.8362630203125001 0.554443359375 0.826171875 0.555419921875 0.5690104171875 0.554931640625 0.515625 0.55322265625 0.501953125 0.427734375 0.5006510421875 0.321533203125 0.501953125 0.319091796875 0.5094401046875 0.309814453125 0.7858072921875 0.309326171875 0.8193359375 0.312744140625 0.8310546875 0.315673828125 0.8333333328125001 0.541015625 0.8434244796874999
0 0.1879030859375 0.31898475312499996 0.188182053125 0.3223321375 0.193203528125 0.3223321375 0.1976670890625 0.32158827031250004 0.20352548750000002 0.3256795359375 0.21077874375 0.3282830671875 0.21942685625 0.3282830671875 0.23253853124999999 0.32121634375 0.2423025359375 0.320472475 0.24760297812499998 0.3238198734375 0.2531824078125 0.3227040796875 0.26071465312500003 0.3245637421875 0.269362765625 0.3234479328125 0.27633705468750003 0.3219602109375 0.26908379843749997 0.31638122343749997 0.2604356859375 0.3186128125 0.256809046875 0.317125090625 0.24899783593749997 0.3186128125 0.244255328125 0.31414961875 0.2378389734375 0.31675315 0.2328174984375 0.3145215609375 0.2258432109375 0.3201005484375 0.2208217140625 0.32158827031250004 0.2132894921875 0.32307600625 0.20547827968750002 0.317125090625 0.20129370624999998 0.3186128125 0.199061946875 0.3145215609375 0.1929245609375 0.3174970171875 0.192087659375 0.31414961875 0.185950271875 0.31563735625 0.18092879687500002 0.3148934875 0.1716657296875 0.31863839375 0.178975984375 0.31935668125 0.1839974796875 0.320472475 0.1879030859375 0.31898475312499996
0 0.27438426250000003 0.31600928281249996 0.2824744203125 0.3148934875 0.28861180625 0.31228995625 0.29502813906249997 0.31191802968750004 0.3006075703125 0.313405765625 0.30758185781249997 0.31414961875 0.3137192453125 0.313033825 0.32013557812500004 0.3137776921875 0.3268308984375 0.31675315 0.3338051875 0.31600928281249996 0.331573428125 0.31228995625 0.322646325 0.30857063125 0.312882321875 0.30782677812500003 0.305629065625 0.3074548375 0.29921271250000003 0.307082909375 0.29502813906249997 0.3037355109375 0.28498516875 0.30633904218749997 0.2777319125 0.3081987046875 0.2707576234375 0.31043029375 0.26685201875 0.309686440625 0.262388478125 0.30857063125 0.25848287187499996 0.30857063125 0.2518833640625 0.31259300625 0.26127258750000004 0.31414961875 0.2671309859375 0.3145215609375 0.27438426250000003 0.31600928281249996
1 0.21070925156250003 0.245801125 0.2204117265625 0.245283715625 0.219829571875 0.20544335 0.21924743281249998 0.1764685453125 0.20566396875 0.16586169374999998 0.1955858390625 0.1614759828125 0.1874233125 0.17181187656250002 0.18451257031249998 0.2036324234375 0.1823780296875 0.24502500624999998 0.21070925156250003 0.245801125
0 0.9760736812499999 0.3840845609375 0.999755859375 0.3853536234375 0.999755859375 0.3648370359375 0.9920974609375 0.36102983593750004 0.975280425 0.35828019218749996 0.9622710328125 0.35849170468749997 0.9503197046875 0.34623436406249997 0.9510067890625 0.372662953125 0.9562422828124999 0.375412596875 0.9760736812499999 0.3840845609375
3 0.64202235625 0.314856928125 0.64616109375 0.308945115625 0.63788361875 0.3046097765625 0.6440917359375 0.2963332453125 0.6683328765625001 0.294362640625 0.6698109953125 0.2813566640625 0.6727672328125001 0.2699271453125 0.681931565625 0.273080109375 0.6899134203124999 0.2754448515625 0.702329609375 0.2754448515625 0.704990228125 0.261650621875 0.7088333234374999 0.24785639218750002 0.72095389375 0.2458857890625 0.72391013125 0.2592858796875 0.72391013125 0.2746565921875 0.7416475578124999 0.273474246875 0.7395782 0.2517976015625 0.7395782 0.24312692500000002 0.745490675 0.24194456562500002 0.7481513171875 0.232485665625 0.7561331499999999 0.2313033 0.757906865625 0.24352104687499998 0.76884498125 0.24312692500000002 0.769140578125 0.239185715625 0.775053053125 0.2305150625 0.7818524078125 0.22460324687500002 0.657690425 0.2344562703125 0.6526648078124999 0.24352104687499998 0.6524532484375001 0.24274440312499998 0.633744903125 0.2577094140625 0.5953138140625 0.2833272671875 0.5580651999999999 0.29830385000000004 0.5214078703125 0.3152510421875 0.5004185765625 0.3219511 0.64202235625 0.314856928125
3 0.107212528125 0.617822121875 0.12861557031249998 0.617822121875 0.1512776265625 0.6222980812500001 0.1550546421875 0.65083228125 0.15673331875000002 0.6743310359375 0.2503191765625 0.6502727734375 0.251997853125 0.5758600656249999 0.2079327546875 0.570824621875 0.1777167 0.5669081578124999 0.14582193593749998 0.5680271515624999 0 0.5765791218749999 0.077416134375 0.585930965625 0.09294382343749999 0.6021562921875 0.107212528125 0.617822121875
3 0.26036511875 0.45368310312500004 0.260577353125 0.48970272656249997 0.7293474343749999 0.4793396828125 0.7749487203125 0.433604040625 0.26036511875 0.45368310312500004
3 0.93602228125 0.472913584375 0.999755859375 0.469962578125 0.999755859375 0.423852934375 0.91640708125 0.429031090625 0.918037509375 0.45004320625 0.937405725 0.46184726718749997 0.93602228125 0.472913584375
