2 0.2685546875 0.8382161453125001 0.29296875 0.8138020828125001 0.28564453125 0.7763671875 0.289306640625 0.7649739578125 0.316162109375 0.7779947921875 0.323486328125 0.751953125 0.335693359375 0.7568359375 0.360107421875 0.7666015625 0.38330078125 0.7600911453125 0.382080078125 0.7307942703125 0.382080078125 0.6998697921875 0.39306640625 0.6901041671875 0.4150390625 0.6998697921875 0.428466796875 0.7373046875 0.4541015625 0.7438151046875 0.4736328125 0.7259114578125 0.478515625 0.6803385421875 0.487060546875 0.6689453125 0.504150390625 0.6510416671875 0.521240234375 0.60546875 0.504150390625 0.5745442703125 0.47607421875 0.537109375 0.440673828125 0.556640625 0.4248046875 0.556640625 0.41015625 0.5696614578125 0.382080078125 0.5891927078125 0.341796875 0.6119791671875 0.3076171875 0.6380208328125 0.27099609375 0.6298828125 0.277099609375 0.5940755203125 0.29541015625 0.5631510421875 0.291748046875 0.5322265625 0.26123046875 0.5517578125 0.2587890625 0.6005859375 0.238037109375 0.5859375 0.255126953125 0.8040364578125001 0.2587890625 0.8072916671874999 0.262451171875 0.8268229171874999 0.2685546875 0.8382161453125001
2 0.1416015625 0.5680338546875 0.120849609375 0.5810546875 0.133056640625 0.6315104171875 0.16845703125 0.6608072921875 0.18798828125 0.6787109375 0.189208984375 0.5419921875 0.1708984375 0.5240885421875 0.1416015625 0.5680338546875
2 0.064697265625 0.7259114578125 0.05615234375 0.7194010421875 0.048828125 0.7161458328125 0.0341796875 0.7080078125 0.0244140625 0.6819661453125 0.01220703125 0.7454427078125 0.028076171875 0.7666015625 0.059814453125 0.7763671875 0.067138671875 0.7503255203125 0.064697265625 0.7259114578125
2 0.106201171875 0.634765625 0.09033203125 0.5908203125 0.05859375 0.5745442703125 0.009765625 0.6103515625 0.00244140625 0.6673177078125 0.001220703125 0.6949869796875 0.00244140625 0.751953125 0.009765625 0.7796223953125 0.028076171875 0.7991536453125 0.068359375 0.7633463546875 0.047607421875 0.6917317703125 0.068359375 0.6754557296875 0.087890625 0.6673177078125 0.106201171875 0.634765625
2 0.166015625 0.9391276046874999 0.091552734375 0.9033203125 0.06591796875 0.8870442703125001 0.052490234375 0.8902994796874999 0.015869140625 0.9147135421874999 0.003662109375 0.9619140625 0.2001953125 0.9733072921874999 0.2001953125 0.87890625 0.166015625 0.9391276046874999
2 0.43212890625 0.9147135421874999 0.4150390625 0.9342447921874999 0.3857421875 0.9163411453125001 0.379638671875 0.9114583328125001 0.37109375 0.9130859375 0.37449427968750004 0.9569149921875001 0.4541015625 0.947265625 0.479736328125 0.91796875 0.5029296875 0.8805338546874999 0.460205078125 0.8707682296874999 0.447998046875 0.8772786453125001 0.43212890625 0.9147135421874999
2 0.325927734375 0.9000651046874999 0.318603515625 0.9016927078125001 0.294189453125 0.9244791671874999 0.283203125 0.9407552078125001 0.283203125 0.9098307296874999 0.269775390625 0.8626302078125001 0.255126953125 0.8772786453125001 0.26611328125 0.9700520828125001 0.3601600796875 0.958652471875 0.35888671875 0.9391276046874999 0.361328125 0.9147135421874999 0.36865234375 0.8919270828125001 0.355224609375 0.8723958328125001 0.34912109375 0.9309895828125001 0.345458984375 0.9212239578125001 0.325927734375 0.9000651046874999
1 0.0390625 0.5419921875 0.103759765625 0.5533854171875 0.184326171875 0.5240885421875 0.179443359375 0.4622395828125 0 0.4703776046875 0.00244140625 0.546875 0.0390625 0.5419921875
1 0.37353515625 0.5029296875 0.423583984375 0.5029296875 0.574951171875 0.4736328125 0.577392578125 0.4248046875 0.308837890625 0.4215494796875 0.277099609375 0.4264322921875 0.2734375 0.48828125 0.3076171875 0.5224609375 0.37353515625 0.5029296875
0 0.71044921875 0.1985677078125 0.7275390625 0.1595052078125 0.68115234375 0.1529947921875 0.633544921875 0.1529947921875 0.631103515625 0.1969401046875 0.670166015625 0.20670572968749998 0.71044921875 0.1985677078125
0 0.3173828125 0.1839192703125 0.301513671875 0.1139322921875 0.284423828125 0.146484375 0.281982421875 0.2506510421875 0.30029296875 0.2978515625 0.301513671875 0.3434244796875 0.28076171875 0.3678385421875 0.28076171875 0.4166666671875 0.323486328125 0.3841145828125 0.318603515625 0.3336588546875 0.3173828125 0.1839192703125
0 0.6787109375 0.6461588546875 0.70556640625 0.6380208328125 0.7177734375 0.634765625 0.72998046875 0.6005859375 0.712890625 0.5875651046875 0.699462890625 0.6087239578125 0.67626953125 0.595703125 0.64697265625 0.5891927078125 0.621337890625 0.5924479171875 0.625 0.6217447921875 0.631103515625 0.6298828125 0.655517578125 0.6396484375 0.6787109375 0.6461588546875
1 0.675048828125 0.3662109375 0.61279296875 0.3401692703125 0.57861328125 0.3841145828125 0.60546875 0.4703776046875 0.662841796875 0.4817708328125 0.70068359375 0.48828125 0.689697265625 0.4069010421875 0.675048828125 0.3662109375
1 0.618896484375 0.3011067703125 0.626220703125 0.25390625 0.643310546875 0.22135416718749998 0.623779296875 0.205078125 0.61767578125 0.126953125 0.595703125 0.1448567703125 0.589599609375 0.2962239578125 0.599365234375 0.3190104171875 0.618896484375 0.3011067703125
1 0.70068359375 0.41015625 0.743408203125 0.4313151046875 0.73974609375 0.3238932296875 0.709228515625 0.3385416671875 0.70068359375 0.41015625
1 0.677490234375 0.498046875 0.638427734375 0.4947916671875 0.64697265625 0.5615234375 0.693359375 0.5745442703125 0.697021484375 0.546875 0.677490234375 0.498046875
2 0.62744140625 0.9602864578125001 0.60546875 0.9212239578125001 0.594482421875 0.9391276046874999 0.594482421875 0.9944661453125001 0.6494140625 0.9996744796874999 0.653076171875 0.9895833328125001 0.62744140625 0.9602864578125001
3 0.6689453125 0.9342447921874999 0.654296875 0.8675130203125001 0.6201171875 0.9293619796874999 0.62744140625 0.9684244796874999 0.66162109375 0.9814453125 0.6689453125 0.9342447921874999
3 0.7080078125 0.0472005203125 0.697021484375 0.1123046875 0.726318359375 0.1383463546875 0.72998046875 0.1595052078125 0.72509765625 0.1888020828125 0.71044921875 0.205078125 0.703125 0.234375 0.716552734375 0.2555338546875 0.731201171875 0.2978515625 0.748291015625 0.0032552078125 0.72265625 0.0244140625 0.7080078125 0.0472005203125
3 0.916748046875 0.8251953125 0.83740234375 0.8284505203125001 0.772705078125 0.8463541671874999 0.745849609375 0.9212239578125001 0.745849609375 0.9944661453125001 0.97412109375 0.9847005203125001 0.989990234375 0.8284505203125001 0.916748046875 0.8251953125
