1 0.66405598125 0.2468298625 0.45693242968750003 0.24442005312499998 0.3979591453125 0.2478015015625 0.39768665937500003 0.2516982359375 0.40480514687499997 0.2583960078125 0.43863710312500004 0.2855617625 0.4828898875 0.31769831875 0.51477169375 0.3202540265625 0.5264454234375 0.3178071765625 0.6146259609375 0.2887312625 0.6636574937499999 0.259528309375 0.66914150625 0.251101265625 0.66405598125 0.2468298625
3 0.05602382031249999 0.4898383671875 0.054865754687500004 0.5063994890625 0.0608034671875 0.5299831109375 0.0679963078125 0.5321176624999999 0.0812613234375 0.5314136640625 0.09601610000000001 0.38690860625 0.091446609375 0.3787574984375 0.0793312015625 0.3805208328125 0.07507115156250001 0.38544399218750003 0.063491815625 0.4355395390625 0.05602382031249999 0.4898383671875
3 0.055412962499999996 0.6630693 0.0422779578125 0.66541396875 0.039326465625 0.66912336875 0.01224925 0.87085095625 0.009885034375 0.9571593 0.011560915625 0.961192278125 0.0186175125 0.965275196875 0.0396697640625 0.9687052078124999 0.041806021875 0.9626545906249999 0.06548650624999999 0.7150052796875 0.068558209375 0.667577978125 0.0675902578125 0.6639208187500001 0.055412962499999996 0.6630693
3 0.20827695937500001 0.3389586609375 0.2003307734375 0.337097746875 0.1922256359375 0.33750992812499997 0.188923296875 0.3392369 0.17214223281250002 0.4392213265625 0.16394538125 0.51794286875 0.1659801265625 0.5448430421875 0.1886236640625 0.550015903125 0.197193184375 0.5499625125 0.1998103015625 0.54753499375 0.20157300312499998 0.5398266765625 0.22122808124999999 0.3532432375 0.22103618281249998 0.3489877140625 0.21911675625 0.34493770625 0.20827695937500001 0.3389586609375
3 0.15274895625 0.6535599109375 0.149599334375 0.656602825 0.14761579375 0.663969384375 0.122610278125 0.90956814375 0.11723713281249999 0.9689081937499999 0.120770553125 0.9743763281250001 0.1480476953125 0.97628373125 0.1517979453125 0.9716512390625001 0.1865746796875 0.684314703125 0.187999 0.6674458828125001 0.185900140625 0.651962278125 0.1822531859375 0.648117784375 0.16380558437499998 0.6494383296875 0.15274895625 0.6535599109375
3 0.5529567656250001 0.5056609921875 0.4278649953125 0.4956084609375 0.321831696875 0.489499153125 0.318873971875 0.49679759062500006 0.2903408265625 0.77184440625 0.2875148953125 0.8052573171875 0.29010707812500003 0.817185946875 0.29287067968749997 0.8196634062499999 0.5169596328125 0.8454490203124999 0.5208790734375001 0.845396778125 0.52914939375 0.8391224640624999 0.5315581375 0.8291751140624999 0.5504709984375 0.572708209375 0.553707884375 0.5194187765625 0.5529567656250001 0.5056609921875
0 0.23208868593749998 0.3091295671875 0.24566137187499998 0.30299468281249997 0.25545348125 0.302933728125 0.260507509375 0.3066427125 0.26615118125000004 0.3059188390625 0.2735353546875 0.30829939375 0.2822402359375 0.3077895640625 0.2893013140625 0.30679196875 0.28245489687499997 0.300720609375 0.2736721828125 0.3023435015625 0.27015815625 0.30060642187500003 0.2622621953125 0.3015456359375 0.2578425765625 0.29676249375 0.2512602390625 0.2989121015625 0.2464066640625 0.29633566718750004 0.23906019375 0.3014145640625 0.2339471515625 0.30254837968750004 0.2263294984375 0.3035070703125 0.21895242812500001 0.29702576875000003 0.21467427031250003 0.2982179640625 0.2127333390625 0.293981 0.2064033453125 0.2965210859375 0.2058019859375 0.2931234625 0.19957576875 0.294179453125 0.19461841562499999 0.293087115625 0.18511668125 0.296176740625 0.1923590234375 0.297403215625 0.197290453125 0.2988665734375 0.2012903234375 0.2976549171875 0.201335109375 0.3010136078125 0.206344353125 0.3013638875 0.21084892968750002 0.30093319531249996 0.21640766562499997 0.30542315468750003 0.22346164062499999 0.30852630625 0.23208868593749998 0.3091295671875
0 0.3272151171875 0.3004949765625 0.33356392968750004 0.3016846125 0.340035384375 0.3051198640625 0.3470445734375 0.3048643109375 0.345077696875 0.30099836406249997 0.33643178749999997 0.29666537656249997 0.3267434578125 0.2952422328125 0.319533815625 0.2943652375 0.3131590359375 0.2935466328125 0.30921815937499997 0.28991548749999996 0.2990180390625 0.29181211406249996 0.291652728125 0.293161284375 0.2845397609375 0.2949009359375 0.2806955578125 0.293886453125 0.276320725 0.2924620015625 0.2724246328125 0.2921895609375 0.2655606140625 0.295741778125 0.27481838281250004 0.2979495578125 0.280636565625 0.29872925625 0.2877683953125 0.3007193171875 0.2959166796875 0.3001705796875 0.302220728125 0.2980015140625 0.308647375 0.29807807343750004 0.31410943593749996 0.2999513875 0.3210148453125 0.3011799296875 0.3272151171875 0.3004949765625
1 0.21107797968750003 0.150807078125 0.2059546390625 0.18234706875 0.20093789687500002 0.2234899234375 0.22914596718750002 0.2262404375 0.23886090000000001 0.2264011 0.24105928593749998 0.1866171734375 0.24249974531250001 0.15767234218749998 0.2296892671875 0.14614379375 0.21994161874999998 0.1410657515625 0.21107797968750003 0.150807078125
0 1 0.39555536406249997 0.9840085390625 0.3917793015625 0.9710160828125 0.391082809375 0.9599488968750001 0.37802164375 0.9587907421875 0.40443378281250003 0.963821678125 0.4075419390625 0.9829998421875 0.417576146875 1 0.41968380312500003 1 0.39555536406249997
3 0.6883954515624999 0.28253922343750004 0.6973175203124999 0.2863237796875 0.7051149765625 0.28923954687500003 0.7175009203125 0.29010565625 0.72111729375 0.27653062500000003 0.725913265625 0.263038078125 0.738141771875 0.2619177625 0.740156065625 0.275491428125 0.739083859375 0.2908246984375 0.7568605546875 0.290882534375 0.7563083234375 0.269114340625 0.756913159375 0.2604647859375 0.762893709375 0.25969773906250004 0.7662076890625 0.250447478125 0.77425255625 0.2498247765625 0.775169684375 0.262136490625 0.7861086484375 0.2625063328125 0.7866784499999999 0.25859534375000004 0.7931813562500001 0.2503582453125 0.8003765359375 0.24493512968750003 0.67582969375 0.24610305000000002 0.670183990625 0.25479517500000004 0.6700271234375 0.254005665625 0.65032044375 0.26762919531249996 0.6101959609375001 0.2905038265625 0.5719933687500001 0.3028455953125 0.5342431578125 0.31719441875 0.5128376203125 0.32241401718749996 0.654591325 0.32521490625 0.6591323671875 0.3196061984375 0.6511774734375 0.3147040125 0.6579478109375 0.3068806984375 0.6822673625 0.3066058703125 0.6846491328125001 0.293734684375 0.6883954515624999 0.28253922343750004
3 0 0.5423075828125 0.0724512859375 0.55624368125 0.0868093296875 0.573512640625 0.09995048281249999 0.5901356437499999 0.12130138906250001 0.5916286453125 0.1435960140625 0.5976745265625001 0.145373384375 0.6264026890625 0.14540878125 0.6499613015625 0.24044488749999998 0.6324898625 0.24731024375000002 0.55837551875 0.20370374062500002 0.550278515625 0.1738344890625 0.5442638265624999 0.14193936093749998 0.5431552281250001 0 0.5415606703125 0 0.5423075828125
3 0.730229946875 0.49538847812500003 0.7789105078125 0.45294523125 0.2641797609375 0.43707984375000003 0.26187887656250003 0.47302653125000005 0.730229946875 0.49538847812500003
3 1 0.458869728125 0.9203432749999999 0.45825105625000007 0.9205040015625 0.4793257203125 0.9390016265625001 0.4924520859375 0.93684960625 0.5033949421874999 1 0.5048820296875001 1 0.458869728125
