2 0.5616506421875 0.135681146875 0.5568989359375001 0.1377265765625 0.5560609953125 0.1397430640625 0.547087828125 0.1420836875 0.5421135765625 0.1456131 0.540147028125 0.1501558765625 0.5407941828125 0.1594106203125 0.5500442125 0.21236115312499998 0.5571484124999999 0.23462489999999997 0.5582906000000001 0.246292396875 0.564065278125 0.25420964218750003 0.565960253125 0.2626429203125 0.56908716875 0.2653611078125 0.5687102 0.26930325625 0.5639584953125001 0.2713486859375 0.5634952234374999 0.278723184375 0.5654231078125 0.292293634375 0.570068028125 0.30738724687499996 0.5688008765625 0.3172653265625 0.5708843375 0.3237275296875 0.5766521124999999 0.35954525312499996 0.578531209375 0.36308490625 0.5860340109375 0.3630497328125 0.58984559375 0.3615595171875 0.59406705625 0.36126432343750003 0.6023214953125 0.3626450109375 0.6060297453125 0.36434359843749997 0.613823215625 0.3637986265625 0.618796315625 0.36491929375 0.6260913015625 0.3759118078125 0.6331138000000001 0.38300758749999997 0.6335895015624999 0.394476953125 0.63909054375 0.40314754375 0.6423502515624999 0.42176433593749996 0.6467578984375 0.4287982265625 0.6498825125 0.440816571875 0.6458472343749999 0.44844085 0.6458290515625 0.45284738437499994 0.6473834203125 0.45640974375 0.6510928203125 0.453458253125 0.659125865625 0.45167284375000005 0.657561371875 0.41996646093749995 0.6542857843750001 0.39645604375 0.6503584390625 0.38229119843750003 0.6439853953125 0.3751500046875 0.6364179234375 0.36026075625 0.632819909375 0.32747288750000003 0.634788759375 0.3136299515625 0.6334921484375 0.30442062187499996 0.6297532890624999 0.288284703125 0.6238435171875001 0.273769009375 0.6155278578125001 0.2435136625 0.6104083874999999 0.2123006046875 0.606393590625 0.20621818906249997 0.6042590390625 0.1990253484375 0.593035559375 0.17851806875 0.5909520984375 0.172055865625 0.5923407640625 0.1545824484375 0.590549121875 0.142960365625 0.588772209375 0.1408819890625 0.5858860203125 0.1322732859375 0.5850186203125001 0.115202365625 0.5827648578125 0.106304703125 0.5786195703125 0.07502352343749999 0.5792542953125001 0.0654344046875 0.5755824078125 0.0549227484375 0.5733297953125 0.04137500625 0.571484759375 0.038322445312499995 0.5626489859375 0.03796135625 0.559299525 0.036727153125 0.5491125968749999 0.0403763328125 0.55095648125 0.0480789734375 0.5543388515625 0.0544503484375 0.5553107359375 0.0636823859375 0.5593595921875 0.0702518921875 0.565371546875 0.0862288609375 0.5688742828125 0.08965497812499999 0.571983015625 0.096779696875 0.5723639 0.1115596390625 0.5658244640625 0.1207050765625 0.5616506421875 0.135681146875
2 0.513960484375 1 0.7550267093749999 0.9831430078125001 0.7539526453125001 0.9724496953124999 0.74552675 0.9732836265625 0.7386052828125 0.972299203125 0.7305381765625001 0.9735975203124999 0.7212584609375 0.9715543156249999 0.7188320921875 0.969521353125 0.6910939796875 0.969503096875 0.687419790625 0.9682916 0.675661465625 0.968134875 0.6713037609375 0.9664817015624999 0.6674070265625 0.9667541875 0.655854215625 0.964869934375 0.6509674171875 0.9603169171875001 0.651395478125 0.95710540625 0.647705409375 0.951000284375 0.64649395 0.9430086828125 0.6420000015625 0.9394071421874999 0.641625334375 0.9340491312499999 0.6377796906250001 0.93505225625 0.63412253125 0.9340843046874999 0.6304471921875 0.9375228890624999 0.6186037140625 0.936148434375 0.6034947765625 0.939407584375 0.595308459375 0.93900108125 0.5914798453125 0.9402477499999999 0.5859254109375 0.9401466812500001 0.567314890625 0.9353296359375 0.5593704484375001 0.9243825359375 0.5591149921875 0.9207293468750001 0.557269959375 0.9176767859374999 0.5551683171875 0.915621115625 0.5511694015625 0.9144323265625 0.5446918734375 0.9151300171875001 0.5299235437500001 0.9232600859375 0.520078375 0.9271301046874999 0.4989370015625 0.9281189812499999 0.48963910625 0.9304823109375 0.4653866984375 0.9336466250000001 0.44761296718750004 0.9314631703125 0.43388924375000004 0.9311991421875 0.42749686875000004 0.9331145609375 0.40326148906250003 0.9365224218750001 0.40143233437500003 0.9383634859375001 0.40201251875 0.9419939671875 0.3950523875 0.95912276875 0.3947605703125 0.964282646875 0.38619498281250003 0.9771184515625 0.384329465625 0.9877725828124999 0.37759945156249997 1 0.513960484375 1
2 0.65007973125 0.19631072656249998 0.668518796875 0.2033423921875 0.6843112515625001 0.20052491875 0.6916096890625 0.1975671953125 0.70061691875 0.1957136640625 0.7050779546875 0.194178034375 0.713214334375 0.1892038203125 0.7168374328125 0.1896846796875 0.7265281781249999 0.188272825 0.7379481953125 0.1742584734375 0.7485802140625 0.16764132812500002 0.751930825 0.16422545156249999 0.7630408453124999 0.15977751093749998 0.768253521875 0.1596577421875 0.771585953125 0.1606484 0.7747651109375 0.15944714531249998 0.7781656625 0.1614119859375 0.7834124 0.161779309375 0.803288921875 0.1613683546875 0.807014203125 0.1633104875 0.808928509375 0.16268715312499998 0.8106554812500001 0.1593848125 0.8070335328124999 0.154253875 0.8025566156249999 0.1508958796875 0.783346578125 0.151504965625 0.7761003828125 0.1505432484375 0.7757075343750001 0.149591771875 0.7710591609375 0.148448396875 0.7607660828125 0.14941289687499998 0.7553019187500001 0.1471028828125 0.6868876687500001 0.1487052953125 0.667403996875 0.1500677265625 0.6595083453125 0.1491514234375 0.6064244265625 0.15066078125 0.59902380625 0.1521572296875 0.5955710125 0.15411183125 0.5916549468750001 0.1634409296875 0.5910724625 0.1691106078125 0.5949839265625 0.17838182656249998 0.5968289609374999 0.18143438750000002 0.60075975625 0.1816489921875 0.60431358125 0.185805746875 0.6095773484375 0.186416615625 0.613695478125 0.18931022656250002 0.6334516375 0.19184452968750002 0.6401675906250001 0.1945564828125 0.65007973125 0.19631072656249998
2 0.7167081078125 0.505159446875 0.72104878125 0.506569075 0.7226213312499999 0.5057249015624999 0.7354219609375 0.5067876874999999 0.7377972374999999 0.5080900125000001 0.738651059375 0.51096715 0.7439488875 0.5120651109375001 0.7477933812499999 0.515712065625 0.75150163125 0.5174106546874999 0.7536543625000001 0.5201969625 0.7571752765624999 0.5192165453124999 0.76182365 0.5203599203125 0.820581215625 0.520656453125 0.8373137921874999 0.517283765625 0.8831174531249999 0.5143255984375 0.88627958125 0.512880796875 0.896312084375 0.5116897828125 0.9097803515624999 0.5083006218749999 0.9151474531250001 0.5057226859374999 0.9630016640625 0.5040895515625 0.9646763937499999 0.504706653125 0.9661297296875 0.5021576578125 0.9683687624999999 0.501511615625 0.9704885859375001 0.49916075312499997 0.9737018031250001 0.49844658906249995 0.9779913875 0.49912557968750004 0.9815293328125 0.4983887078125 0.98744140625 0.5036042421875 0.9900051671875 0.50293549375 0.9959354218750001 0.50374449375 0.997713484375 0.501172790625 0.9966576015624999 0.4860729453125 0.99773511875 0.48281601875 0.9996664546874999 0.4824362296875 0.9987297843749999 0.4690412046875 0.99710614375 0.46915474062499996 0.992953953125 0.46577403906250003 0.9848527875 0.4665852640625 0.9810412046874999 0.4680754796875 0.9757093140625 0.466490428125 0.9199083609375001 0.46647662187499994 0.9110214953125 0.46538489375000003 0.9048686968749999 0.46605987656250003 0.8672354734375001 0.46453092187499995 0.825209334375 0.46551178281250005 0.8009751062499999 0.4642695625 0.7510703453125 0.46457766562499997 0.7338427359375 0.46553760000000005 0.7303729125 0.4672486546875 0.725194296875 0.467855515625 0.7195547109375 0.4665367171875 0.683458825 0.46832657656250004 0.6783483296874999 0.4699076203125 0.674022384375 0.4780416984375 0.6742766890625 0.486344965625 0.6832316765625001 0.48841087656250004 0.68581131875 0.49263575312499996 0.6857761078125 0.49679874062499996 0.6941327296875001 0.49964070312500003 0.6980453453125001 0.5042618437499999 0.7054277828125 0.507171928125 0.7095811249999999 0.50590255 0.7141954359375 0.506558834375 0.7167081078125 0.505159446875
3 0.13021340312500002 0.13966334062500002 0.19087262031250002 0.1904874125 0.41220424375000003 0.15910250625 0.41220999531249997 0.135852109375 0.164571040625 0.117681878125 0.13021340312500002 0.13966334062500002
3 0.8293035140624999 0.15073871249999998 0.8158828859374999 0.1688087484375 0.9701113734375 0.22777402812499997 0.98035399375 0.2062551671875 0.9765380359375 0.1563509625 0.8293035140624999 0.15073871249999998
2 0.494020275 0.6991444171875 0.38684856875 0.753138584375 0.3967261953125 0.8943952124999999 0.49072122343749996 0.9086250671875 0.57899956875 0.8877678359375001 0.5888323093750001 0.8650539531250001 0.5906320046875 0.844125478125 0.6157644671875 0.8068812109374999 0.6160256765625001 0.7872840015625 0.5986029078125 0.74812075 0.5317045890625 0.701404009375 0.494020275 0.6991444171875
1 0.364581928125 0.7105789984374999 0.42920764531250005 0.703890146875 0.4306131875 0.7023545890625 0.396448865625 0.633769921875 0.36465729062499996 0.6457824765625 0.362703778125 0.7098582062500001 0.364581928125 0.7105789984374999
2 0.536292425 0.463688509375 0.5262893796875 0.483966934375 0.5093660171875001 0.49861085312500003 0.5018381328125 0.5309530375 0.5354178953125001 0.5445128031250001 0.5790858546875 0.539011875 0.5569739765625 0.45612389374999995 0.50297386875 0.430531534375 0.4824741265625 0.3940308140625 0.47521319999999995 0.38352539218750004 0.435127375 0.4169205640625 0.43563253281250003 0.4474773390625 0.48578929843749996 0.46477266406249995 0.5362072734375001 0.46247077968749994 0.536292425 0.463688509375
0 0.23136467968750002 0.9328794625000001 0.242389546875 0.92721379375 0.259994125 0.922311709375 0.28084598125000004 0.9171825531250001 0.2958902484375 0.8989989812499999 0.324769396875 0.9153348125 0.33544790468749996 0.9280486218749999 0.35740673749999996 0.9387499515625001 0.4025222796875 0.953950425 0.4079950140625 0.9388835265625 0.4058604625 0.9316906843749999 0.40039348124999996 0.9235071859374999 0.395096803125 0.9177591453125 0.3809155609375 0.90161921875 0.370492509375 0.8925585984375 0.360410065625 0.8883688953125001 0.33725335312500004 0.8838697515625 0.319223015625 0.8826831875 0.3011926796875 0.8814966234374999 0.270513834375 0.8860892640625 0.233170128125 0.888700590625 0.1800157875 0.898535925 0.15608695625 0.9063276109375 0.1142129390625 0.9141504640625 0.0690064921875 0.9209826578125 0.028841265625 0.9299097046875 0.030374001562500003 0.9518288359374999 0.0351597671875 0.9502704984375001 0.05789071875 0.9486809953125 0.1276220609375 0.942581221875 0.15676241875000002 0.9393198453125 0.187781871875 0.939598121875 0.23136467968750002 0.9328794625000001
