2 0 0.4923864078125 0.00067528125 0.492319484375 0.0050376078125 0.4940545890625 0.0133958015625 0.49227800000000005 0.017726215625 0.49268871406250003 0.0220489203125 0.497760171875 0.0406845421875 0.5091075328125 0.0422208234375 0.5081154015625 0.043992053125 0.509402878125 0.043852840625 0.5110964359375 0.044772296875 0.5118993796875 0.04719611875 0.5103858 0.049409193750000004 0.5125777421875 0.049134621875 0.513634484375 0.053433121875 0.512720809375 0.058034253125000004 0.514405153125 0.0658790703125 0.5137360656250001 0.06969610625 0.5152542828125 0.073501578125 0.5237636125 0.075272809375 0.5250510921875 0.098174371875 0.5221799734375 0.12853909375 0.5267079265625 0.13140090625 0.52842918125 0.1365511828125 0.52800004375 0.1350776484375 0.51167359375 0.13267695 0.49920494531250004 0.131486775 0.49712837343749994 0.128847271875 0.48471048281250007 0.12404695624999999 0.4797405453125 0.12579012812499998 0.4773732640625 0.12566633124999999 0.46974533437500005 0.121323275 0.4563583734375 0.1193798375 0.43547269999999993 0.110653025 0.39206777187499997 0.10701482343749999 0.385519646875 0.0986720453125 0.37797475 0.09356139062499999 0.37506753437499996 0.08450604843750001 0.365344546875 0.0687360921875 0.35338806875 0.059060073437500006 0.347790528125 0.03155673125 0.3369968859375 0.0263745421875 0.33610163437499996 0 0.3249036078125 0 0.4923864078125
2 0.20854079531249997 0.3230060765625 0.2207198796875 0.3204173328125 0.22266223593749998 0.32133564375 0.22589050624999998 0.328303696875 0.229205725 0.3239383 0.22917766718750002 0.32028353906249996 0.23587193125 0.314201525 0.235174784375 0.30270194687499996 0.220754565625 0.299443990625 0.2171163640625 0.2928958625 0.2138127078125 0.2902701453125 0.2010602734375 0.288987240625 0.1882198109375 0.279070425 0.1788068015625 0.27940725781250003 0.170933925 0.27642158437500003 0.16775791874999998 0.2790934234375 0.1700667328125 0.285258534375 0.1700947921875 0.28891329374999997 0.1739717984375 0.2954106609375 0.18453150625 0.30281712656250004 0.1877278640625 0.308460790625 0.189873259375 0.310334325 0.19761462968750002 0.3103528125 0.203234809375 0.31448289687500003 0.2057824296875 0.320597246875 0.20854079531249997 0.3230060765625
2 0.2500442296875 0.07557155156249999 0.254670646875 0.10320838750000001 0.2657816609375 0.14843609062500002 0.2677201640625 0.151684775 0.2684288734375 0.1561932375 0.2707773078125 0.1590219953125 0.2716571421875 0.163161290625 0.27417670312500003 0.1656208796875 0.27297496718750003 0.17053542187499998 0.274945384375 0.17510849374999998 0.27388286093750003 0.178329478125 0.2752760734375 0.1813612734375 0.275403725 0.1866588296875 0.2795272453125 0.18844469531250002 0.280852778125 0.1911580828125 0.2809446625 0.197461621875 0.2797110140625 0.201051775 0.2783816265625 0.20066875781250001 0.2794325875 0.2044388875 0.27826661874999997 0.208347446875 0.2812802859375 0.22135139062500003 0.2843374296875 0.22868860937500002 0.28995483593750004 0.2551164265625 0.2916903 0.2574098875 0.29454055156250003 0.26612225624999997 0.301351984375 0.292296275 0.30478714687499997 0.29788917812500004 0.3048878203125 0.3194993359375 0.310018825 0.330722053125 0.310046884375 0.33437681406249997 0.306656278125 0.3430845453125 0.3075361125 0.3472238421875 0.31145273906250004 0.3503848546875 0.31291363125 0.3537350578125 0.31863725781249996 0.3571775671875 0.320269275 0.36015860312500003 0.32398671874999996 0.360034021875 0.3331532140625 0.36440869375 0.34047309062500003 0.371838221875 0.3456195125 0.37373945468750003 0.34864859843749996 0.3774219125 0.35118465468750004 0.390527378125 0.3545763421875 0.40178700625 0.3541944703125 0.40586169375000003 0.356189090625 0.4164198984375 0.362064571875 0.4311450984375 0.36424188125 0.4343430203125 0.3664791609375 0.44252009374999995 0.37018504218750004 0.44938662812499997 0.3705195859375 0.45330903749999996 0.373612496875 0.45964027500000004 0.3796079203125 0.484323775 0.3788518828125 0.48781240625000005 0.3803804546875 0.4914810171875 0.3809818625 0.4990074265625 0.38393170625 0.5093625921875 0.3815755625 0.511194578125 0.3767994515625 0.512209771875 0.3745544640625 0.508693440625 0.37343582343750004 0.5046049046875 0.3712904265625 0.5027313703125 0.366450490625 0.5010977859375 0.35911519687500004 0.5029897437499999 0.3479386640625 0.49737835312499995 0.33533700624999996 0.48741077656250004 0.323034125 0.48237159375000005 0.31084625312499997 0.46965371874999995 0.30508686093750004 0.4672171921875 0.29584497656250003 0.46718485625 0.28756217031250003 0.46461910937499995 0.273085834375 0.45405163125000003 0.269336478125 0.45285182187500006 0.26358479375 0.44575455 0.25759045 0.44103840937500005 0.250294778125 0.4395940140625 0.246314325 0.43378422343749995 0.2258717046875 0.422155365625 0.20852199374999997 0.41685774531249997 0.1974692578125 0.41887428125000004 0.1948501046875 0.41477189687499993 0.1857551421875 0.40838526093749994 0.176549025 0.4073469421875 0.1740971453125 0.40520576249999996 0.162407234375 0.40070187187500006 0.15637712343750002 0.3969917140625 0.147545171875 0.3965394515625 0.1448148640625 0.39778538281250003 0.14443299062499998 0.40186007031250004 0.1461530390625 0.413475015625 0.150877771875 0.4274833765625 0.1580365875 0.4658599625 0.1631879453125 0.485398184375 0.17512375625 0.547423021875 0.1854902953125 0.5891482421875 0.19339893749999998 0.591127934375 0.19966785468749998 0.5947873328125 0.20434051874999998 0.5944597140625001 0.2068281671875 0.5955949125 0.2096619203125 0.5936614078125 0.216858 0.59346300625 0.21920258124999997 0.598622134375 0.2205677359375 0.59799916875 0.2237002671875 0.600994053125 0.22912126093750002 0.60183854375 0.23487680000000002 0.6066054421875 0.23746018593749998 0.6117138109375 0.24632405 0.6134904640625 0.2510209203125 0.6191479765625 0.256071603125 0.617076040625 0.2608438609375 0.61839121875 0.26390871250000003 0.6210676953125 0.2669135921875 0.618765021875 0.27375971250000003 0.6239656984375 0.2847370609375 0.626291496875 0.2884787078125 0.632152046875 0.290377590625 0.6387370828125001 0.2956951390625 0.6402691484374999 0.2985608046875 0.6396600328125001 0.3057491765625 0.644122375 0.30812567031250004 0.650605890625 0.31068099843749997 0.6520594984375 0.315489021875 0.65236869375 0.3194375625 0.656854096875 0.3231230921875 0.6554051265624999 0.3251331296875 0.656641846875 0.328066475 0.6563511375 0.33184774375 0.658875334375 0.335807846875 0.656369625 0.342892771875 0.6615195390624999 0.351111753125 0.6614365078125 0.352644178125 0.662774746875 0.35694267968750004 0.661861071875 0.3617352875 0.6714917515625001 0.3704318796875 0.6713072 0.374420040625 0.67245625 0.3776521640625 0.6770939312500001 0.380685103125 0.67844601875 0.3828624125 0.6816439421875 0.395061846875 0.6873707015625 0.3987039015625 0.69158845625 0.39968718281250004 0.695040178125 0.40177260625000005 0.6919345625 0.406652165625 0.6902317953125 0.41070800468749996 0.69169925 0.41360173125 0.6947448953124999 0.42090125624999997 0.6938589187499999 0.4390768453125 0.735921034375 0.43531978281250006 0.73938196875 0.4369518 0.742363003125 0.4374893828125 0.747240634375 0.43891836250000005 0.7492664484375 0.4436906203125 0.7505816249999999 0.4452076296875 0.7612413499999999 0.44892121874999996 0.7634471406250001 0.45072050781249995 0.7683893796875 0.4516080515625 0.767867934375 0.450557090625 0.7640978046875 0.45141272031249996 0.76225196875 0.45414688124999997 0.758675665625 0.45694486875000007 0.7577481421875001 0.4618843984375 0.7610245234375 0.462863825 0.7668066171875 0.46446393124999996 0.7684632640625 0.46438854375 0.7728056 0.468747015625 0.7768710750000001 0.4714811765625 0.7732947734375 0.47639650156249996 0.770586021875 0.48172946562499996 0.7627966015625 0.48307041406250006 0.7561885046875 0.48767925312499993 0.75321210625 0.4893266875 0.74687165625 0.49397129375000004 0.7428892765625 0.49547951562500003 0.738242384375 0.4981102296875 0.7353536546874999 0.505652415625 0.7320865484375 0.5056205031250001 0.730762159375 0.528114475 0.6980262921875 0.531986546875 0.6868866703125 0.5296062 0.6827335234375 0.5299242468750001 0.6760100578125 0.5284672078125 0.6703294843750001 0.5352252984375 0.66689625 0.5396756546875 0.6772652640625 0.541048515625 0.67198155625 0.5434761921875 0.66813760625 0.543555434375 0.6614648984375 0.54169231875 0.65387388125 0.5384601953125 0.6492362 0.5361271765625 0.6370859578125 0.5311634421875 0.62782444375 0.5304547328125 0.6233159796875001 0.5277998140625 0.6202195749999999 0.5253314359375 0.60743251875 0.5288100734375 0.6073586984375 0.530214846875 0.6033993796875 0.5224085703125 0.5807647546875 0.5223128328125 0.5767915859375 0.518873815625 0.573529053125 0.517524078125 0.564830534375 0.51301375 0.5494823671875 0.5114851796875 0.5458137578125 0.511270578125 0.5518496500000001 0.5071432046875 0.5523941578125 0.5049658953125 0.5491962328125 0.5044283125 0.544318603125 0.5021475578125 0.5418082531249999 0.5019522265624999 0.5361922890625 0.5006228390625 0.5358092734375 0.4843307171875 0.5096536781250001 0.48409961875 0.505043696875 0.485126375 0.5028286937499999 0.4911680484375 0.49954773750000003 0.489949815625 0.49381640468750004 0.49295469531249997 0.49151373125 0.4898617859375 0.4851824921875 0.48926423124999996 0.4753257125 0.48514841875 0.46887910625 0.4842328171875 0.46574579062500004 0.48366332187500005 0.45954377031250004 0.479463334375 0.44213288281249996 0.4770114515625 0.43999170000000004 0.4733616890625 0.4404346890625 0.47114090624999994 0.4429034890625 0.4138474515625 0.38120150625 0.4143608296875 0.38009400625 0.41136751250000003 0.3754055640625 0.41322569375 0.36535959375 0.4129742453125 0.3524341078125 0.40559439687500004 0.3400254296875 0.3993040484375 0.3080831671875 0.3969275546875 0.30159965 0.3942726359375 0.298503246875 0.3901606765625 0.28972626875 0.3850412328125 0.2715124375 0.37528489062500003 0.2526202421875 0.362470325 0.2064234671875 0.3596162203125 0.20004147031250002 0.3547713484375 0.18077089531249999 0.34964419687500004 0.16721780625 0.3410334734375 0.13610155 0.336714621875 0.12869972031250002 0.33115718906249997 0.1072510546875 0.32748707499999996 0.09937853906250001 0.32579508437500004 0.09141835312499999 0.3241630671875 0.0884373171875 0.321217078125 0.07575178125000001 0.32168589999999997 0.060343643749999995 0.318019640625 0.050140757812500006 0.306969678125 0.0298595640625 0.24320859218750002 0.0434124015625 0.2429263109375 0.0491298859375 0.246126521875 0.052443178125 0.2477508328125 0.06008495625 0.24708667968750003 0.0698771265625 0.24762811562499998 0.07242438749999999 0.2500442296875 0.07557155156249999
2 0 0.19794242812500001 0.080600246875 0.22999612187500001 0.065699146875 0.16928479999999999 0.022305121875 0.15725830937500002 0.012915825 0.1698578546875 0 0.1613491640625 0 0.19794242812500001
2 0.2505092484375 1 0.25120095625 0.977285671875 0.1808440171875 0.9656247015625 0.08597021875000001 0.94409343125 0.09101131875 0.9807267109375 0.1115067375 0.9963322078125 0.15446885625 0.996515875 0.1622660640625 1 0.2505092484375 1
2 0.5967330750000001 0.716720275 0.600745440625 0.72385445625 0.6048651078125 0.7279706921875 0.6049966125 0.730937878125 0.603285353125 0.7346295484375001 0.6043682265625 0.7397240671875001 0.6147898015625 0.7687914515625 0.6219462609375 0.7719294015625 0.625210296875 0.7778914734375 0.6247926578125 0.7829721421875 0.6263927625 0.7846287890625 0.6304166906249999 0.78477185625 0.6306158749999999 0.7880574484375 0.6276109953125 0.790360121875 0.6378400140625 0.791513809375 0.6403914875 0.7952977875 0.6411156124999999 0.790484765625 0.6435394343749999 0.7889711875 0.650560534375 0.791472325 0.6519218343750001 0.7931797296875 0.6584691765625 0.793452015625 0.66587215 0.791878465625 0.6904355171875001 0.82759091875 0.689683334375 0.8287491796875001 0.6914507109375 0.8323670312499999 0.695060853125 0.8352603953125 0.699220140625 0.836040278125 0.7005456734375 0.8387536656249999 0.7153323484375 0.8472584218750001 0.7200050124999999 0.8469308015625 0.7230456609375 0.8436221484375 0.7271972390625 0.849062771875 0.7314957390625 0.8481490968750001 0.7353127734375 0.8496673140625 0.76240125 0.8432438953125001 0.76434360625 0.84416220625 0.7674326625 0.852823815625 0.769609971875 0.8560217390625 0.7663624328124999 0.8607055421875 0.7687785468749999 0.8638527078125 0.7708127890625 0.8710745578125 0.770701634375 0.8764228749999999 0.77566536875 0.8856843890625001 0.778228403125 0.882477253125 0.7780765484375001 0.8711945640625001 0.779035625 0.8686611546874999 0.78813829375 0.8703870453125001 0.7889262453125 0.868222803125 0.785164246875 0.8540467484375001 0.7808453953125001 0.8466449203125 0.777592921875 0.8336917343750001 0.7717097328125 0.8236272781249999 0.7682861328125 0.8110432609375 0.757999915625 0.7826126921875 0.7544970734375 0.7767013796875 0.7487250390625 0.76128860625 0.7461058859375 0.7571862203124999 0.74264651875 0.745608184375 0.7386264437500001 0.7431347453125 0.736246096875 0.7389816 0.7343153015625 0.7310721734375 0.732205671875 0.7281926578125 0.7280298890625 0.7167669015625 0.7257095125 0.7175929062499999 0.72471466875 0.721132296875 0.7256110015624999 0.7359174687500001 0.7236609359374999 0.7396599 0.7217862578124999 0.7390599953125 0.7154177484375001 0.7337578 0.703660159375 0.7289355046875 0.7028122375 0.726120596875 0.6997154734375 0.7221197296875 0.70190434375 0.718326540625 0.700952975 0.71619920625 0.6983976484375 0.7147455984375 0.6981307828125 0.7111415984375 0.6896807046875 0.7066146484375 0.68572445625 0.7067899890625 0.68003274375 0.7046718671875001 0.660175034375 0.68992354375 0.6539699437500001 0.688912925 0.6496472375 0.6838414671875 0.6441266515625 0.681354178125 0.64014234375 0.6778747578125001 0.636767153125 0.6772610046875001 0.621299828125 0.6679025453125 0.614107603125 0.665770575 0.612853603125 0.6610452234374999 0.611492303125 0.65933781875 0.5995239671875 0.6582210421875 0.588725453125 0.6508653359375 0.5819073921875 0.6493194203125 0.5755427375 0.6416868546875001 0.57520819375 0.6377644453125 0.5691780828125 0.6340542874999999 0.5677848703125 0.63102249375 0.563589815625 0.6312485921875 0.5612655859375 0.63440496875 0.5615005375 0.6366845796875 0.5633036812500001 0.6392964484375 0.5657043796875 0.6517650984375 0.5686657859375 0.6551291499999999 0.56934258125 0.6583132234375 0.57570338125 0.6682761625 0.5771961875 0.6729507531250001 0.5807028828125 0.67653169375 0.585937334375 0.6870668375 0.5967330750000001 0.716720275
2 0.836934953125 0.8733267234375001 0.8395618140625001 0.8727683671875001 0.8500257828125 0.8762016640624999 0.8536359265625 0.8790950296875 0.8584758625 0.880728615625 0.8624601703125 0.8842080359375 0.8670293875 0.884567990625 0.8716943453124999 0.8889011140624999 0.875988990625 0.8903178109375001 0.8810638796875001 0.8942310078125001 0.8853266124999999 0.8943233156250001 0.8909787046875 0.8997777906250001 0.9037949640624999 0.903709471875 0.9083245625 0.9074057812499999 0.9205636171875 0.9097961874999999 0.9258734578125001 0.9159889953125001 0.9334437015624999 0.9163766484375 0.934633875 0.918453221875 0.9807233500000001 0.908656603125 0.977940778125 0.900262640625 0.9756281109374999 0.8964279015625 0.9681293999999999 0.8940282843749999 0.9654464218750001 0.8872771187499999 0.9612948421875 0.8818364953125 0.95880719375 0.8807012953125 0.9521079953125 0.8691463203125 0.9472003796875 0.867194328125 0.94000321875 0.84742536875 0.9349921562500001 0.84616095 0.9326794875 0.8423262125000001 0.9328902343750001 0.8386206921875001 0.9345299609375 0.8369409843750001 0.9310628859375001 0.8300236906249999 0.928029946875 0.828671603125 0.9218325640625 0.823000240625 0.9131436796875001 0.8185240515625001 0.9106279734375 0.8137340906249999 0.8809462421875001 0.7797751640625 0.8808350875000001 0.7851234828125 0.8793268671875 0.789770375 0.8764611999999999 0.7903794921875 0.8712470984375 0.7881598515625 0.8666778796875001 0.7877998953125 0.8600067390625 0.7798996828125 0.8600463609375 0.7765633296875001 0.857757896875 0.778713721875 0.84736160625 0.7755988312500001 0.841685309375 0.764159225 0.8233011359375 0.76573735 0.819177615625 0.7639514859375 0.81700030625 0.7607535640624999 0.8130121453125 0.7596045140625 0.8068505296874999 0.7529271703125 0.8025558828125 0.751510471875 0.795232153125 0.7464113171875 0.79294754375 0.7462313390624999 0.7908978859375 0.7483309734375 0.7877257328125 0.7486724406249999 0.784386309375 0.7470527062500001 0.7808796140625 0.7434717671875 0.7777432281250001 0.7428072515624999 0.7766168796875 0.743379459375 0.7759642890625 0.746180515625 0.776772590625 0.7523317765625 0.780638034375 0.7658202578125 0.7995823046874999 0.8173699875 0.8314831249999999 0.8911252015625 0.8335173671874999 0.8983470546874999 0.83868799375 0.90623341875 0.8404273124999999 0.9061965078125 0.8403673406250001 0.9012173578124999 0.8359362546875 0.8791964859375 0.836934953125 0.8733267234375001
2 0.5273147828125 0.3361173125 0.5349983421875 0.3710913671875 0.5465385578124999 0.40424728749999994 0.5479917421875 0.41225823281249996 0.5473033843749999 0.4160652734375 0.5490988203125 0.423337884375 0.554496690625 0.438164603125 0.5576969015625 0.44147789531250003 0.5613950734375 0.453005171875 0.56404999375 0.4561015765625 0.564348771875 0.46102996718749994 0.5659807890625 0.46401100156249997 0.56594116875 0.4673473546875 0.5590642171875 0.48078965 0.551700865625 0.47902684687499997 0.545663046875 0.47997743281250005 0.5406916046875 0.4753766609375 0.5317919718749999 0.47460599062500003 0.529988828125 0.471994121875 0.5272623750000001 0.4709096828125 0.525021240625 0.4650629796875 0.522740484375 0.4625526296875 0.5160220171875001 0.46264951249999997 0.5131640578125001 0.45859788593750006 0.5095781203125 0.461689653125 0.504877396875 0.4583625109375 0.503201903125 0.46104820156250004 0.5293521218749999 0.54767350625 0.5532089421874999 0.618812215625 0.558244209375 0.6260617671875 0.56485923125 0.626652459375 0.5698306734374999 0.6312532296875 0.5737192421875 0.6307594828124999 0.5780815687499999 0.6324945859375 0.5806407499999999 0.6316178234375001 0.5846927359375 0.6354156515625 0.5903167703125 0.6372153640625 0.5910970125 0.6397118640625 0.5882951703125 0.642969759375 0.6206984203125 0.6603761359375 0.6238309515625 0.663371021875 0.6268996578125 0.6637171265624999 0.62894160625 0.6662782359375 0.629391159375 0.6625219546875 0.6323960390625001 0.6602192828125 0.6347483281249999 0.66071766875 0.6378131796875001 0.6633941453125 0.6445635609375 0.664621653125 0.6484686265625 0.6747737796875 0.656070784375 0.6764858234375 0.659645159375 0.6803851703125 0.6618620890625 0.680246740625 0.665233425 0.6831908656250001 0.6674784140625001 0.686707196875 0.6715023421875 0.6868502640624999 0.684040175 0.6941690609375 0.6874434234375 0.698437575 0.6917061578125 0.6985298828125 0.70029545 0.7013632750000001 0.7059756 0.7104725109375 0.7103417796875 0.70987724375 0.7199220609375 0.7115016171875 0.722270496875 0.7143303734375 0.724949621875 0.723411909375 0.7269635125 0.7223182578125 0.7289454906249999 0.719900215625 0.7289966734375 0.7095727484375 0.725294646875 0.7003758437500001 0.72411218125 0.6936385281249999 0.7128668874999999 0.6677413703124999 0.7000649640625001 0.634520840625 0.6920083203125 0.6189280890625 0.6817897828125 0.5908159296875 0.6762488453125 0.5800131375 0.6681757046875 0.5537745109375 0.64837580625 0.5040706171875 0.6403191609375 0.488477865625 0.6295514796874999 0.46247918749999994 0.6127168390625 0.41380897499999997 0.5473701281250001 0.2519840578125 0.5422352671875 0.2430917109375 0.5247540515625 0.2348269046875 0.5210124046875 0.228966353125 0.5082957375 0.226677465625 0.50559734375 0.2292477859375 0.505418509375 0.234277696875 0.49720446249999994 0.25199771718749997 0.49678682187499995 0.2570783875 0.497726628125 0.2661968328125 0.5010506359375 0.2771380546875 0.5018589375 0.2832893140625 0.5039289453125 0.289505184375 0.5063450609375 0.2926523484375 0.5126904453125001 0.3119367703125 0.514867753125 0.3151346953125 0.5206001671875 0.333883821875 0.522677884375 0.3354389484375 0.5273147828125 0.3361173125
2 0.762438240625 0.717773009375 0.7653319671875 0.7208186546875 0.7668605390625001 0.7244872640625 0.7694835453125 0.726259278125 0.771362078125 0.7245288125 0.8046567234375 0.7390833703124999 0.8082707203125 0.739646365625 0.8093574484375001 0.7424105140624999 0.8147107625000001 0.7429365953125 0.8172303234375 0.7453961859375 0.8302573296875 0.7456223484375 0.8309302703125001 0.75113679375 0.8346158000000001 0.7496878234375 0.8375810593749999 0.7507215046875 0.8397660765625 0.7492586859375 0.8755841390624999 0.7639424625 0.8785416890625 0.7696368875 0.886521865625 0.7696046140624999 0.8903108421875 0.7674680687500001 0.896702475 0.7587880375 0.9014824406249999 0.7554424703125 0.902648409375 0.7515339125 0.9160138124999999 0.7533521109375 0.9184337812500001 0.7541689046875 0.9248699703125001 0.7597895078125 0.9285516453125 0.7606709078125 0.9308043421875001 0.759526496875 0.9375189562499999 0.7617599859374999 0.939457459375 0.76500866875 0.94087873125 0.771695225 0.943227165625 0.77452398125 0.9521229437500001 0.777625021875 0.9515853609375 0.7727473921875 0.9463509078125 0.7622122499999999 0.9429234546874999 0.7519586031250001 0.9384334781250001 0.7449259406250001 0.936056984375 0.7384424234375 0.93421421875 0.7391669078125 0.9326383187499999 0.7434953937500001 0.9285467109375001 0.7430339203125 0.9243989859375 0.7352629234375 0.9251269640625001 0.7281195312500001 0.9265955640625 0.726808990625 0.9252342656250001 0.725101584375 0.9244259640625 0.718950325 0.9209308296875 0.7083782703125 0.921312703125 0.7043035828125 0.918438246875 0.68960608125 0.9166389578125 0.6846638421875 0.9146289203125001 0.6834271234375 0.9009790750000001 0.6473916875 0.9002307453125 0.6462195765625001 0.8963421765625 0.6467133234375 0.8943679078125 0.6444706234375001 0.8922544234374999 0.643921478125 0.8930143156250001 0.638102475 0.894753634375 0.6380655640625 0.8939772453125 0.6332386921875 0.8885997265625001 0.6267274781250001 0.8793974640625001 0.6233587875 0.8779965421875 0.6249877359375 0.8772047390625 0.62948235 0.871541084375 0.6310189890625 0.8682809015625 0.622726546875 0.86531564375 0.6216928671875 0.8642965953124999 0.6192471265624999 0.8612039656249999 0.61957169375 0.8583660765625 0.6171797671875 0.8616812968750001 0.6128143703125 0.8580353875 0.6109269859375 0.8534738765625001 0.6059062875000001 0.8522160234375 0.603511309375 0.8508662859375 0.5948127890625 0.8442347671875 0.583576221875 0.8405008265625 0.573054928125 0.8361423562500001 0.5689894515625 0.8321696109375001 0.558518915625 0.8276400125000001 0.554822609375 0.82301853125 0.5448227609375 0.818118621875 0.5382100249999999 0.815845575 0.5310389328125 0.813122975 0.527624121875 0.811132209375 0.5147355453125 0.8126723421875001 0.5114130421875 0.810645809375 0.49953044843749994 0.8037320093749999 0.49401136562500003 0.8014628171875 0.48450990312500003 0.8022865343750001 0.481339678125 0.8006864281249999 0.47968303125 0.799535875 0.4742701046875 0.796916721875 0.47016771874999996 0.7971951484375001 0.46678060625000006 0.7947113546875 0.463315034375 0.7937638406249999 0.45885732968750004 0.7913158124999999 0.4543857765625 0.7855960421875 0.44861289531250004 0.78321569375 0.44445975000000004 0.779096028125 0.44034351562499996 0.7763695734375 0.439259075 0.77140969375 0.4276671890625 0.7648023796875 0.42241575468750003 0.7564876593750001 0.41852561875000005 0.7509709265625 0.41370795937500005 0.7429907515624999 0.41374023125 0.7359377390625 0.40991470625000004 0.7331155468749999 0.404857096875 0.7297684140625 0.4078981046875 0.7308512875 0.4129926234375 0.7310389109375001 0.42326933125000005 0.7328739671875 0.42720558906250006 0.7337857156250001 0.43266927343750006 0.7409982921875 0.443116746875 0.748505790625 0.460822984375 0.7538833109375 0.4673341984375 0.7616895875 0.48996882499999994 0.76570580625 0.494772634375 0.7693043875 0.5046571140625 0.774040878125 0.506978271875 0.7749883921875 0.5114359765625001 0.7770622546875 0.515321475 0.777022634375 0.518657828125 0.7811065328125 0.523780046875 0.7848085593749999 0.5329769515625 0.78766651875 0.5370285765625 0.7912970109375 0.5482374453125 0.7952494046874999 0.5503924765625 0.796678384375 0.552418290625 0.8028168765625001 0.5730778625 0.807880203125 0.5839821734374999 0.811044646875 0.588301446875 0.812740490625 0.5939312609375 0.8190616703125 0.6072305515624999 0.8173861765625 0.6099162421875 0.8120367171874999 0.6070597859375 0.811384125 0.60986084375 0.8099155250000001 0.6111713828124999 0.8043872296875 0.6133448390625 0.802890571875 0.61100061875 0.8010835734375 0.610719121875 0.7999533703124999 0.6136216984375 0.7974618687499999 0.61481686875 0.795965209375 0.6124726500000001 0.7848805609375 0.6131647984375 0.776406278125 0.602652715625 0.765767328125 0.60191895625 0.760354040625 0.5964137218750001 0.756401646875 0.594258690625 0.7536394265624999 0.5941802328125 0.7487675765625 0.5912222578125 0.7445048437499999 0.59112995 0.73828325625 0.57947345625 0.7348722984375 0.579865684375 0.7297616437500001 0.5769584703125 0.725769628125 0.5781397921875 0.7234646687499999 0.5696443109375 0.7213550390625 0.5667647953125 0.7160336375 0.5675631015625 0.7089167984375 0.561088796875 0.7064968296874999 0.5602720031249999 0.7055735203125 0.5617994328125 0.7082053171875 0.5788780640625 0.7186230390625 0.61027581875 0.7273922453125 0.6280466625 0.740771371875 0.6628084671875001 0.7459381453125 0.6730252046875 0.7476339890625 0.67865501875 0.7501854625 0.682438996875 0.7517101796875 0.688437978125 0.7555871875 0.6949353453125 0.762438240625 0.717773009375
2 0.6065624640625 0.3202710765625 0.6065905218750001 0.3239258359375 0.609102375 0.33104616875000004 0.61022486875 0.332804334375 0.613775040625 0.33071855 0.6162230671875 0.335190103125 0.6189621640625 0.3492507890625 0.62018425 0.3526517515625 0.62263613125 0.354792934375 0.6235517328125 0.3579262484375 0.62455921875 0.367363103125 0.6264300421875 0.370293378125 0.630657009375 0.3713916671875 0.6319467750000001 0.3751110375 0.63027128125 0.377796725 0.6319390671875 0.37977177968750003 0.6366755578125 0.38209293906249997 0.6405003 0.3789504125 0.644655734375 0.3820606671875 0.6454998015625 0.38720594531249997 0.650809640625 0.39339875156250004 0.655995684375 0.3919636328125 0.6662566156249999 0.394441709375 0.6724578515624999 0.3977826984375 0.6758011296875 0.3970720625 0.6778546421875 0.3926420578125 0.6850149546875001 0.3934496390625 0.6892342140625 0.3992086703125 0.70068531875 0.40376331875 0.703316034375 0.4008745921875 0.709493065625 0.39823045156250003 0.7233437890625 0.3952863890625 0.7288885796875 0.4037588078125 0.734416875 0.40158535312500004 0.7974125234375 0.4384469828125 0.8005092875 0.4424478484375 0.8046724281250001 0.4408973609375 0.8080118515624999 0.4425170953125 0.8101611015625 0.4420602578125 0.81149434375 0.440112903125 0.8182689296874999 0.44732554375 0.81939913125 0.444422965625 0.8214807015625001 0.443647721875 0.8243859890625 0.43970225156250003 0.8287164031250001 0.44011296718750004 0.8313036437499999 0.44289096250000004 0.8305118390624999 0.447385578125 0.8329598656250001 0.45185713125 0.8353440671874999 0.4536799046875 0.8402874515625 0.454625915625 0.8431773218749999 0.46000193125 0.84388603125 0.4645103953125 0.8454861359375 0.4661670421875 0.848590609375 0.46550716562499994 0.8542107874999999 0.46963725 0.8540319546875 0.47466715937500004 0.855254040625 0.478068121875 0.857025271875 0.4793556 0.8647704968750001 0.4770437171875 0.8668278624999999 0.47028333906249997 0.8711824796875 0.4766791875 0.8781678124999999 0.48018630625 0.87901188125 0.485331584375 0.882558196875 0.4855761703125 0.8852923593750001 0.48199986875 0.8841775734375 0.47558095937499995 0.8817614578124999 0.472433796875 0.878130965625 0.46122492812500004 0.8753087734375 0.45616731875000005 0.8688918546875 0.43889485937500006 0.8570297375000001 0.414792778125 0.853060846875 0.40199187187499996 0.8486027828125 0.3962835984375 0.8386560453125 0.389412428125 0.8327332343749999 0.382684325 0.8196820234375 0.37647302968749996 0.8127363125 0.3696295578125 0.8099064125 0.3692326921875 0.8076256562499999 0.3667223421875 0.7949486109375 0.361097103125 0.78861586875 0.3547889265625 0.77655179375 0.34969898125 0.770422090625 0.34434602812500004 0.6793178390625 0.29149471718750003 0.6669869 0.28280077187499997 0.6623500015625 0.282122409375 0.6196577609375 0.2585831953125 0.581264021875 0.23413030625000003 0.5731165734375 0.232201375 0.570625071875 0.23339654687500003 0.5705535375 0.2354085109375 0.5779179703125 0.25713867343749996 0.5808116953125 0.26018431875000003 0.5855327703125 0.2718269640625 0.5880165640625 0.275292534375 0.58865759375 0.27948259062499997 0.5936812984375 0.293723253125 0.5973591203125 0.29693502656250004 0.6015271953125 0.3130215265625 0.6065624640625 0.3202710765625
2 0.45774157187500003 0.25539391718750004 0.45838645468749994 0.2572536015625 0.47812422187500003 0.262043625 0.4823269828125 0.2571567828125 0.4944422421875 0.25191925937500004 0.49677032499999996 0.24643251249999998 0.49957216718749997 0.2431746171875 0.5025528421875001 0.23488681250000001 0.5036868984375 0.22965386406250002 0.5016488031249999 0.224762384375 0.502878596875 0.2235026046875 0.5070736515625 0.223276503125 0.5139555375 0.227471196875 0.5207059187499999 0.22869870468750003 0.5314329 0.238066375 0.5411446859375 0.242657934375 0.545423915625 0.2533961171875 0.5441099453125 0.24369161562500002 0.5334814765625 0.21599938125 0.5269253453125 0.20042047968749999 0.5256994046875 0.1993498875 0.5201749640625 0.199192971875 0.5086561796875 0.194319915625 0.5028329609375 0.1892346078125 0.479150509375 0.1776288109375 0.4484188984375 0.159867115625 0.423621659375 0.14184240937499998 0.40821815937499994 0.1351327296875 0.3989559265625 0.126784890625 0.396770909375 0.12824770937500002 0.39969269375 0.1349481140625 0.39971304375 0.1432636171875 0.40188264531250006 0.151122284375 0.40669945781249994 0.16673809687500002 0.4123042203125 0.1801896671875 0.42074381718750004 0.211675090625 0.43119730624999997 0.24206686406250003 0.44928763906249997 0.2531973375 0.4548120796875 0.25335425312500004 0.45774157187500003 0.25539391718750004
2 0.37087199531250004 0.198980153125 0.37419985625 0.20759100312499998 0.3775073671875 0.20788634843749998 0.3798915703125 0.209709125 0.3917322546875 0.2055283421875 0.39578809531250003 0.2069957984375 0.3997327828125 0.21381157343749999 0.401695490625 0.22304538906250002 0.403637846875 0.22396370000000002 0.4066823484375 0.2183246734375 0.4026980421875 0.21484525468750001 0.40306341718749994 0.200124690625 0.40035623437499995 0.1873883953125 0.3764994140625 0.1162496828125 0.3676790234375 0.1088063078125 0.358922459375 0.10401170781249999 0.335247715625 0.08774516875 0.330439690625 0.08743597343750001 0.3290387703125 0.08906492031249999 0.331574828125 0.10217038593750001 0.3337521359375 0.10536830781249999 0.34673397499999997 0.1535262875 0.35091361249999997 0.162621671875 0.3581745984375 0.18503940937500002 0.3610963828125 0.191739815625 0.3649095640625 0.195588403125 0.3650053015625 0.1995615703125 0.366298921875 0.2009505703125 0.37087199531250004 0.198980153125
2 0.9280385546875 0.4729138828125 0.9379291765625 0.472475534375 0.9419569578125 0.470288228125 0.9465900015625 0.4732969625 0.9510557734375 0.47434449218749997 0.9547413046875001 0.4728955234375 0.9637047609374999 0.47631497187500005 0.969033871875 0.47085592343749993 0.9680186781250001 0.4660798125 0.9598151125 0.456841359375 0.95538510625 0.45478784843750003 0.9529612843749999 0.4563014265625 0.9303732671875 0.44279903281250005 0.9283313171875 0.44023792500000003 0.9257402234375001 0.4397903 0.9229857109375 0.4350510984375 0.9191329093749999 0.434538865625 0.9169798046875 0.4373260734375 0.9140464578125 0.43761678281250005 0.905664059375 0.43340823906250003 0.90181125625 0.4328960046875 0.89741701875 0.4298365109375 0.8971859203125 0.42522652812499995 0.894797865625 0.42573412499999996 0.887912125 0.42386980156250004 0.885189525 0.42045499062499997 0.883585565625 0.4211287171875 0.8826584015625001 0.424986515625 0.8890676125000001 0.44691971875 0.8901224265625001 0.448359475 0.8923393562499999 0.448221046875 0.9010485921875 0.4610127390625 0.9022629703125 0.46907444531250003 0.9086672453125001 0.4733706578125 0.91101568125 0.4761994140625 0.9199191656249999 0.4746397125 0.924110365625 0.476743984375 0.9280385546875 0.4729138828125
2 0.631191040625 0 0.631986215625 0.0007103453125 0.6366473187499999 0.007373840625 0.6484010546875 0.0145265078125 0.659227628125 0.0255369765625 0.66542115625 0.033538709374999996 0.671041334375 0.03766879375 0.675307921875 0.0354307296875 0.6817121984375001 0.03972694375 0.7020271671875 0.04605824375 0.708391821875 0.053690809375 0.71899500625 0.0554305515625 0.7231862046875001 0.05753482343750001 0.7329260515625 0.06578114375 0.7372129890625 0.071858584375 0.743581496875 0.077160778125 0.751115975 0.0785544140625 0.7557567281249999 0.07690240625 0.781786228125 0.092113659375 0.7920369843749999 0.10080614843749999 0.8041648859375 0.1085448734375 0.809641996875 0.116698884375 0.813443615625 0.1275385875 0.820485065625 0.13835522656250002 0.8219778718749999 0.14302981875 0.8216317656250001 0.146098525 0.823295696875 0.15040395 0.8255087718749999 0.152595890625 0.8285340031249999 0.158608721875 0.8315108234374999 0.1526512890625 0.8401320296874999 0.15680907187499998 0.8448085484375 0.15415108125000002 0.8478095734375 0.1541787796875 0.8568561265625 0.14859515 0.86333964375 0.14621865625 0.8652181750000001 0.144488190625 0.8671363281250001 0.1394213703125 0.871164109375 0.137234065625 0.864691075 0.11265208593750001 0.861120553125 0.1064223671875 0.6983004937499999 0 0.631191040625 0
1 0.5656938625000001 0.163226971875 0.5711071484375 0.1687322046875 0.5777183171875 0.17165326875 0.581089653125 0.17459739375 0.583111253125 0.1688429984375 0.5772511875 0.1447963140625 0.5772908078125 0.141459959375 0.5730638421875 0.1403616703125 0.5641042390625 0.1346118515625 0.5624722203125 0.131630815625 0.5624083953125 0.12898203749999998 0.5569631953124999 0.12215241406249999 0.546391925 0.1217370609375 0.54526943125 0.11997889531249999 0.545070246875 0.116693303125 0.540879046875 0.11458903125 0.535943371875 0.10898227812500001 0.5312745609375 0.106979525 0.52368781875 0.095945996875 0.5192578140624999 0.093892484375 0.514684740625 0.0958629 0.51130955 0.095249146875 0.510796171875 0.0963566484375 0.5131049859375 0.10252175937500001 0.5228970953125 0.120407971875 0.523434678125 0.12528560312499998 0.5251701421875 0.1275790625 0.5265595015625 0.1329412296875 0.5297877703125 0.13990928281249998 0.533123340625 0.1438593890625 0.554206990625 0.1596783046875 0.5656938625000001 0.163226971875
1 0.49406220625 0.06929659218749999 0.48969987968749995 0.06756148906250001 0.48687576093749996 0.063669065625 0.48667464843749997 0.0615486578125 0.48340675937500005 0.0579169578125 0.4790444328125 0.056181853125 0.475088184375 0.05635719375 0.47168108125 0.0544190515625 0.4691538125 0.056620203125000004 0.46883961875 0.061013300000000006 0.4745236234375 0.0677921625 0.47927275781249995 0.0830895671875 0.475818325 0.08914852031250001 0.47421436562499997 0.089822246875 0.4636150359375 0.0857521328125 0.45608826718750006 0.0796977546875 0.44913099218749997 0.0798453953125 0.44479672499999995 0.0817650515625 0.4530998828125 0.0926463015625 0.455134125 0.099868153125 0.4596241015625 0.106900815625 0.47628545468750005 0.116005475 0.48865986875 0.119032696875 0.5055617203125 0.08582150468750001 0.5062858453125 0.081008484375 0.5055133109375001 0.07385124062500001 0.5023488671874999 0.0695319671875 0.49406220625 0.06929659218749999
1 0.70475671875 0.251477028125 0.713620584375 0.2532536796875 0.7308668484374999 0.259238875 0.7360732421875 0.2661192578125 0.7455385140625 0.27542231875 0.7599867921875 0.2823350375 0.7632865953125 0.2872911265625 0.767820046875 0.2886570640625 0.7733048671875 0.292150334375 0.77582828125 0.292279553125 0.777734871875 0.2942038453125 0.7816911203125 0.29402850625 0.7913033140625 0.29697726874999997 0.7965058546875 0.306188021875 0.8044502640625 0.30716173125 0.8085099578125 0.30629881718749996 0.8096720734374999 0.304720628125 0.807167928125 0.2929395546875 0.8039000375 0.2893078546875 0.8034978140625 0.2850670375 0.8000307390625 0.27814974531250003 0.7946135984375 0.2749748828125 0.7932203859375 0.2719430875 0.7888261484375 0.26888359375 0.785594025 0.26424591249999996 0.7820477078125 0.26400132656249997 0.778879409375 0.2620124234375 0.770756165625 0.2660686234375 0.7660912093750001 0.2617355 0.7654578890625 0.2528847015625 0.7631375125 0.25371070625000003 0.7469614796874999 0.239843784375 0.745504440625 0.234163209375 0.7417908515625 0.23195741875000003 0.739920028125 0.22902714375 0.73929935 0.233152590625 0.7319959703125 0.2363689375 0.7300101375 0.24111735156249997 0.7265634140625 0.24251556093749999 0.724724503125 0.24090967343749997 0.7208436421875 0.236742678125 0.718327934375 0.23195271874999998 0.7197404171875 0.22333265781249997 0.7230556375 0.21896726093750002 0.7238474421875 0.214472646875 0.723341771875 0.21091940468749998 0.7125751703125001 0.2048880875 0.7106009 0.2026453859375 0.7066127390625 0.20149633749999998 0.700005425 0.19624490156250002 0.6883155140625 0.1917410125 0.682890665625 0.19322689375 0.6816570171875 0.1968170453125 0.678655990625 0.1967893453125 0.6774658171875 0.1947127734375 0.6735134234375 0.1925577421875 0.6704766296875 0.193536025 0.6695175546875001 0.19606943593749998 0.660856728125 0.19524800625 0.65721081875 0.193360621875 0.6556145671875 0.1893736046875 0.6490749328125001 0.184440578125 0.644266909375 0.18413138125 0.6335641328125 0.18074884375 0.6297790109375 0.1805550171875 0.6143843 0.189151953125 0.613870921875 0.1902594546875 0.6175845109375 0.1924652453125 0.621254625 0.20033776093750003 0.63242345 0.21060989375 0.6473135703125 0.218427075 0.6688748328125 0.234144471875 0.678690065625 0.23804845624999998 0.6862845140625 0.2444212421875 0.7006293453125 0.25202153437499997 0.70475671875 0.251477028125
1 0.8823634796875 0.41772775468749995 0.891319228125 0.4258079453125 0.8943125453125 0.43049638593750006 0.9011982859375 0.432360709375 0.903717846875 0.4348202984375 0.9088323562499999 0.435397140625 0.914110284375 0.44026556093749997 0.91639489375 0.44044553906250006 0.9200050359375 0.4433389046875 0.9223496156250001 0.44849803125000004 0.9329208859375001 0.44891338437500006 0.9392893953125 0.4542155796875 0.9435878953125 0.45330190468750003 0.9444908546875 0.44345897343749996 0.9436786984375001 0.439638084375 0.9416009828125 0.43808295781249995 0.9398374593750001 0.4321347359375 0.936943734375 0.42908909062499995 0.9354151625 0.42542048125000004 0.9314270015625 0.42427143125000005 0.9275538484375 0.41544369375 0.926845140625 0.41093523125000003 0.91559321875 0.409666175 0.9145384046875 0.40822641718749997 0.914207715625 0.4019736375 0.9005870093749999 0.38956032343749997 0.898923078125 0.385254896875 0.8963677499999999 0.383801290625 0.891523959375 0.3844980765625 0.8892112921875001 0.38066333750000003 0.885691953125 0.36410615156250004 0.8836500031250001 0.36154504374999996 0.8812619484375 0.36205264062500003 0.87850358125 0.35964381093750003 0.8772853484375001 0.353912478125 0.8775995421875 0.3495193828125 0.8738182734375 0.346995184375 0.8717124984375 0.34178529687500003 0.8672467265625 0.3407377671875 0.8646275734375 0.33663538125 0.8626175359375001 0.33539866093750004 0.859238490625 0.33711527812500003 0.8571250078125001 0.336566134375 0.85263503125 0.329533471875 0.854175165625 0.32621096875 0.845394396875 0.3154312390625 0.8318413703124999 0.30333633125000004 0.8288007234375 0.306644984375 0.8310022359374999 0.315828040625 0.8404124718749999 0.3377889421875 0.8487871640625 0.346658228125 0.8504510953125 0.3509636515625 0.8528160265625001 0.3644382828125 0.8563188687500001 0.37034959375 0.8617447968749999 0.388831075 0.8663778421874999 0.3918398078125 0.8805322765625 0.41146112500000004 0.8823634796875 0.41772775468749995
2 1 0.5836457859374999 0.998011215625 0.580175825 0.997437865625 0.5763041765625 0.995296325 0.572100271875 0.9840124906250001 0.569506828125 0.9836421812499999 0.5665904015625001 0.9694673953124999 0.53865358125 0.9702195781249999 0.5374953203125 0.9683845218749999 0.5335590609375 0.9697535296875 0.530605725 0.96856335625 0.5285291515625 0.9631742750000001 0.52900905 0.9596202500000001 0.53342520625 0.957064921875 0.5319715984375 0.956081640625 0.5285198765625 0.9547522531249999 0.5281368609375 0.953964303125 0.530301103125 0.9492877843749999 0.53295909375 0.9481894953125 0.5371860609375 0.9488662906249999 0.540370134375 0.9479352734375001 0.54655830625 0.9529105687499999 0.5488287046875 0.9537942578124999 0.5506376296875 0.9521864453125 0.5536417265625 0.9581807890625 0.5583578671875 0.959506321875 0.5610712546875 0.9609556515625 0.571412571875 0.966018978125 0.5823168828124999 0.969625265625 0.5875406187500001 0.9730807796875001 0.601449025 0.9746808843749999 0.6031056718750001 0.9820211125 0.618850703125 0.984747565625 0.6199351421875 0.98733480625 0.6227131406249999 0.9900689671875 0.6191368374999999 0.9940928953125001 0.6192799046874999 0.9974961453125 0.62354841875 0.9974246109375 0.6255603828125 0.9956814390625001 0.627927665625 0.998065640625 0.6297504390625 0.99867475625 0.63261610625 0.9977156796875001 0.635149515625 0.999479203125 0.6410977375 0.99773603125 0.6434650203125 0.9994280203124999 0.6514252046875 1 0.65276594375 1 0.5836457859374999
