1 0.0331266640625 0 0.02099609375 0.012044270312499999 0.01953125 0.013346354687500001 0.02001953125 0.014322917187500001 0.053955078125 0.0478515625 0.062744140625 0.05501302031250001 0.072021484375 0.05859375 0.0859375 0.06022135468749999 0.11807354218749999 0.0492421 0.12588470000000002 0.025792615624999998 0.16396432968750002 0.0244899109375 0.2020439609375 0.015370628124999999 0.23426512812500003 0.0244899109375 0.26611328125 0.025390625 0.275146484375 0.0227864578125 0.27880859375 0.013346354687500001 0.278076171875 0.009440104687500001 0.2705078125 0 0.11474609375 0 0.0331266640625 0
2 0.404541015625 0.6243489578125 0.419677734375 0.609375 0.428466796875 0.595703125 0.419921875 0.5797526046875 0.4130859375 0.5777994796875 0.328369140625 0.5755208328125 0.255615234375 0.5755208328125 0.224609375 0.5784505203125 0.2216796875 0.580078125 0.22021484375 0.5875651046875 0.22021484375 0.5979817703125 0.22705078125 0.6070963546875 0.308349609375 0.6305338546875 0.404541015625 0.6243489578125
2 0.28271484375 0.6155598953125 0.361572265625 0.6165364578125 0.416015625 0.6100260421875 0.421875 0.603515625 0.427978515625 0.5921223953125 0.427734375 0.5794270828125 0.424560546875 0.578125 0.331298828125 0.57421875 0.258056640625 0.5745442703125 0.224365234375 0.5787760421875 0.220703125 0.5807291671875 0.220458984375 0.5979817703125 0.224365234375 0.6057942703125 0.244873046875 0.6116536453125 0.28271484375 0.6155598953125
2 0.504638671875 0.58984375 0.529296875 0.5836588546875 0.54150390625 0.5651041671875 0.54638671875 0.5406901046875 0.548828125 0.419921875 0.548095703125 0.3248697921875 0.546630859375 0.294921875 0.527587890625 0.201171875 0.524169921875 0.1897786453125 0.490966796875 0.1259765625 0.482421875 0.1158854171875 0.4814453125 0.1188151046875 0.47900390625 0.1669921875 0.469482421875 0.478515625 0.46923828125 0.5836588546875 0.470458984375 0.5852864578125 0.486083984375 0.5908203125 0.504638671875 0.58984375
2 0.9443359375 0.5921223953125 0.994384765625 0.58203125 0.999755859375 0.5791015625 0.999755859375 0.552734375 0.907958984375 0.548828125 0.702880859375 0.5559895828125 0.556396484375 0.5670572921875 0.46826171875 0.5872395828125 0.462646484375 0.5901692703125 0.462158203125 0.591796875 0.48095703125 0.6100260421875 0.908935546875 0.5953776046875 0.9443359375 0.5921223953125
0 0.5234029546875 0.7400634390625 0.5265274468750001 0.749443253125 0.5265274468750001 0.7629918421874999 0.521450153125 0.7765404296875 0.5249652 0.7895679453125 0.5226218453125 0.8151018671875001 0.5187162437499999 0.821876121875 0.5241840921875001 0.8406357281249999 0.5257463390625 0.8562687234374999 0.5253557546875001 0.8713806078124999 0.5312141578125 0.9005621921875001 0.5304330484374999 0.9083786890625 0.5280896937499999 0.9141108203125 0.529651940625 0.93703918125 0.5253557546875001 0.9526721765625 0.5280896937499999 0.982895984375 0.532776403125 0.98133266875 0.5331669578125 0.9542354921875 0.5374631437499999 0.93547590625 0.53433865 0.9188006859375 0.54058760625 0.9073365062500001 0.5386348062499999 0.889619103125 0.5312141578125 0.8666907015625 0.530823603125 0.8328192296875001 0.5265274468750001 0.8276082312499999 0.53238585 0.7895679453125 0.5288708015625 0.7760193375 0.5335575421875001 0.7635129328125 0.5304330484374999 0.7207827609375 0.524574646875 0.7077552640625 0.521450153125 0.662940665625 0.516699209375 0.655078125 0.5155917515625 0.6785736609375 0.5191067984375 0.7134873546875 0.5241840921875001 0.7239093515625 0.5234029546875 0.7400634390625
0 0.4843469390625 0.7087974484374999 0.483956384375 0.74110564375 0.49020534062500004 0.77393493125 0.48903367812500004 0.8114541234375 0.49137703281249995 0.8442834109374999 0.495282634375 0.8630430171875 0.49606374375 0.8328192296875001 0.495282634375 0.78800463125 0.496454328125 0.7702872468749999 0.49059592500000004 0.7452744390625 0.49059592500000004 0.7207827609375 0.49020534062500004 0.7009809515625001 0.48356582968749995 0.6796158640625001 0.48239413750000004 0.6598140734375 0.4816130296875 0.6379278765625 0.482031240625 0.617317709375 0.47302071874999996 0.6202104828125 0.4753640734375 0.65251866875 0.4784885359375 0.681179159375 0.4843469390625 0.7087974484374999
3 0 0.4641927078125 0.025146484375 0.482421875 0.029052734375 0.482421875 0.03466796875 0.4622395828125 0.0263671875 0.44140625 0.021484375 0.4358723953125 0.016845703125 0.4352213546875 0 0.4420572921875 0 0.4641927078125
2 0 0.2679036453125 0.017578125 0.2682291671875 0.023681640625 0.2734375 0.02880859375 0.283203125 0.05517578125 0.3173828125 0.055908203125 0.3209635421875 0.0546875 0.3291015625 0.055419921875 0.3382161453125 0.051025390625 0.3538411453125 0.047119140625 0.3870442703125 0.04833984375 0.3902994796875 0.052001953125 0.3922526046875 0.075927734375 0.3912760421875 0.089111328125 0.384765625 0.095703125 0.3785807296875 0.1064453125 0.37890625 0.1162109375 0.373046875 0.22802734375 0.3977864578125 0.349609375 0.3899739578125 0.372802734375 0.3815104171875 0.40478515625 0.3603515625 0.4111328125 0.353515625 0.4150390625 0.3450520828125 0.419921875 0.345703125 0.428466796875 0.3395182296875 0.431396484375 0.3404947921875 0.432373046875 0.3365885421875 0.4345703125 0.2880859375 0.43603515625 0.21842447968749998 0.435302734375 0.21158854218749998 0.43212890625 0.21028645781250002 0.42333984375 0.21061197968749998 0.414794921875 0.21647135468749998 0.407958984375 0.21744791718749998 0.40185546875 0.220703125 0.388427734375 0.21419270781250002 0.380859375 0.2080078125 0.34161376875 0.216796875 0.3310546875 0.21484375 0.310302734375 0.216796875 0.2978515625 0.21614583281250002 0.28515625 0.21809895781250002 0.2236328125 0.21647135468749998 0.208984375 0.21809895781250002 0.197265625 0.22135416718749998 0.188720703125 0.22916666718749998 0.17236328125 0.23470052031250002 0.15771484375 0.23502604218749998 0.147705078125 0.23307291718749998 0.130615234375 0.23372395781250002 0.12353515625 0.23600260468749998 0.091064453125 0.23502604218749998 0.08056640625 0.2392578125 0.058349609375 0.2392578125 0.05126953125 0.23567708281250002 0.041259765625 0.23307291718749998 0.029052734375 0.2333984375 0.01513671875 0.23958333281250002 0 0.2421875 0 0.2679036453125
3 0 0.28125 0.012387832812500001 0.280672590625 0.0042976546875 0.3327825765625 0.0162934390625 0.3383657890625 0.0241046296875 0.28774465312499997 0.052978515625 0.3248697921875 0.05419921875 0.3219401046875 0.052978515625 0.3157552078125 0.021484375 0.2747395828125 0.00732421875 0.2727864578125 0 0.2731119796875 0 0.28125
