0 0.32106210156250004 0.3839695015625 0.3248298671875 0.40359723281250004 0.34478955624999996 0.45055750000000006 0.3565804703125 0.47506977499999997 0.3652926953125 0.5009489765625 0.36571000625 0.5202280874999999 0.35310636562500003 0.5530007078125 0.357924678125 0.5751000187499999 0.36839336562499997 0.595425084375 0.37534908125 0.62685843125 0.39303545156249997 0.6636268421875 0.3862422859375 0.6207364890625 0.378471440625 0.5841563046875 0.36685274687499997 0.56489269375 0.3689076203125 0.54873934375 0.3808052546875 0.5239924874999999 0.37638486875 0.48776095625 0.359033225 0.44478424062500005 0.3468080375 0.43001338593750005 0.3414463203125 0.404482828125 0.3317563921875 0.3849136640625 0.3256789515625 0.35070320625 0.3293180671875 0.3237470546875 0.3199168578125 0.276873146875 0.309312259375 0.25569029374999996 0.3038146796875 0.2293019421875 0.297564965625 0.189842796875 0.2962330296875 0.1689499734375 0.3071432078125 0.1338075671875 0.2985571296875 0.0920805109375 0.2947432390625 0.051356248437499995 0.27935243593750003 0.028714578125 0.282256034375 0.051575378125 0.2889400265625 0.0812931375 0.2956700953125 0.1321074296875 0.28736800625000003 0.1712333515625 0.28832876406249996 0.1939436546875 0.2940350203125 0.22997154218750002 0.3011629609375 0.2666535859375 0.3122115109375 0.2948007546875 0.3122771109375 0.3493085671875 0.32106210156250004 0.3839695015625
0 0.4230458921875 0.8655883171875001 0.4321292578125 0.8896501125 0.45064778906249997 0.9025449546875001 0.46278323906249996 0.9375545421875 0.46218395156250003 0.8963211781249999 0.44119318906249994 0.8803005828125 0.43356792187500004 0.8612838546875 0.43599403125 0.84331308125 0.42983405937499997 0.7836152375000001 0.422199021875 0.7478928218750001 0.409466775 0.7340815218750001 0.40644138124999996 0.7108189296874999 0.4075088578125 0.6842700859375 0.4032970921875 0.657678046875 0.4096170671875 0.643487175 0.43648385625 0.63835258125 0.4292590515625 0.600629896875 0.4240232921875 0.6262569421874999 0.393335453125 0.6363933609375 0.3906473328125 0.6693541734374999 0.394451503125 0.6933727671875001 0.3905042640625 0.7142224984375 0.40003161406250004 0.7452485078125 0.412392671875 0.7608772234375001 0.4158256609375 0.7867132625 0.42306282656249994 0.836567925 0.4230458921875 0.8655883171875001
0 0.40646234843749995 1 0.40713728437499996 0.9789120390624999 0.4144985734375 0.9629734593749999 0.4132859625 0.937840940625 0.4102261078125 0.913528584375 0.4155334640625 0.892111771875 0.414082125 0.8754585828125 0.4082623484375 0.8536937453125001 0.40985337812499995 0.831282740625 0.398675228125 0.7781832625 0.3959314328125 0.7506154015625001 0.3893080203125 0.7664769953125 0.40236688281250005 0.8414376109375 0.4006069859375 0.8527958468750001 0.40799745156249995 0.886974209375 0.4026959546875 0.9184144156249999 0.40701640625 0.9456926765624999 0.4018939640625 0.97077339375 0.401177790625 0.9962114218749999 0.4037428453125 1 0.40646234843749995 1
0 0.4582486546875 1 0.4592094109375 0.9980996125000001 0.4588120046875 0.9781139124999999 0.456203428125 0.9616440125000001 0.467933190625 0.9508170953124999 0.4692854625 0.936885421875 0.46546801406249994 0.9274616296874999 0.46007110312500005 0.9436207874999999 0.44909685312500003 0.9617144078125 0.4525366234375 0.9759422703125 0.4502336890625 1 0.4582486546875 1
0 0.6955602 0.9374511171875 0.6752128765625 0.9338150593749999 0.6649446203125 0.9438829515625 0.6464008515625 0.9341576968749999 0.627830909375 0.9492335578125 0.6097282640625 0.9647630328125001 0.59940035625 0.976950721875 0.5960761796875 0.990488265625 0.6081314390625 0.9771506578125001 0.630781575 0.9603733421875 0.6494112125 0.9431775968749999 0.6661673890625 0.951603215625 0.6768214218749999 0.9414742234375 0.6913605953124999 0.9433922234375001 0.7055518796875 0.9406169578125001 0.7189498578125 0.9353293624999999 0.708958178125 0.932163521875 0.6955602 0.9374511171875
1 0.62404890625 0.800523065625 0.617011609375 0.795555484375 0.6028107484375 0.8012488828125001 0.6023493156249999 0.8108186984374999 0.5880386828125 0.8178336281249999 0.5896311562500001 0.8328816796874999 0.59390211875 0.8448675046874999 0.590213496875 0.856531240625 0.5794502671874999 0.853487603125 0.5745868609375 0.8352644625 0.5638211390625 0.82803925625 0.5578556578125 0.8543616406250001 0.558174671875 0.8579364765624999 0.5705758734375 0.8862935406249999 0.5888601734375001 0.9018539875 0.6365344890625 0.8798016640625 0.637340278125 0.8661613203125 0.6310288578125001 0.8325552093749999 0.6253590531250001 0.8187813984375 0.6185567328125 0.8182759984375 0.6170675375 0.8063771734375 0.62404890625 0.800523065625
1 0.6776846859375001 0.8571347671874999 0.6793112203125 0.8611616703125 0.6887858640625 0.8741624874999999 0.7049373937500001 0.8887424171875 0.712018671875 0.88663211875 0.7182956734375 0.8747618484374999 0.715766009375 0.8665934671875 0.7022055515625001 0.8558876703125 0.6881792953125 0.853165534375 0.680513903125 0.8547091921875 0.6776846859375001 0.8571347671874999
0 0.8678833328125 0.9221447453125 0.9040566515625 0.9058635453124999 0.9154603453125001 0.8929779218749999 0.9353622390625 0.8987948578125 0.9618975640625 0.8940644671875001 0.9846132609374999 0.8851907000000001 0.9737467000000001 0.8789978640625 0.95527429375 0.8871995593750001 0.946684384375 0.88539454375 0.93604635625 0.8881345968750001 0.908674003125 0.88508360625 0.9004378671875 0.8979952265625 0.8634712109375 0.9117641000000001 0.8452593703125 0.9141209453125001 0.8359954984375 0.9055639171875001 0.81532793125 0.9098924921875 0.7933677375 0.9260329234375 0.7758895640625 0.933021975 0.76000821875 0.9276234000000001 0.754778875 0.93437185 0.7654801078125 0.9446949703125 0.787424284375 0.9359434 0.8058369875 0.9298615515625 0.8080481578125 0.9263457515625 0.815703525 0.927243690625 0.820489734375 0.9175164625000001 0.8351482828125001 0.9151947765624999 0.8431952453125 0.926054953125 0.8559628968749999 0.9192844093750001 0.8678833328125 0.9221447453125
1 0.8885803703124999 0.752872796875 0.877359365625 0.7506950875 0.869126328125 0.759579378125 0.8587665046874999 0.7800061875 0.8582962000000001 0.805128640625 0.8604274578125001 0.8295094687500001 0.8635786796874999 0.8369202484375 0.9080508171874999 0.8601977765625 0.9188030312500001 0.864097625 0.9262886984375 0.8582979140625 0.9298652859375001 0.8527877609375001 0.93024271875 0.845806834375 0.9187371843750001 0.7794063828125 0.9061517531250001 0.763932059375 0.8885803703124999 0.752872796875
0 1 0.8304949671875 0.9996880859375 0.8305711468749999 0.9739242499999999 0.835179325 0.9540281578125 0.839385790625 0.9329967171875 0.8464099765625 0.9235814640625 0.8568703328125 0.928781096875 0.85973994375 0.9338555859375001 0.856825853125 0.9361263718749999 0.8511902421875 0.94802499375 0.8514160546875 0.9533818671875001 0.8452916765625 0.9683068125000001 0.8471485546874999 0.9754512203125 0.8423238218750001 0.9980693890625 0.8403242765625001 1 0.8398630703125001 1 0.8304949671875
1 0.28858811875 1 0.15765916875 0.1442258171875 0.1459259796875 0.0795093171875 0.1341088921875 0.0517188953125 0.10999540781249999 0.055538096875 0.1111052203125 0.0672271453125 0.1311672421875 0.21730363125 0.20328121562499998 0.714751090625 0.23138004531249998 0.8968420984375 0.2478965234375 1 0.28858811875 1
3 0.36741636875 1 0.328828303125 0.734161625 0.3024385375 0.5870388453125 0.2656462703125 0.4034807140625 0.2422359953125 0.2702957921875 0.2320580265625 0.20603462343749998 0.1743483296875 0.212087134375 0.18141580468750002 0.3200702453125 0.19480714062499999 0.3899980796875 0.21165967812500003 0.569509471875 0.22457392187499997 0.6364250640625 0.24398039843750002 0.6858440890625 0.2532930953125 0.6812812953125 0.25431278125 0.6584758796875 0.24223578437499999 0.60172036875 0.23224959687500002 0.5240483296875 0.23035529375000002 0.45847515781250003 0.2174083015625 0.405974515625 0.21342318749999997 0.36131786875 0.2087785453125 0.3466144765625 0.209545671875 0.292971 0.2205001109375 0.3231433203125 0.2241999109375 0.3513768546875 0.24021992656250002 0.447649334375 0.24916774218749999 0.5090175343750001 0.2641400421875 0.56943155 0.280408 0.603908634375 0.2613991515625 0.47414367031250004 0.27724145 0.5303028140625 0.28830810156250003 0.62941836875 0.302260715625 0.7126377984375 0.313191746875 0.7767796953125 0.3238140578125 0.8584680562499999 0.3096321859375 0.8761532750000001 0.32292999375 0.9162471296874999 0.3449137140625 0.96731649375 0.3500902734375 1 0.36741636875 1
0 0.2357876 0.151428915625 0.2286781140625 0.138470496875 0.227828753125 0.1698363375 0.2446163328125 0.26126528125 0.250910915625 0.2906050609375 0.27959988281250003 0.4509347484375 0.2872882546875 0.462027603125 0.2874459296875 0.4422178 0.2572988703125 0.27684307812500003 0.252571596875 0.2657209046875 0.2357876 0.151428915625
0 0 0.3046470234375 0.040359703125 0.3088075 0.081162415625 0.3026745625 0.08552680781250001 0.2990171046875 0.0843076546875 0.2975623078125 0.07898920937500001 0.2967567734375 0.005562909374999999 0.293555325 0 0.2935262703125 0 0.3046470234375
1 0.11079927812499998 0.7020437765625 0.1068901984375 0.7023333359375 0.099200840625 0.7068469937499999 0.0895988734375 0.7195734640625 0.0889398703125 0.7216553109375 0.09982236562499999 0.759151534375 0.10250180625000001 0.7620229375 0.1166164296875 0.7637423421875 0.14708479531250002 0.7516659015625 0.14967287812500002 0.74927851875 0.1442376296875 0.7165223703125 0.1428013078125 0.7121357625 0.1400709453125 0.7089428468750001 0.11079927812499998 0.7020437765625
1 0.060521956249999995 0.6421137515625001 0.0621649609375 0.6540479296874999 0.0642363203125 0.6593226921875 0.0704444171875 0.6626239484374999 0.0784153453125 0.6630093687499999 0.08102591406250001 0.6279901531250001 0.0780005015625 0.6182523984375 0.0731508484375 0.615724725 0.06574006875 0.618875946875 0.06060733124999999 0.634849503125 0.060521956249999995 0.6421137515625001
1 0.0121137828125 0.61583426875 0.0147108390625 0.6322314390625 0.0359786375 0.6229305375 0.0373475671875 0.61908835625 0.0340465671875 0.61697455625 0.02146711875 0.61402326875 0.0163523640625 0.6145037859375 0.0121137828125 0.61583426875
1 0.061204892187500005 0.6901240453125 0.063187884375 0.6964015406249999 0.07023470937500001 0.7018770015625 0.0740793890625 0.6996201734375 0.07556065 0.6918052593749999 0.0742261734375 0.6880616765625 0.06622828750000001 0.684384740625 0.06424828593750001 0.6843687640625 0.062865878125 0.6865651859375 0.061204892187500005 0.6901240453125
1 0.1046749765625 0.82100286875 0.10925953125000001 0.8265387390625 0.1150467671875 0.82562213125 0.1169114453125 0.823349325 0.11689198281249999 0.80918053125 0.111751784375 0.782969221875 0.10677631875 0.7827685234375 0.10456866093749999 0.7844364953125 0.1010594671875 0.7981754375000001 0.1046749765625 0.82100286875
2 0.460421146875 0.172076084375 0.3763534515625 0.1844023640625 0.36750934218750003 0.18942849687500002 0.36674849374999996 0.1908673171875 0.37908378125 0.240657421875 0.3818650671875 0.2441718515625 0.5761074234375 0.2173618265625 0.58709778125 0.21496196875 0.59459094375 0.198284978125 0.5917931875 0.1868632734375 0.5903838234375 0.18576818281250002 0.54292220625 0.17482896718750002 0.460421146875 0.172076084375
0 0.7324432640625 0.136911878125 0.70600105 0.1155994875 0.6646188796875 0.12479181718750001 0.6554918375 0.1420651890625 0.647233371875 0.13985591718749998 0.6378613015625 0.1430989328125 0.6272664703124999 0.1386217359375 0.603470521875 0.1346981171875 0.6280186 0.1516924953125 0.665579625 0.1475020375 0.6752501140625 0.13365984375 0.6878731921875 0.13429858125 0.7021532546875 0.1329160875 0.7076314109374999 0.1258931796875 0.7319095265625 0.1501863 0.74662388125 0.1390625171875 0.7447217984375001 0.1270532375 0.7324432640625 0.136911878125
0 0.9147606937500001 0.106277009375 0.871005790625 0.10881047656250001 0.8313437078125 0.10805769999999999 0.8162581234375 0.1209989390625 0.79933355 0.1140069578125 0.7759531468749999 0.12034808749999999 0.7451509703125 0.11884970937499999 0.7701402093749999 0.1335792734375 0.7975139921875 0.1274850328125 0.8167385250000001 0.132354078125 0.832874565625 0.12188446875 0.8644140390624999 0.1212857359375 0.890167178125 0.1216034671875 0.9174416015625001 0.11904228125 0.9437345921875 0.10696400156250001 0.94128904375 0.091523415625 0.9147606937500001 0.106277009375
3 0.1576220734375 0.0479947734375 0.143313921875 0.05026096249999999 0.16413761093749998 0.162240915625 0.208250121875 0.15319564218749998 0.22577164062500002 0.1565961203125 0.218002540625 0.073426584375 0.20958325156250002 0.03976493125 0.1576220734375 0.0479947734375
