2 0.2935904546875 0.7244024734375001 0.3159378296875 0.73825919375 0.3399093515625 0.7358751703124999 0.3437945421875 0.7068114078125001 0.349164521875 0.676356740625 0.361679725 0.6686472343750001 0.381622784375 0.682080009375 0.3883460203125 0.7212778859375 0.4124608140625 0.732140825 0.43480427656250004 0.717900740625 0.4475265609375 0.6738680718750001 0.45792008125 0.664131740625 0.4778592265625 0.6494677125 0.502603090625 0.6075547703125 0.49114286093750004 0.5741324828125001 0.46999372968750003 0.5323909312499999 0.431739584375 0.5454782453125 0.41611153125 0.542722596875 0.39942459375 0.553001940625 0.36838339531250003 0.5673610906250001 0.3247553578125 0.5828062671875001 0.28657284843749997 0.6025170609375 0.25192126406250004 0.5881434890625 0.264149925 0.5539400546875 0.287552271875 0.5266649828125 0.289315778125 0.49557439687500004 0.2558702640625 0.5095096015625 0.24498703437499997 0.557171971875 0.2270940234375 0.5391425375 0.20605174843750002 0.756895703125 0.2090929609375 0.7607373765625 0.20930786875 0.780607821875 0.2133402453125 0.792887825 0.241622859375 0.773084125 0.24091041406249997 0.7349461125000001 0.2464953015625 0.724361890625 0.27068173125 0.7418483124999999 0.28241676718750003 0.7174741140625 0.2935904546875 0.7244024734375001
2 0.1717152984375 0.466574696875 0.13523248593749998 0.50476503125 0.11253475625 0.5139845109375 0.115794790625 0.5657934328125 0.1455700203125 0.6007924359375 0.1616956109375 0.62181565 0.18663873125 0.48738593906250005 0.1717152984375 0.466574696875
2 0 0.6862573578125 0.0185112015625 0.69573113125 0.030246237500000002 0.6713569328125 0.0320813796875 0.6468898281250001 0.0247967953125 0.6389945109374999 0.018149109375 0.6345169187499999 0.0051363671875 0.6239588578124999 0.000041192187500000004 0.5966170390625 0 0.5967249921875 0 0.6862573578125
2 0 0.7023716624999999 0.0291873515625 0.6843919234375 0.021186409375 0.6102617875 0.044449398437499996 0.5978365546875 0.065097078125 0.593213734375 0.08878205624999999 0.5643357828125 0.0807850265625 0.5183024515625 0.0523552265625 0.49676238437500003 0 0.5225854859375 0 0.7023716624999999
2 0 0.8850437796874999 0.1225610703125 0.914056153125 0.1389536390625 0.821089275 0.0948358890625 0.8744604921875 0.027722128125000002 0.8262668468750001 0.0053031171874999995 0.80578664375 0 0.806122796875 0 0.8850437796874999
2 0.37713200156250004 0.932500475 0.40746466718749996 0.908100115625 0.43680616875 0.875261425 0.39642642499999997 0.8582251109374999 0.3832743234375 0.862516890625 0.3611457703125 0.8966274203125 0.34092399375000004 0.9128943265625 0.3151811390625 0.8901753265625001 0.310018240625 0.88430683125 0.3013205046875 0.8844258984375 0.2970585375 0.9281795875000001 0.37713200156250004 0.932500475
2 0.193333375 0.8290251765625 0.18804285781250002 0.9222969328125 0.28264039687500003 0.9274015625 0.2847768375 0.9079522062500001 0.2914206109375 0.88433299375 0.3025903859375 0.8631645484374999 0.29275821562500004 0.8415983203125 0.276572728125 0.8982420359375001 0.2746620375 0.887988853125 0.25910170625 0.8637598843750001 0.25160612968749996 0.8640909234375 0.22360614375 0.8822917484374999 0.20996041875000002 0.8964127640624999 0.215330396875 0.8659580984374999 0.2103029453125 0.81714295625 0.193333375 0.8290251765625
1 0.038773309374999995 0.461313275 0.1005092640625 0.48376797812500005 0.1849390359375 0.46890639843750004 0.1908703625 0.407149171875 0.0127399984375 0.384003546875 0.00186068125 0.4597627203125 0.038773309374999995 0.461313275
1 0.2789144328125 0.44911711875 0.3066396140625 0.48871278125 0.37494770625 0.48092478906249997 0.42423617968749994 0.48961567656250005 0.5783911093749999 0.4870485234375 0.5892743406250001 0.43938615312499996 0.32536486249999996 0.3895463671875 0.293260865625 0.3888437046875 0.2789144328125 0.44911711875
0 0.759595190625 0.239691265625 0.7832085328125 0.20418983281249997 0.7386570546875 0.18972335468749998 0.691772896875 0.1814564140625 0.6817375578125 0.22431015156249998 0.7185108265625 0.24071054687500001 0.759595190625 0.239691265625
0 0.3070420375 0.33177604375 0.298563121875 0.379862359375 0.346291259375 0.355223865625 0.350244171875 0.30468678125 0.3750440203125 0.1570101046875 0.3715690796875 0.08533073906250001 0.34908625937500004 0.1144206625 0.32859359062500004 0.2165808578125 0.338429675 0.26624388906249996 0.3317181796875 0.311336425 0.3070420375 0.33177604375
0 0.656972928125 0.6248580625 0.6292516609375001 0.6133592046875 0.6034410828125 0.6121135296875 0.6019602078124999 0.6416012375 0.6065578453125 0.6506754875 0.6289052203125001 0.6645322078125 0.6506156984375 0.6749712015625 0.678476325 0.67162021875 0.6910631640625 0.6705341921875 0.709019984375 0.6389935 0.6944508171875 0.6232028625 0.677552884375 0.6417085640625 0.656972928125 0.6248580625
1 0.7029818015625 0.441256009375 0.6956216703125 0.3986404046875 0.6388337046875 0.3621837515625 0.5975422609375001 0.3995261953125 0.6090103171875 0.48914209218750004 0.6635333250000001 0.5103249562500001 0.6996696984375 0.5233076249999999 0.7029818015625 0.441256009375
1 0.623623728125 0.3148785828125 0.6292841640625 0.339014646875 0.6516276265625 0.3247745625 0.6670368578125 0.2795629625 0.689519678125 0.25047303906249996 0.6731114578125 0.2310527 0.68066693125 0.1530547296875 0.6559191546875 0.1668708671875 0.623623728125 0.3148785828125
1 0.7666844312500001 0.368200159375 0.734086809375 0.3773267328125 0.7132359625 0.44636951874999997 0.7516372921875 0.4746259734375 0.7666844312500001 0.368200159375
1 0.6372291234375 0.5189085171875 0.634056378125 0.5861102921875 0.677477334375 0.606988278125 0.6858885265625 0.580375284375 0.675132915625 0.528897403125 0.6372291234375 0.5189085171875
2 0.5604531015625 1 0.5455773796875001 0.975423640625 0.5307216703125001 0.933139075 0.5167933125 0.9488629703125 0.507776475 1 0.5604531015625 1
3 0.5763121531250001 1 0.5909728375000001 0.956984684375 0.5881347921875 0.8887230421875 0.5437344125 0.9436971375000001 0.544164228125 0.9834380265625 0.571887253125 1 0.5763121531250001 1
3 0.7461643718750001 0.27368272656250003 0.7557139125 0.2968518328125 0.7627914140625001 0.3410703140625 0.8307777453125 0.053917159375 0.8018582328124999 0.0703031328125 0.7834755109375 0.09019973906249999 0.7613508703125 0.152407071875 0.785680571875 0.18314045625 0.7856128484375 0.204613778125 0.77571686875 0.23261767656250001 0.7584646687500001 0.246102775 0.7461643718750001 0.27368272656250003
3 0.899633971875 1 0.925511346875 0.9085465296875 0.853947134375 0.892622403125 0.775241609375 0.8820499203125 0.7084183046875 0.888447009375 0.668969828125 0.95751595625 0.6614787453125001 1 0.899633971875 1
