2 0 0.5934244796875 0.013427734375 0.6048177078125 0.023193359375 0.6110026046875 0.061767578125 0.6302083328125 0.0732421875 0.638671875 0.078369140625 0.6396484375 0.08447265625 0.6383463546875 0.154052734375 0.6614583328125 0.162109375 0.6585286453125 0.164306640625 0.6285807296875 0.1650390625 0.5960286453125 0.164306640625 0.5921223953125 0.169921875 0.5240885421875 0.169677734375 0.5201822921875 0.162109375 0.5179036453125 0.16015625 0.5218098953125 0.158447265625 0.5345052078125 0.15478515625 0.5491536453125 0.14697265625 0.552734375 0.148681640625 0.5729166671875 0.14794921875 0.5882161453125 0.148681640625 0.6070963546875 0.153564453125 0.6175130203125 0.15478515625 0.6276041671875 0.154052734375 0.6282552078125 0.14697265625 0.6305338546875 0.131591796875 0.6256510421875 0.127197265625 0.626953125 0.108642578125 0.625 0.099853515625 0.6259765625 0.083984375 0.6178385421875 0.07666015625 0.6168619796875 0.06494140625 0.6048177078125 0.0517578125 0.5983072921875 0.040771484375 0.58984375 0.033447265625 0.5888671875 0.02880859375 0.58984375 0.0205078125 0.5849609375 0.01318359375 0.5719401046875 0.005859375 0.5631510421875 0 0.5631510421875 0 0.5934244796875
0 0.201362390625 0.9225357593749999 0.205918921875 0.9069145875 0.20678683593749997 0.8901362890625 0.20852266562500002 0.8701759062500001 0.205701946875 0.8606296515625 0.2065698625 0.8458763312500001 0.208956615625 0.8282301921874999 0.208305675 0.8152125546875 0.21177733437500001 0.8027734687500001 0.2093905640625 0.795541446875 0.2078717265625 0.7810774046875 0.2050167046875 0.767042996875 0.2050167046875 0.7501200765625 0.201111125 0.7559780234375 0.2015993171875 0.7768062265625 0.20404031875 0.7917765296875 0.20404031875 0.8230188578125001 0.2006229328125 0.8536103140625 0.201111125 0.867929696875 0.20013470312499998 0.8998229703125 0.19232350625 0.9284617359375 0.1918353140625 0.939526709375 0.1937681640625 0.9578280156250001 0.1932999296875 0.9655620109375 0.196717315625 0.97727785625 0.20642088749999998 0.997884115625 0.1998435515625 0.955513759375 0.198541671875 0.9355533984375001 0.201362390625 0.9225357593749999
3 0.22412109375 0 0.22119140625 0.052734375 0.22114596875 0.061493374999999996 0.2216341625 0.0680021953125 0.222610584375 0.0725583609375 0.2216341625 0.0810198328125 0.22114596875 0.08948131875000001 0.223098778125 0.127232453125 0.2256586953125 0.17716831875 0.22187847968750002 0.24227647812500003 0.1992958765625 0.24963898437499998 0.1983194546875 0.3036621796875 0.19734306875000002 0.35023658593749996 0.194413875 0.37460831875 0.1866026796875 0.3769227359375 0.18025606249999998 0.3834315546875 0.17822265625 0.3912760421875 0.176513671875 0.392578125 0.1719566734375 0.3999927 0.17626953125 0.40625 0.173583984375 0.4114583328125 0.18562625625 0.40360892187499997 0.1919728734375 0.4029580140625 0.19587845312500002 0.4120703578125 0.1978312609375 0.42899329062499997 0.1953902609375 0.45698120937500003 0.20166015625 0.658203125 0.203369140625 0.6624348953125 0.20458984375 0.6832682296875 0.203369140625 0.6907552078125 0.204345703125 0.708984375 0.204833984375 0.7099609375 0.208251953125 0.7080078125 0.212646484375 0.708984375 0.21484375 0.7073567703125 0.218994140625 0.7138671875 0.2300524671875 0.764416321875 0.2486040890625 0.7924042906250001 0.2515332828125 0.834711615625 0.249580475 0.8796224046875001 0.2271232734375 0.90045065625 0.23151708124999998 0.9996744796874999 0.2471394734375 0.9996744796874999 0.2486040890625 0.9889705890625 0.247627703125 0.943408853125 0.2583680921875 0.94015444375 0.2637382875 0.8681940328125 0.2661792890625 0.845413165625 0.27252590625 0.807011171875 0.27252590625 0.7581950265625 0.2637382875 0.736715903125 0.26325009375 0.7152367796875 0.2612972859375 0.6852962203125 0.256415284375 0.65665743125 0.250556896875 0.61695361875 0.23884008437499998 0.6084921578125 0.224853515625 0.6022135421875 0.223876953125 0.5999348953125 0.224609375 0.5865885421875 0.2236328125 0.5843098953125 0.225341796875 0.5719401046875 0.22412109375 0.5455729171875 0.225341796875 0.5319010421875 0.228759765625 0.5234375 0.235107421875 0.525390625 0.236328125 0.5296223953125 0.239990234375 0.5322265625 0.24755859375 0.533203125 0.255859375 0.5322265625 0.259765625 0.5305989578125 0.263427734375 0.5247395828125 0.263671875 0.5211588546875 0.263671875 0.5166015625 0.262451171875 0.5143229171875 0.263427734375 0.494140625 0.262451171875 0.484375 0.26025390625 0.4713541671875 0.2578125 0.466796875 0.2568359375 0.4342447921875 0.255615234375 0.4287109375 0.256591796875 0.419921875 0.256591796875 0.4153645828125 0.25537109375 0.4127604171875 0.255859375 0.4078776046875 0.25341796875 0.404296875 0.24951171875 0.38671875 0.249755859375 0.3665364578125 0.248291015625 0.3577473953125 0.249755859375 0.349609375 0.24853515625 0.341796875 0.2490234375 0.2737630203125 0.25 0.2711588546875 0.265380859375 0.2633463546875 0.26708984375 0.265625 0.270751953125 0.2666015625 0.28515625 0.2659505203125 0.291015625 0.2672526046875 0.294677734375 0.2659505203125 0.295166015625 0.2639973953125 0.294677734375 0.2594401046875 0.29296875 0.2587890625 0.288818359375 0.2516276046875 0.281005859375 0.24772135468749998 0.2802734375 0.236328125 0.27685546875 0.22526041718749998 0.277587890625 0.22135416718749998 0.27685546875 0.21842447968749998 0.280517578125 0.1998697921875 0.279541015625 0.1650390625 0.2802734375 0.15158420156250002 0.2822265625 0.146484375 0.28173828125 0.1344401046875 0.28466796875 0.1311848953125 0.284423828125 0.1282552078125 0.28857421875 0.1175130203125 0.30224609375 0.1168619796875 0.304443359375 0.1119791671875 0.303955078125 0.0908203125 0.30029296875 0.08040364531250001 0.29833984375 0.0224609375 0.299072265625 0.0211588546875 0.298095703125 0.0179036453125 0.301025390625 0.0087890625 0.300537109375 0 0.22412109375 0
0 0.1944191046875 0.73744106875 0.1900795484375 0.7299197703125 0.1887776671875 0.7186378234374999 0.18812674375 0.7012809718749999 0.187258828125 0.6891311734375 0.185956965625 0.6795849078125 0.18769277812500001 0.6671458218749999 0.18986255624999998 0.6526817796875 0.1922493265625 0.635614215625 0.192683275 0.6220180125 0.1920323359375 0.6058182953125 0.1913814109375 0.57862588125 0.19094744531250002 0.552411359375 0.19094744531250002 0.5327402625000001 0.1861739390625 0.5162512515625 0.1846551015625 0.5012086453125 0.18790976875 0.4884802828125 0.185739990625 0.479223309375 0.187258828125 0.463891415625 0.185523 0.446823840625 0.184438109375 0.43619589375 0.1816174078125 0.44545288281250006 0.1835702125 0.462520446875 0.1837871859375 0.470620309375 0.18031554375 0.48653075625 0.18205135625 0.4897128515625 0.1837871859375 0.4871093203125 0.18205135625 0.49983768125 0.1816174078125 0.5131445968749999 0.18530602499999999 0.528187215625 0.1870418546875 0.5374441937500001 0.1861739390625 0.5591402578125 0.1870418546875 0.5906718765625001 0.187258828125 0.605714471875 0.18205135625 0.605714471875 0.178362740625 0.6068716000000001 0.17228735312500001 0.612367940625 0.16751384687499998 0.6184530796875001 0.167296871875 0.6227922921875 0.17185340468750002 0.6213458890625 0.17879668906249999 0.6126674624999999 0.187475803125 0.6112210578124999 0.18812674375 0.6256851015625 0.1863909140625 0.6375456125000001 0.184872075 0.656059590625 0.1818343828125 0.67428429375 0.1811834421875 0.6844091234375 0.18291927187499998 0.6971374640625 0.1835702125 0.7159407203125 0.18508905 0.7309833375 0.1866078890625 0.7385046359375 0.193117225 0.750365146875 0.1983506890625 0.7701099546875 0.20027750000000002 0.76376564375 0.1996265609375 0.7542193671875 0.197890746875 0.7443838140625 0.1944191046875 0.73744106875
0 0.251653996875 0.4544143625 0.253389809375 0.46367135781249996 0.2549086640625 0.4755318625 0.256210528125 0.48160675625 0.25968217031249996 0.4917315859375 0.25881425625 0.5009885765625001 0.25859728125000003 0.5061956296875 0.25838030624999997 0.5148740546874999 0.26141800000000004 0.5244203328125 0.2598991453125 0.5304952265625 0.25642750312499996 0.536280865625 0.25317283437500004 0.544091428125 0.2518709703125 0.5524805671874999 0.25230492031249996 0.5608697390625 0.25056910781249997 0.5666553546875 0.2473144390625 0.5718623859374999 0.24297488125000002 0.5741766421875 0.24297488125000002 0.581697940625 0.24015416250000002 0.5857478765625 0.23581460625 0.587772834375 0.23364482656250002 0.5895085140625 0.23429576718749998 0.594137025 0.2329938875 0.600790471875 0.2371164703125 0.6054189609375 0.2368994953125 0.598765515625 0.23885229843750003 0.5906656421875 0.246446525 0.5886406859375 0.2479653625 0.5785158546875 0.25447469843750004 0.575623046875 0.25555958749999996 0.56781245 0.25729541718750004 0.562894684375 0.2577293671875 0.55768763125 0.2575123921875 0.548430640625 0.263587778125 0.5357022796875001 0.26684244687500003 0.5232632046875 0.26684244687500003 0.5200811187500001 0.26467266875 0.5157419062499999 0.26315381250000003 0.5012778640625 0.2648896421875 0.49346727812499996 0.2633707875 0.48507812968749997 0.25968217031249996 0.47466402187499995 0.257946340625 0.4656963140625 0.25838030624999997 0.45557148437499995 0.2557765625 0.44891802187499996 0.2568614515625 0.440528878125 0.25729541718750004 0.4304040484375 0.2557765625 0.421725621875 0.2515190921875 0.4196325234375 0.25230492031249996 0.43127188906249997 0.2520879453125 0.4359003828125 0.25078608125 0.44139671875 0.251653996875 0.4544143625
3 0.287841796875 0.7975260421875 0.2890625 0.810546875 0.287841796875 0.814453125 0.288330078125 0.8346354171874999 0.287109375 0.837890625 0.288818359375 0.8512369796874999 0.286865234375 0.8610026046874999 0.2880859375 0.873046875 0.286376953125 0.8766276046874999 0.28515625 0.884765625 0.294189453125 0.892578125 0.29296875 0.9010416671874999 0.285888671875 0.9078776046874999 0.2861328125 0.91015625 0.283935546875 0.9134114578125001 0.283935546875 0.919921875 0.28076171875 0.9241536453125001 0.2822265625 0.9287109375 0.286865234375 0.9319661453125001 0.293212890625 0.9329427078125001 0.28802937968750003 0.95173136875 0.2865648015625 0.98102105625 0.2943759984375 0.990784284375 0.3085338109375 0.9996744796874999 0.309022003125 0.956287521875 0.318115234375 0.94921875 0.32568359375 0.9557291671874999 0.3291015625 0.955078125 0.330810546875 0.9501953125 0.3271484375 0.9443359375 0.327392578125 0.9378255203125001 0.3251953125 0.9365234375 0.322265625 0.9016927078125001 0.3114630046875 0.8449635609374999 0.3109748125 0.8026562343749999 0.3173213921875 0.7707630109375 0.329833984375 0.7496744796875 0.345703125 0.751953125 0.34814453125 0.736328125 0.347412109375 0.693359375 0.348388671875 0.6875 0.351318359375 0.6826171875 0.35107421875 0.6328125 0.3525390625 0.6201171875 0.3505859375 0.6031901046875 0.34912109375 0.5986328125 0.35009765625 0.5960286453125 0.349365234375 0.556640625 0.345703125 0.556640625 0.343505859375 0.5546875 0.33984375 0.5231119796875 0.34033203125 0.517578125 0.335693359375 0.5162760421875 0.32275390625 0.4908854171875 0.3232421875 0.4892578125 0.29345703125 0.4498697921875 0.290771484375 0.4427083328125 0.28759765625 0.4397786453125 0.28076171875 0.4469401046875 0.279296875 0.4459635421875 0.27783203125 0.451171875 0.27587890625 0.4534505203125 0.2744140625 0.4658203125 0.2744140625 0.4827473953125 0.275634765625 0.486328125 0.2763671875 0.5071614578125 0.27099609375 0.5250651046875 0.271728515625 0.529296875 0.270751953125 0.6311848953125 0.26806640625 0.6461588546875 0.2738716046875 0.7093956796875001 0.277777184375 0.7477976734375 0.284912109375 0.7864583328125 0.287841796875 0.7975260421875
0 0.3097032296875 0.8104974421875 0.3151276765625 0.7940084421875 0.310354153125 0.7971905265625 0.3068825109375 0.80731535625 0.3064485625 0.815125953125 0.29972223593749997 0.8232258031249999 0.290826146875 0.839425528125 0.2941080671875 0.8446180562500001 0.29972223593749997 0.8336399109375 0.30362784375 0.8258293359375 0.309052290625 0.8185973140625 0.3097032296875 0.8104974421875
0 0.3207690984375 0.7630554093749999 0.3231558671875 0.7584268984375 0.3209860890625 0.750327025 0.3231558671875 0.7456985578124999 0.31729745625 0.7245810359375 0.3144767359375 0.729209525 0.3181653703125 0.7456985578124999 0.3155616265625 0.7491699078125 0.3181653703125 0.75698049375 0.3157786 0.77028743125 0.3129578984375 0.78214793125 0.31092664375 0.79398148125 0.315995575 0.791404909375 0.3168634890625 0.783594334375 0.319250259375 0.7769408671875 0.3207690984375 0.7630554093749999
0 0.3066655375 0.6667056953125 0.3094862390625 0.644141790625 0.31534465156249997 0.6212885984375001 0.3175144296875 0.6134780140625 0.31274090625 0.596699725 0.3155616265625 0.5938069171875 0.3146937109375 0.5854177734375 0.316212565625 0.5822356828124999 0.323372825 0.5865748953125001 0.32597655312499996 0.5854177734375 0.329665203125 0.576739346875 0.32597655312499996 0.575582225 0.3227218859375 0.58165711875 0.3175144296875 0.579342875 0.3140427875 0.5692180437500001 0.3120899828125 0.5559111234375 0.308618340625 0.5460755749999999 0.3053636734375 0.5402899578125 0.3021090046875 0.5365293062500001 0.3131748734375 0.50911411875 0.3101371796875 0.503617778125 0.304278784375 0.496964321875 0.3025429546875 0.498410725 0.308618340625 0.507667715625 0.29776944843750003 0.5357279609375001 0.298203396875 0.5391993328125 0.3047127328125 0.54672063125 0.30840135 0.5580025890625 0.3097032296875 0.57188806875 0.3129578984375 0.5782522484375 0.3101371796875 0.5820128984374999 0.31100509375 0.590402046875 0.308618340625 0.5958983875 0.3131748734375 0.6147016437499999 0.3094862390625 0.6225122187500001 0.308835315625 0.6332156015625 0.30558064687500003 0.6416047500000001 0.3053636734375 0.650572453125 0.302759928125 0.6601187296875 0.3023259796875 0.667061475 0.306014596875 0.681236240625 0.302976903125 0.693386028125 0.3021090046875 0.7064036671875 0.307942703125 0.7071759265625001 0.3068825109375 0.694765940625 0.3092692640625 0.6846411109375 0.310354153125 0.67885549375 0.3066655375 0.6667056953125
0 0.25133618125 0.8133437609374999 0.2561096875 0.8249149953125 0.257194578125 0.817104409375 0.2630529890625 0.823468590625 0.26500577812500004 0.8333041437500001 0.2602322703125 0.8399576015625 0.25893040625 0.8477681875 0.2608832109375 0.863678634375 0.26478880312499997 0.8755391671874999 0.26739254687499997 0.8862425390625001 0.2710811640625 0.8940531140625 0.2732509421875 0.9018637093749999 0.272166053125 0.9076493265625001 0.271949078125 0.9166170296875 0.275420721875 0.9209562421875 0.280194228125 0.9270311359375001 0.27693955937500003 0.9125670921875001 0.2767225859375 0.8989709015624999 0.2706472140625 0.8819033265625 0.2680434703125 0.8700428046875001 0.2630529890625 0.8532645171875 0.262185075 0.84545393125 0.2697793 0.8379326328125 0.27151511250000004 0.8240471546875 0.257194578125 0.810161675 0.24439287968749998 0.8017725265625 0.24612870937500003 0.7945405046875 0.24526079531249997 0.7847049562499999 0.24200612656249998 0.7777622109375 0.24244009218749998 0.787597759375 0.24244009218749998 0.7965654734375 0.24157217812499998 0.79945828125 0.2271050296875 0.792534721875 0.226383728125 0.7980118765624999 0.24200612656249998 0.8061117390625 0.25133618125 0.8133437609374999
0 0.27693955937500003 0.9312436578125001 0.27976027812500004 0.9332686046875001 0.28106214218750003 0.9425255937499999 0.2784584140625 0.949757615625 0.2786753890625 0.955543221875 0.28062819375000003 0.9674037546875001 0.283231921875 0.9509147328124999 0.28518472500000003 0.9419470296875 0.284533784375 0.9329793171875 0.2819300578125 0.9277722640625001 0.27433583125 0.9260365828125 0.270779075 0.9332320609375 0.2710811640625 0.9413684890624999 0.2758546703125 0.9387649343750001 0.27693955937500003 0.9312436578125001
0 0.5613996390625 0.693037703125 0.5720315578124999 0.6973769171875001 0.5765880890624999 0.682623596875 0.582663459375 0.686384246875 0.58613511875 0.6762594156249999 0.58808790625 0.6638203421875 0.5952481828125 0.6681595546875 0.60175751875 0.6745237359375 0.598285875 0.6635310546875 0.5833144 0.657166884375 0.582446484375 0.670763075 0.58027670625 0.6777058203124999 0.57268248125 0.6753915765625 0.57094666875 0.6832021609375001 0.5687768906249999 0.6875413734375 0.55749403125 0.684648565625 0.5557582187500001 0.6933269906249999 0.5490993875 0.6959635421875 0.5479470015625 0.7005590125000001 0.5611826640625 0.6973769171875001 0.5613996390625 0.693037703125
0 0.6242187765625 0.69824475625 0.6289923 0.6947733953124999 0.6359355843750001 0.6791522249999999 0.64136003125 0.67307733125 0.64743541875 0.658034725 0.6461335375 0.6536955109375 0.64136003125 0.6641096171875 0.6318130015625 0.6788629484375 0.6246527421875 0.6921698640625 0.621398075 0.6924591390625 0.617492465625 0.684648565625 0.6155396625 0.6797307890625001 0.6044379296875 0.6735387734375 0.6033889046875001 0.678284384375 0.6138038484375 0.6852271187500001 0.621398075 0.69824475625 0.6242187765625 0.69824475625
0 0.6464148921875 0.6140501875 0.6501035265625 0.608553846875 0.6566128625000001 0.614918028125 0.6592165890625 0.6094216984374999 0.666376865625 0.615207315625 0.6793955375 0.631985603125 0.680914375 0.6270678265625 0.693933046875 0.6360355281250001 0.6969707406250001 0.6351676875 0.700225409375 0.631696315625 0.70695171875 0.6409533046875 0.7023951875 0.627646390625 0.6984895796874999 0.6267785499999999 0.6937160734375001 0.6322748796875 0.6806974015625 0.6215714859375 0.6778766828125 0.6227286140625 0.670933396875 0.614918028125 0.668112678125 0.610868103125 0.6583486749999999 0.60334679375 0.655527971875 0.6091324109375 0.6501035265625 0.6039253578125 0.6440281390625 0.6100002515625 0.6425093000000001 0.615207315625 0.6425093000000001 0.634010571875 0.63990555625 0.646738921875 0.6368678796875 0.6447139546875 0.6292736546875 0.6360355281250001 0.6245117140625001 0.6362847234375 0.6279717734375 0.6415318906249999 0.634915075 0.650499571875 0.6444621046875 0.6513674234375 0.6464148921875 0.6140501875
0 0.730881321875 0.6606244015625 0.734135990625 0.6562851890625 0.731098296875 0.6435568375 0.729362484375 0.6288035078124999 0.7274096796875 0.638060496875 0.730881321875 0.6493424546875 0.72914549375 0.655128071875 0.715909846875 0.6487639125 0.7094005109375 0.6435568375 0.704806853125 0.64351851875 0.7117872640625 0.6533923796875001 0.7200324296875 0.654838784375 0.730881321875 0.6606244015625
0 0.7892618812500001 0.7363723390625 0.7959881906249999 0.7525720625 0.7979409953125 0.7736895625 0.800761696875 0.7797644671875 0.8053182453125001 0.7916249890625 0.8042333562499999 0.7791859031249999 0.8020635781250001 0.7716645953125 0.8009786890624999 0.7618290515624999 0.799459834375 0.75083638125 0.7957712171875 0.7395544234375 0.7927335234374999 0.7311652750000001 0.7912146843750001 0.7256689453125 0.7925165484375001 0.719594040625 0.796205165625 0.7132298703125 0.79685610625 0.706287125 0.7957712171875 0.696740859375 0.7924262109375 0.6883680562500001 0.7920825828125 0.707154965625 0.7873090765625 0.7193047640625 0.7866581359375 0.7245118171875 0.7892618812500001 0.7363723390625
0 0.840034703125 0.6665672687499999 0.8497987078125 0.6752456953125 0.8506666062500001 0.6680136734375 0.8597796859375 0.6599138015625 0.8621664390625 0.663095896875 0.8719304593749999 0.6856598015625 0.8767039656250001 0.6952060671875 0.8782228046875 0.692602546875 0.8628173796875 0.6555745875000001 0.85826083125 0.654128184375 0.8463270484375001 0.6659887046875 0.8389498140624999 0.6613602046875 0.8356951468749999 0.6642530140625 0.8333083765625 0.67466713125 0.830053709375 0.6801634609375 0.830946175 0.694878471875 0.833091403125 0.690577578125 0.8341762921875 0.681609865625 0.8385158484374999 0.6749564078125 0.840034703125 0.6665672687499999
0 0.7394453671875 0.531655903125 0.7450868046875 0.5235560312499999 0.7422660859375 0.5183489781249999 0.74053025625 0.5223989140625 0.73575675 0.529052371875 0.7353227999999999 0.5423592859374999 0.733586971875 0.5455413828125 0.734888834375 0.550169871875 0.7264266953125 0.5481449031250001 0.7186414875 0.5447772 0.7231720265625 0.5536412656249999 0.735539775 0.556534075 0.7392283921875 0.5533519671875 0.7394453671875 0.531655903125
0 0.8601561171875 0.560577234375 0.8621089046874999 0.5727270437499999 0.8569014484374999 0.5730163203124999 0.859939125 0.5779340859375 0.8668824109375001 0.577644809375 0.8642786828125001 0.565495021875 0.8701370781250001 0.567230703125 0.874259678125 0.5553701921875 0.8744766359374999 0.5458239140625001 0.8754340234375 0.533203125 0.8720898984375 0.54293110625 0.8705710609375 0.55160953125 0.8668824109375001 0.5602879578125 0.8601561171875 0.560577234375
0 0.1311559140625 0.5476408828125 0.12117493593749999 0.5360696484374999 0.10381670624999999 0.5297054671875 0.09275082343749999 0.5299947546875 0.0903640703125 0.5334661265625 0.0951375921875 0.5444587984375 0.09535456718749999 0.53462324375 0.1009959890625 0.5340446796875 0.1031657671875 0.5383838937500001 0.11878816562500001 0.54272310625 0.12790124687499999 0.5531372234374999 0.1459960890625 0.555989584375 0.152636709375 0.5496658515624999 0.13658036093749998 0.54706231875 0.1311559140625 0.5476408828125
0 0.0179450515625 0.47127074843749994 0.03638816875 0.47879204062499997 0.0439823953125 0.48544549843749996 0.0470200875 0.49094183437499994 0.0613406234375 0.4938346421875 0.07804792968749999 0.5016452328125001 0.0819535203125 0.5068522859375 0.089113796875 0.5213163296875 0.08867983125 0.516687828125 0.083038409375 0.500198828125 0.0852081890625 0.497306025 0.0880289078125 0.5016452328125001 0.09063263437499999 0.5097450953125 0.0951891671875 0.5155307125 0.09323637968750001 0.5004881046875 0.091717525 0.49614889218749997 0.08781193281250001 0.4920989609375 0.083472375 0.4920989609375 0.0828214359375 0.49614889218749997 0.0795667671875 0.497595296875 0.07153859375 0.49441321718750003 0.063076453125 0.49007400468749995 0.055482228125 0.48689190312499997 0.0481049765625 0.4837098125 0.040944701562500005 0.47532066874999995 0.0316146625 0.47242785937500004 0.0231525234375 0.4657744015625 0.015992246874999998 0.4646172796875 0.0094829109375 0.463170875 0.0034075406250000002 0.46519583750000004 0.0018886859375 0.46953505156249997 0.000803796875 0.4773456359375 0.0008680500000000001 0.4919704859375 0.00427545625 0.483131253125 0.0044924296875 0.47184930156249993 0.0092659359375 0.4689564921875 0.0179450515625 0.47127074843749994
0 0.0353032796875 0.5730975953125 0.025973242187500002 0.5676012671875 0.0201148296875 0.563262053125 0.01360549375 0.5577657125 0.0101338515625 0.5519800953125 0.00622824375 0.5453266390625 0.0001528734375 0.5383838937500001 0.0010207875 0.5485087234375 0.003624515625 0.5511122546875 0.008831987500000001 0.559790703125 0.015558298437500001 0.5676012671875 0.023586471875 0.5722297562499999 0.033350476562499995 0.5803296171875 0.0405107515625 0.5840902781249999 0.050509978125 0.5896267359375 0.047671028125 0.5826438734375 0.040944701562500005 0.5788832125 0.0353032796875 0.5730975953125
0 0.2117663484375 0.0785873046875 0.21396325312500003 0.0870487765625 0.2132309640625 0.0958356734375 0.2100576546875 0.10657523437500001 0.2115222515625 0.11275860625 0.21249865625000003 0.1254508078125 0.21542785000000003 0.1296815640625 0.2161601578125 0.1374921265625 0.21640425312499997 0.14595361093749998 0.2190893515625 0.1560422515625 0.2190893515625 0.1619001875 0.2203098515625 0.16320195625 0.22226265937499998 0.1586457765625 0.2203098515625 0.14985888125 0.2186011578125 0.1387938828125 0.2186011578125 0.128054359375 0.21591606093750002 0.11926742500000001 0.2144514640625 0.10787699218749999 0.21689246406249998 0.0981137625 0.21689246406249998 0.0932321484375 0.21738065781250002 0.0818417140625 0.215183753125 0.075007459375 0.2176247546875 0.061664371875 0.21640425312499997 0.0541792328125 0.21246337343750002 0.055419921875 0.21371915625 0.0606880515625 0.2112781546875 0.0714276015625 0.2117663484375 0.0785873046875
0 0.1954116484375 0.1381429984375 0.19272655156250001 0.146604471875 0.1917501484375 0.15246243125 0.191017840625 0.16320195625 0.189309146875 0.172965184375 0.1856476453125 0.1846810546875 0.18369483749999999 0.19444428281249998 0.1827184515625 0.202254871875 0.18296254843749998 0.20908912656249998 0.1827184515625 0.21689971562500002 0.1841830484375 0.22210676562499998 0.18662404999999999 0.22113045781250001 0.1868681453125 0.2279647125 0.187600453125 0.23479896875 0.18784455 0.2429349921875 0.190529646875 0.2465148375 0.191017840625 0.2536745546875 0.1917501484375 0.2699466015625 0.1944352453125 0.2699466015625 0.1939470515625 0.256603528125 0.194679340625 0.249769246875 0.194679340625 0.2435858890625 0.19199424375000002 0.238053378125 0.1900414546875 0.2295919171875 0.1900414546875 0.2204795609375 0.188820953125 0.215597946875 0.1861358375 0.21364530468749998 0.18662404999999999 0.20290576875 0.189309146875 0.18956266875 0.19077374375 0.17914856875000001 0.19492345625000002 0.1674326984375 0.19565574531250002 0.1592966734375 0.19492345625000002 0.1521369703125 0.1988290546875 0.13911933125 0.2027346515625 0.1254508078125 0.2029787484375 0.1195928734375 0.1998054578125 0.114711259375 0.2044433453125 0.1042971453125 0.2056638453125 0.092255828125 0.2015141515625 0.09160494375 0.19934081406249998 0.09977213593749999 0.19712034218750002 0.10950419687499999 0.19663215 0.11764022031250002 0.1983408421875 0.12675256562499998 0.1954116484375 0.1381429984375
0 0.7204414515625001 0.401089028125 0.722394246875 0.415842359375 0.7259743765625 0.43276529531249996 0.72987999375 0.45272566875000003 0.7315073265625001 0.4397080296875 0.72955450625 0.42669039062499997 0.72955450625 0.420181571875 0.724997990625 0.4049943265625 0.7285781203125 0.395882003125 0.727927171875 0.39024099687499997 0.7318327890625 0.3846000234375 0.7288411390625 0.373372396875 0.7276017109375 0.38156257031249996 0.7230451703125 0.3859017828125 0.7236961187500001 0.3954480546875 0.7204414515625001 0.401089028125
