1 0 0.074982384375 0.01624508125 0.0884475 0.0256248609375 0.0948156890625 0.035178982812499995 0.09757421875 0.0491838984375 0.0979827703125 0.0802407484375 0.0842444546875 0.085978425 0.0602034140625 0.1237996125 0.055586809375000004 0.160939540625 0.04318336875 0.1938328953125 0.049459690625000004 0.2256383578125 0.047581228125 0.23441021874999998 0.044199675 0.237235634375 0.034476320312499996 0.236165546875 0.03064876875 0.22780322812499998 0.0219042125 0.0726342296875 0.035479740625 0 0.0418344125 0 0.074982384375
2 0.2631272671875 0.5965329890625 0.2324947328125 0.6021538671875 0.22971804843750002 0.6040306171875 0.22891131250000002 0.6116167765625 0.229819184375 0.621993803125 0.23742349843750002 0.6304779125 0.320455671875 0.646740565625 0.4157419921875 0.632195571875 0.42951604374999997 0.6159593421875 0.43708007968749996 0.601573475 0.42717749375 0.586428390625 0.42019734375000006 0.5850784890625 0.335604321875 0.59019206875 0.2631272671875 0.5965329890625
2 0.43165665937500003 0.5844026921875 0.3384093765625 0.5886396015625001 0.26547426875 0.595347359375 0.2322798921875 0.602499428125 0.22880194375000001 0.6047642953125 0.23006239687500002 0.621972525 0.2346346859375 0.62941484375 0.25557513906249996 0.6334645484375 0.2936133875 0.6340578046875 0.372255846875 0.6281577734375 0.42592461249999997 0.6169270796874999 0.4311942703125 0.609930759375 0.43628157500000003 0.598048928125 0.43493189374999996 0.585423203125 0.43165665937500003 0.5844026921875
2 0.5285796781250001 0.2916381125 0.5014383234374999 0.1999045625 0.497040375 0.18885258437500002 0.4584028796875 0.12818712968749998 0.4490109734375 0.1188791234375 0.44829346562500005 0.12188277656249999 0.450060259375 0.17008931249999998 0.46772606406249995 0.48125716250000006 0.47664668906249996 0.5860215671875 0.4780046015625 0.5875365859375 0.49405245156250005 0.591687575 0.51245141875 0.58909758125 0.5364767406250001 0.5807871171875 0.5470201734375 0.561239121875 0.5497565796874999 0.536492396875 0.54166305 0.4159709453125 0.53264908125 0.3213443984375 0.5285796781250001 0.2916381125
2 1 0.5090868046875 0.9106622281250001 0.5130863515625 0.70698865 0.5380942937500001 0.56202630625 0.5618868421875 0.4759859234375 0.5896737828124999 0.4706473953125 0.593081721875 0.470302828125 0.594745690625 0.49061889687500004 0.6112670640625 0.9156921296875 0.5593735828125 0.9506741015625 0.5530454125 0.9996529765625001 0.5386306249999999 1 0.538399971875 1 0.5090868046875
0 0.546698375 0.8190200578125 0.553780425 0.8372317234375 0.55669923125 0.8526690718750001 0.557627221875 0.8677574921875 0.5660066734375 0.8963174390624999 0.5659097890625 0.9041722703125 0.5640749406250001 0.9100868249999999 0.5676295812500001 0.9327917781249999 0.5647122484375 0.9487397218750001 0.5700699625000001 0.978610240625 0.5746025859375 0.9766444015625 0.5726299796875 0.9496162984375 0.5752748109375 0.9305536609375 0.570708865625 0.9142142124999999 0.5759348734375 0.902249025 0.57244533125 0.8847692390624999 0.5630545796875001 0.8625748390625001 0.5597134171875 0.8288662984374999 0.554979440625 0.8240495640625 0.557500121875 0.7856434390625 0.552817609375 0.77245274375 0.5563965109375 0.7595854546874999 0.5495597265625001 0.7172902015625 0.5425881968749999 0.7048228703125 0.53556974375 0.6604511234375 0.5301516125 0.6530325734375 0.531096140625 0.6765352234375 0.537640740625 0.711009703125 0.54360705 0.7209495265625 0.54423680625 0.7371102234375 0.5481669140625 0.7461820265625 0.5493477515625 0.759679059375 0.545470615625 0.77361860625 0.550107709375 0.786290190625 0.5499987 0.8119311859374999 0.546698375 0.8190200578125
0 0.5250858296875001 0.83189581875 0.5204018421875001 0.7873198328125001 0.52002490625 0.7695677484375001 0.5120087859375 0.745160715625 0.5098741953125 0.720762234375 0.50775925625 0.70106981875 0.4992829203125 0.680364703125 0.496389846875 0.660740384375 0.4937042046875 0.63900555 0.49232452968749996 0.6184373609375 0.4836004171875 0.6221044453125 0.4887506984375 0.6540854515625 0.4943611984375 0.682364565625 0.5026044 0.709367165625 0.5050311765625 0.7415864578125 0.5141176140625 0.7737461875 0.5162204234375001 0.811224725 0.521416121875 0.8437248500000001 0.52694186875 0.862072675 0.5250858296875001 0.83189581875
3 0 0.5086370203125 0.0254214109375 0.5238749765625 0.029312796875 0.5235345234375 0.033147660937500004 0.5029396312500001 0.023062721875 0.4829090359375 0.017716182812500002 0.47782180468749996 0.013038420312499998 0.477577528125 0 0.48424594218749994 0 0.5086370203125
2 0 0.31171729375 0.005747953125 0.31581351875 0.0117065265625 0.3250951390625 0.040952334374999996 0.3568467109375 0.0419940515625 0.3603499796875 0.04148726875 0.368563425 0.043011290625 0.3775794890625 0.039995290625 0.3935280390625 0.0389977484375 0.42694526875000005 0.0404975171875 0.4300817 0.0443159171875 0.43170821875 0.068065540625 0.428650103125 0.0806315453125 0.421015434375 0.086659209375 0.41427956093749996 0.097388890625 0.41366759999999997 0.1066066765625 0.406979390625 0.22015378437500002 0.421879390625 0.3405922546875 0.40350004687499996 0.3629597109375 0.393047278125 0.3929763140625 0.3691814875 0.398704025 0.361818328125 0.40185776406249996 0.35304654062499996 0.4067787375 0.35326953906249997 0.41475209375000005 0.346363440625 0.417755746875 0.34708094843750004 0.418388140625 0.34310445 0.41634976406249996 0.2945949078125 0.41173763750000003 0.22507086250000002 0.4104122125 0.2183247734375 0.4071369765625 0.2173042609375 0.39840973125 0.21839456093749998 0.390408003125 0.224976378125 0.3836831921875 0.226545015625 0.3778866125 0.23031979374999997 0.363942553125 0.2250044546875 0.3558639453125 0.2195027203125 0.317533696875 0.23167881875 0.3068445703125 0.23065340937499998 0.2863418109375 0.2344077546875 0.273881278125 0.23484438124999998 0.2614045 0.23789654374999997 0.19997332343750002 0.2416372546875 0.1855224828125 0.244535359375 0.17413203593749998 0.2487995375 0.166300534375 0.2573270484375 0.1504876640625 0.2642654859375 0.135923340625 0.265866465625 0.1257814390625 0.26479318125 0.10881336875 0.266931221875 0.1019588296875 0.2698182671875 0.06952657500000001 0.2716754296875 0.059437298437499994 0.2768060609375 0.03730504375 0.2787423828125 0.0299398265625 0.2757923484375 0.0197411828125 0.2740705015625 0.0076089734374999995 0.2754586953125 0 0.2796699078125 0 0.31171729375
3 0 0.3796690671875 0.0040467390625000006 0.3811386609375 0.007416282812499999 0.33002936250000003 0.039415964062499996 0.3644967046875 0.040376682812499995 0.361471775 0.038621575000000005 0.35541680468750003 0.0036725328124999996 0.31730215156249997 0 0.317119109375 0 0.3796690671875
