2 0.4307973234375 0.46416048125 0.417268340625 0.4389666375 0.426264375 0.4999266765625 0.27522786875 0.5431807140625 0.27218447343749996 0.5489359953124999 0.2771629296875 0.5553982125 0.3138004359375 0.57134758125 0.339950828125 0.5803889078125 0.3726180046875 0.55235644375 0.39299451093750004 0.5594636296875 0.397891621875 0.5413242875 0.43091560468749995 0.525772925 0.4396518859375 0.50758073125 0.44008474687500004 0.483782521875 0.4307973234375 0.46416048125
2 0.6822140484375 0.5080529203124999 0.680651915625 0.5059932890625001 0.676005953125 0.504751665625 0.63257021875 0.5254735078125 0.6256686671875 0.5318398609375 0.6015281906250001 0.585429690625 0.6037927546875 0.5966062640625001 0.6113787546875 0.6148498921875001 0.6357903671875 0.6161132765625 0.6596281765625001 0.6276418015624999 0.6708731484375 0.6268495078125 0.680009315625 0.6221066953125 0.668871146875 0.5836353390625 0.689218925 0.5319914234375 0.6876642875 0.5190545125 0.6822140484375 0.5080529203124999
2 0.7261101328125 0.3250300234375 0.7135154531250001 0.31208759375 0.6856797546875 0.198755853125 0.7241920828125 0.42110780468750003 0.62014676875 0.4507668671875 0.5785567875 0.4503247984375 0.5658014109375 0.40355809374999996 0.5640760234375 0.40514968281249997 0.5638947859375001 0.424293940625 0.568352015625 0.4555570984375 0.5714283499999999 0.46561636718750005 0.57513673125 0.47030227187499996 0.5876922140625 0.4762235625 0.629173390625 0.48217757343749995 0.69284646875 0.47374063906249997 0.7187707171875 0.46106560312499995 0.7439146562500001 0.43566059218750003 0.74199008125 0.41882733281249995 0.7261101328125 0.3250300234375
2 0.9147969140625 0.36904608125 0.9150519484374999 0.34870288125000004 0.8998914921875001 0.35921246406249996 0.831316228125 0.3900824203125 0.79361969375 0.393416990625 0.7873106375 0.36190580781250004 0.7739067687500001 0.3831214265625 0.772157415625 0.3876830171875 0.7757864046875 0.41215620625 0.7790529515625 0.4218557703125 0.7840718437499999 0.433255259375 0.7898136015625 0.43180220468749997 0.79597128125 0.42906962968749995 0.8050720390624999 0.42411362343750003 0.8813420578125 0.3997223546875 0.9103097015625 0.38129203437500003 0.9143550796875 0.3740597390625 0.9147969140625 0.36904608125
1 0.8830988734374999 0.437345628125 0.8747714859375 0.434709615625 0.8313659781249999 0.4858486 0.792462084375 0.5143209984375 0.80378789375 0.57646539375 0.806405925 0.5836310453125 0.8325802812499999 0.5897023671875 0.8503059453124999 0.57832585625 0.8562556296875 0.5223247953125 0.891715259375 0.5401277296875 0.9063136984375 0.46530829687499997 0.9056517046874999 0.4611286265625 0.8878601609375 0.440876034375 0.8830988734374999 0.437345628125
1 0.7112311015625 0.513344425 0.7407019546875 0.5386683453125001 0.7676671093749999 0.552853878125 0.765437 0.534091540625 0.757903434375 0.492769115625 0.751346375 0.476339990625 0.7225435 0.46771877812499996 0.7189774 0.46861317187499996 0.707570653125 0.502718515625 0.7112311015625 0.513344425
1 0.5432978890625 0.5626833484375 0.5369265375000001 0.563033315625 0.531991509375 0.5677698906249999 0.52756570625 0.57572159375 0.5241179218750001 0.5851662890625 0.5238558125 0.594436 0.52883275625 0.6242985296875 0.542899415625 0.6850200828124999 0.5523471015625 0.694729384375 0.5684926484374999 0.6967862796875 0.5760292390624999 0.69130808125 0.578716175 0.68330220625 0.576779634375 0.6414228765625001 0.5671747093749999 0.5948256890625 0.5593071390625 0.57168298125 0.5432978890625 0.5626833484375
1 0.42262105625 0.6981378890625 0.41804998125 0.694247778125 0.40560982343749996 0.6906152718749999 0.3739531171875 0.7146971453125001 0.3269564359375 0.691867075 0.3234412578125 0.69308298125 0.31262013906249997 0.70435465625 0.31319376718749997 0.7095370578125 0.33440909531249996 0.7763770984375 0.3379032984375 0.7843927109375 0.3424743734375 0.788282821875 0.3665399265625 0.7904036265625 0.398706725 0.7734440796875 0.4337611578125 0.7435031953125 0.4383127703125 0.7332245140625 0.43249259375 0.718326571875 0.42262105625 0.6981378890625
1 0.28477472656249997 1 0.2810208171875 0.97928428125 0.28420619999999996 0.942069275 0.26393240156250003 0.9347364328125 0.2436305140625 0.939709228125 0.193250859375 0.78719911875 0.1886663046875 0.78166325 0.17887862968749998 0.7776106296874999 0.157998753125 0.77531484375 0.1537092484375 0.7763238125 0.1537362046875 0.779615328125 0.20818727187500002 1 0.28477472656249997 1
1 0.08611804687499999 0.8723900359375 0.08314954062499999 0.8754968296874999 0.0811590515625 0.8800966125 0.07885553125 0.8936445953125001 0.080348759375 0.91087575 0.084389634375 0.92078225 0.09043148281249999 0.9214732078125 0.1046689265625 0.9146041203124999 0.10825899218749999 0.910739725 0.1071222234375 0.895759159375 0.100921621875 0.8815806281249999 0.0989655875 0.8785946499999999 0.09012897187499999 0.8727435031249999 0.08611804687499999 0.8723900359375
0 0.11762247343750001 0.500528925 0.110096540625 0.5154279984375 0.0948846515625 0.506766221875 0.095030696875 0.5151782125000001 0.10918832812499998 0.52717015625 0.11558318281249999 0.5251029234375 0.1241633875 0.5068736687500001 0.1327959796875 0.5139415625 0.1378153875 0.523163271875 0.141476265625 0.536290559375 0.155672296875 0.5435316578125 0.15911030937499998 0.5577486203124999 0.15950074375 0.5677035171875 0.16738334531250001 0.577526146875 0.16980549843749998 0.5903224203125 0.17273327031250002 0.598821046875 0.17712259375 0.606560978125 0.170243628125 0.6155584421875 0.1647064078125 0.628033771875 0.1618862875 0.6326980015625 0.1696059796875 0.6414920578125 0.17236149375 0.6289301187499999 0.17990895625 0.6166635859375 0.1898785765625 0.6171933453125 0.20398849531250002 0.61390415625 0.21277931093750002 0.611984640625 0.21804311875 0.6227492359375 0.22093716093750002 0.6460146953125 0.222537215625 0.6810834203125 0.2296576421875 0.7110602390625 0.23092721562500002 0.7340557999999999 0.23977041406250002 0.7574333796875 0.23905418906250003 0.74542133125 0.2355515671875 0.7233066390625 0.231778384375 0.68700051875 0.22680954843749998 0.6556285234375 0.229946153125 0.632989509375 0.2229118390625 0.613542975 0.2223922515625 0.587792646875 0.228255328125 0.5773745 0.22481728437499998 0.5631575421874999 0.2155039734375 0.576758134375 0.2113299765625 0.5953439109375 0.2080042359375 0.6043057859375 0.20028920156250002 0.605527728125 0.18695080625 0.60869471875 0.181159871875 0.599595178125 0.1750215796875 0.5858058984375 0.1730666296875 0.573462834375 0.1692044546875 0.56405780625 0.1652439484375 0.5615219203125 0.1635932859375 0.5486034546874999 0.1477082359375 0.5331947203125 0.159323828125 0.5366269531250001 0.17040764375 0.5317082796875 0.18162817656250002 0.5151696218749999 0.17275590624999998 0.5165748515625 0.1653882015625 0.5224865453125 0.15700466875000002 0.5269775453125 0.150159459375 0.5212081625 0.145140021875 0.511986459375 0.13466013125 0.5057383671875 0.1277119296875 0.49682210781249997 0.1251821265625 0.4708629796875 0.123852634375 0.449985703125 0.1168034640625 0.4404319640625 0.1084751984375 0.4327887125 0.103151465625 0.4241423609375 0.096931715625 0.40983878437500004 0.0970253625 0.39295366875000004 0.08946392812500001 0.3751722171875 0.084705734375 0.3601099546875 0.07838856875 0.3625698578125 0.079390965625 0.37398997343749996 0.08827257968749999 0.3926167171875 0.0882173171875 0.40475098750000005 0.096083040625 0.4219570375 0.099195259375 0.4341168265625 0.11244000624999999 0.4478349515625 0.11802961249999999 0.4606567390625 0.12008755468750001 0.476146678125 0.1197694046875 0.48911774062499996 0.11762247343750001 0.500528925
1 0.14073747812499998 0.6429215796875 0.1352887171875 0.6615818171875001 0.1357605 0.66612119375 0.14990806406249998 0.6836551484375 0.17669349375 0.693584628125 0.1808062640625 0.694581121875 0.1843588859375 0.692040971875 0.1690206390625 0.652943421875 0.1656926828125 0.6475381046875001 0.1448742140625 0.640948071875 0.14203151875 0.6417278890625 0.14073747812499998 0.6429215796875
1 0.9026785546875 0.3367948859375 0.9297122484375 0.3992913421875 0.9330189593749999 0.37855846406250004 0.9337462078125001 0.3415395046875 0.9211922640625 0.3126639703125 0.9007827078125 0.2624090296875 0.887012559375 0.260730846875 0.8948920953125 0.30891962500000003 0.9026785546875 0.3367948859375
0 0.59636020625 0.048069337499999996 0.5777795359375 0.0431042828125 0.5672059671875 0.053741312500000006 0.5597568374999999 0.0591387046875 0.549542853125 0.057066082812499995 0.5282665859375 0.062544684375 0.516694034375 0.064377596875 0.50414400625 0.0600389671875 0.49789053125000005 0.0605022328125 0.48355778125000004 0.064881109375 0.46609595937500004 0.0644836015625 0.44991593593749996 0.06968224687499999 0.43220975 0.067741878125 0.41710550468749996 0.0722429265625 0.4087266265625 0.086749915625 0.41092594687500006 0.10063587968750001 0.4184427546875 0.1030535875 0.4364454734375 0.094485190625 0.44567733125000003 0.0803703109375 0.4643947203125 0.073715390625 0.4822422859375 0.0740517828125 0.5085979140625 0.0756766328125 0.535741909375 0.0697958609375 0.554583828125 0.0689203671875 0.5687751750000001 0.066145490625 0.58015861875 0.0506354171875 0.59636020625 0.048069337499999996
1 0.19585262187500002 0.4680846390625 0.19879716249999999 0.467947846875 0.20049559375 0.46306474375000006 0.19366445937500001 0.43085926093750004 0.189511253125 0.4249254953125 0.1821004734375 0.42807671718750007 0.1805413328125 0.432278603125 0.1857803859375 0.452871421875 0.19585262187500002 0.4680846390625
1 0.176996240625 0.3708793359375 0.1770681375 0.361969328125 0.174208971875 0.3548418703125 0.1699434328125 0.3528808375 0.1629909578125 0.358925678125 0.1616594734375 0.361443615625 0.1647223296875 0.369857125 0.176996240625 0.3708793359375
2 0.0550449296875 0.3625099328125 0.05804338437499999 0.36895617187499996 0.062295445312499996 0.369271446875 0.064095721875 0.36503136875000003 0.06187310625 0.335391753125 0.054276618750000005 0.3217638859375 0.0497564671875 0.3181952890625 0.045935753125 0.3174821171875 0.045327671874999996 0.3198854765625 0.0550449296875 0.3625099328125
2 0.8307844421875 0.682927934375 0.8290860109375 0.6878110390625001 0.8282667437500001 0.6998056234375001 0.8301269171874999 0.7146716109375 0.834500284375 0.7297987046875 0.8498550359375001 0.7237413874999999 0.8974484796875 0.69181451875 0.913823196875 0.6687871515625 0.917040334375 0.6547648890625 0.9170103859375001 0.6452118578125 0.91388611875 0.6410925921875 0.9115122156250001 0.64015026875 0.8307844421875 0.682927934375
3 0 0.14829528125 0.0306751046875 0.2837172578125 0.0962402375 0.30029702343750003 0.1582117796875 0.27999558125 0.1465172390625 0.1919669984375 0.22672563750000002 0.173271175 0.3367685484375 0.1513480625 0.3992638421875 0.14144978125000002 0.4144188953125 0.088117 0.37013961093750003 0.0143353015625 0.1234476203125 0.053407475 0.0225780265625 0.0693836484375 0 0.07295965625 0 0.14829528125
