0 0.12909390781250002 0.3574634109375 0.135933640625 0.3632133484375 0.1455065515625 0.3668423125 0.161173125 0.36811940625 0.171136609375 0.3731504140625 0.165091590625 0.3923093484375 0.1714687234375 0.3833819546875 0.1751243578125 0.3748096453125 0.1867914796875 0.3761934140625 0.20031521406250002 0.37838012499999996 0.2062081796875 0.382177853125 0.2152600046875 0.3799589578125 0.22859566562500003 0.3829932 0.235422778125 0.37857370156250003 0.23941053124999997 0.3802329140625 0.2565917296875 0.3822464765625 0.2666146296875 0.3903833375 0.27269659218750003 0.3897973734375 0.28718061562499997 0.40056955 0.2927891796875 0.3990074953125 0.2984571359375 0.40055126874999997 0.2957482703125 0.411075790625 0.2985300640625 0.42576189218750005 0.30152335468749997 0.420597175 0.3003272671875 0.40798748125 0.3021137 0.4039143 0.30627871875 0.4029557203125 0.31021875312499997 0.399743209375 0.3187378140625 0.39344237187500003 0.33803845312499997 0.4135496140625 0.3437181109375 0.4133275046875 0.35401280625 0.4166547140625 0.358899609375 0.41539439843750003 0.3617632953125 0.417719221875 0.3673124421875 0.41305131250000005 0.3750404609375 0.42958293437500006 0.37754865 0.4252080125 0.39236386093750003 0.4342763875 0.399368253125 0.42723909843749996 0.413909859375 0.4172464515625 0.407709115625 0.41162072031249997 0.40153265468750005 0.41439853125 0.38484915000000003 0.4217646046875 0.37300382656250003 0.411063303125 0.38165337187500004 0.4092082640625 0.3897116421875 0.412100759375 0.4001592984375 0.40440663125 0.3926806015625 0.39853249062499996 0.37640349687499997 0.4011426875 0.3504548578125 0.40670782812499995 0.3398051265625 0.402648515625 0.32560506093749997 0.391268471875 0.3400521546875 0.383467684375 0.34720415 0.3722596609375 0.340867496875 0.3690387515625 0.3185758640625 0.383934571875 0.3048388296875 0.39319951406250003 0.2930889359375 0.39224169999999997 0.2818533390625 0.38607932031250003 0.2651153390625 0.3775212734375 0.246673728125 0.3726104546875 0.23721330937500001 0.37010848125 0.22688353437500003 0.3720789515625 0.20961368593750002 0.3713743 0.17904959843749998 0.36742243124999996 0.165293634375 0.361433221875 0.1509167171875 0.35863863125 0.140768378125 0.353599275 0.117291896875 0.3481518375 0.09364985 0.3435562890625 0.07890619843749999 0.33679180937500003 0.079111746875 0.345095603125 0.084436815625 0.350109075 0.0929801828125 0.352211790625 0.10368883437500001 0.353409253125 0.1098301875 0.3559291375 0.11327344531250001 0.3552723125 0.11781736406250001 0.3574816875 0.1226096703125 0.35841321718749997 0.12909390781250002 0.3574634109375
0 0.12147805468749999 0.489922021875 0.1307071734375 0.4850853375 0.137889790625 0.4873655859375 0.1465393296875 0.4855105796875 0.1539469390625 0.49004474374999996 0.1619341140625 0.49159729218750003 0.17234668749999998 0.48920086406249996 0.1796948984375 0.4906292109375 0.19865174218749998 0.50227085 0.20577492031250003 0.5014452406250001 0.21883883124999998 0.50928909375 0.2242935046875 0.506813034375 0.22931079531249998 0.5099985109375 0.2364223 0.5109387937500001 0.246349815625 0.5093322015624999 0.2689623015625 0.5124014640625 0.2697200515625 0.518737346875 0.2797069578125 0.5202366015625 0.2898477453125 0.522649775 0.3014914859375 0.52756535625 0.3152527921875 0.5267039421875 0.319465528125 0.530617103125 0.323335396875 0.5379999890625 0.3255592171875 0.52826525625 0.31968960625 0.520935728125 0.2971482359375 0.5192064140625 0.29310110312500004 0.5144413046875 0.27551762968750004 0.5127916359375 0.27371857187500004 0.5066953468750001 0.2667726640625 0.504903146875 0.2461599203125 0.5017805234375 0.23106119062500002 0.49928768124999995 0.21880279531250002 0.50265144375 0.2143416765625 0.5000161125 0.209489978125 0.49597873437500006 0.1992547171875 0.49575741406249996 0.19209550312499998 0.489945375 0.17822703906249998 0.48282919062499996 0.1599811859375 0.48458703906249995 0.1462666359375 0.4783848609375 0.14193602031250002 0.480195359375 0.1370726015625 0.477923846875 0.1233940640625 0.4783593125 0.11928843125 0.48242375624999995 0.1152412984375 0.477658646875 0.0953853890625 0.46893661875000003 0.0896112390625 0.47135054218750005 0.0760982953125 0.47093410625 0.05342639375 0.46475897499999996 0.0442674609375 0.4590003 0.039498565624999996 0.4545369484375 0.026245681250000003 0.45107679218749996 0.0120917796875 0.45191775468750006 0.0204481515625 0.45702251250000003 0.0316301984375 0.45919608125 0.0435700109375 0.4677055859375 0.056811170312500006 0.4729316234375 0.08396756875 0.47821029218750005 0.093658378125 0.4761156203125 0.108023596875 0.480676096875 0.11454384687500001 0.48636393437500003 0.12147805468749999 0.489922021875
3 0.1484271125 0.4495682828125 0.15471804375 0.41464524375 0.1517795171875 0.4054521015625 0.1309536953125 0.36161034999999997 0.11659197968749999 0.35616580625 0.084895396875 0.3503362296875 0.02484036875 0.3509324140625 0.019559162499999998 0.3512323046875 0.0181926921875 0.3582621890625 0.021717165625 0.3695589078125 0.042854103125 0.42075663125 0.049946465625000006 0.42777267500000005 0.08919768593750001 0.45231462968749997 0.1402881875 0.455613346875 0.1484271125 0.4495682828125
3 0.21703107031250002 0.326942003125 0.22019111093750002 0.3298775484375 0.2367361046875 0.3317671140625 0.2606131171875 0.3407193125 0.26666660625 0.3415643765625 0.2709979859375 0.33975340468750004 0.2735011734375 0.34222965625 0.2819600078125 0.34221581875 0.284170221875 0.34364028125 0.2865315953125 0.34940510156250004 0.290996546875 0.35458397656249996 0.2958605546875 0.353871375 0.29926904374999996 0.355528759375 0.30336076875 0.3536712015625 0.304754175 0.3516207578125 0.31003538124999996 0.3513208671875 0.33285648437500004 0.3657052453125 0.3511235875 0.3702508515625 0.3532716890625 0.371994853125 0.3529974109375 0.38620091875 0.3558380953125 0.392058909375 0.362273053125 0.3896619890625 0.365504 0.39095325000000003 0.367101884375 0.39424836874999997 0.37220554687499996 0.3935823515625 0.382182565625 0.3998326625 0.38455273437500004 0.4042727390625 0.3890264796875 0.40812686875 0.3898702234375 0.41658121406250004 0.3871460765625 0.429316234375 0.3830636984375 0.43880271875 0.3796029984375 0.454047475 0.38089966875000003 0.46656922187500005 0.3802521640625 0.47373885624999995 0.38211663906250004 0.48205999843749997 0.38026206406249996 0.4903214578125 0.3812564140625 0.49416248749999997 0.3808485640625 0.5013787078124999 0.379677225 0.506125225 0.373597353125 0.5092543921875 0.372719540625 0.5240063703125 0.370891346875 0.5282935953125001 0.366968371875 0.531842021875 0.3649626359375 0.5357631203125 0.3519948796875 0.53722180625 0.36878008281249997 0.5481116312500001 0.39805373125 0.5574496 0.4834154609375 0.576363534375 0.49223817499999994 0.5757572015625 0.5063778250000001 0.578505671875 0.517747696875 0.5737518671874999 0.5199309750000001 0.570196890625 0.531043603125 0.568045990625 0.5363781265625 0.568751303125 0.5392985109375 0.5716402625 0.543550190625 0.5727983203125 0.54837846875 0.568431025 0.5486087765625001 0.5608486828125 0.6640180390625 0.472523059375 0.667896490625 0.466644684375 0.67130498125 0.46830206875 0.675751790625 0.46717675937500003 0.6785034265625 0.46837485 0.685595790625 0.4753908953125 0.690361403125 0.46238946875 0.6981457953125 0.46456582968750004 0.698962603125 0.46804073593749995 0.704438940625 0.465457478125 0.7076077734374999 0.467068278125 0.71127350625 0.46612275781249995 0.71478863125 0.46979055000000003 0.7251377703124999 0.46516994843750004 0.7301798749999999 0.47377714531250004 0.736330653125 0.46900369218750004 0.7436615640625 0.4581589765625 0.744469025 0.45400495625000004 0.742879934375 0.44938509218749995 0.7271248109374999 0.4459909921875 0.6918685796874999 0.43416367187500005 0.508123490625 0.3878356140625 0.4552570078125 0.37192198125 0.4045210390625 0.3604018390625 0.2246280203125 0.3121696390625 0.0368047234375 0.262511590625 0.03233373125 0.285512846875 0.045446453125 0.2933662125 0.17924527031249998 0.316612665625 0.1873314296875 0.3185160703125 0.197423878125 0.325452046875 0.2098238296875 0.32819396562500003 0.21703107031250002 0.326942003125
3 0.7357841281249999 1 0.7633589187500001 0.7843474828125 0.9451404125 0.825517203125 0.9465313890625 0.8183612531250001 0.7663703859375001 0.77909789375 0.4559985203125 0.707628253125 0 0.615410803125 0 0.62282013125 0.1144989203125 0.6454910421875 0.0477911390625 0.9211262359375001 0.0569923734375 0.922914775 0.12245063281249999 0.647567153125 0.3872559375 0.701692346875 0.4395372390625 0.713446153125 0.449283940625 0.7198492421875 0.40095625156250003 0.9889422937499999 0.41485195937499997 0.9919089140624999 0.46024000625 0.7174703625000001 0.7577075046874999 0.7827185156249999 0.7295803624999999 1 0.7357841281249999 1
3 0.3141959765625 0.7457548375 0.41922701093750003 0.7658391890625 0.42457032968749997 0.7652197562499999 0.42848451093750006 0.762996075 0.43127132343749996 0.7588951890625 0.43896666875 0.75641165 0.44091029062500003 0.7528100906249999 0.4391969765625 0.74882930625 0.444282496875 0.7418591078125 0.443793840625 0.7341370109375001 0.44628767968750005 0.7289843359375 0.450441515625 0.7268072375 0.44909208125 0.7222339578125 0.45175466875000003 0.71877215 0.4509730375 0.709998265625 0.4525170515625 0.7033345078125001 0.45104339062500004 0.699400309375 0.440800334375 0.697077646875 0.43536796874999995 0.69303718125 0.43575823125 0.68847045 0.44007146874999997 0.68035529375 0.4516188828125 0.6759676140625 0.4717850859375 0.6745817109375001 0.4756107734375 0.6766518031250001 0.4792231875 0.674701078125 0.48248107031250004 0.680971775 0.48758473281250003 0.680305759375 0.49033636875 0.68150385 0.4946677484375 0.679692878125 0.49764145156249995 0.683587040625 0.5068867499999999 0.6843893046875 0.5127309265625 0.6878465921875 0.523941396875 0.6890308453125 0.5268975124999999 0.6955745 0.532001175 0.694908484375 0.53833884375 0.6981300828125 0.5436733671875 0.6988353953125 0.547942634375 0.6973439625 0.550720653125 0.6945678203125001 0.5480217828125 0.6854212609375 0.5392963578125001 0.6804090765625 0.4032589984375 0.6516018203125 0.40739880156249997 0.6303043749999999 0.40661672343750005 0.6155649265625 0.4000370765625 0.6067712578125 0.38590761875 0.5907634828125 0.366157915625 0.57808368125 0.3427876640625 0.5686784734375 0.330041746875 0.6360863515624999 0.3124760203125 0.6343299874999999 0.3079049859375 0.636094375 0.2957446890625 0.633399040625 0.2932063265625 0.6362217671875 0.29032222343749997 0.645941175 0.2811092484375 0.6511142375000001 0.2749496765625 0.657212434375 0.2739025609375 0.6613198703125 0.2767256578125 0.6698273484375 0.2803738015625 0.6715313171874999 0.28739525781249997 0.6801916484375 0.28477719375 0.6859834046875 0.281103775 0.7061610140625 0.2818766109375 0.7162596437500001 0.280315009375 0.7255728921875 0.281096640625 0.734346775 0.3141959765625 0.7457548375
0 0.8785204343749999 0.507347078125 0.8561032109375001 0.5049788234375 0.8299764062499999 0.501226396875 0.8023227281249999 0.49253574375 0.7910520562500001 0.49167108125 0.782444803125 0.5052484749999999 0.7579864875 0.5031465765625 0.748153496875 0.5025613203125 0.7241919671875 0.4979036703125 0.7160626171875 0.49367121875000003 0.6986685765625 0.49360548125000003 0.6916218296875 0.48892040937500003 0.6859412500000001 0.47720719999999994 0.67186673125 0.48309127187499995 0.655342059375 0.478553015625 0.6415334781250001 0.48051040624999997 0.6293569484375 0.47151288593749996 0.6145899046875 0.47328386718750004 0.605519621875 0.46621627343750005 0.5967692546875 0.4651784796875 0.57639320625 0.46254385937500003 0.5663469250000001 0.45793879375 0.54440896875 0.4556636734375 0.5217784671875 0.4492755625 0.49373469999999997 0.44515059062500006 0.4799962984375 0.4365124765625 0.4827839625 0.450315628125 0.4961673234375 0.4582216265625 0.5218149296875 0.4618808828125 0.5626912765625 0.4665111171875 0.57380268125 0.4733124109375 0.5825530062500001 0.474350221875 0.598740203125 0.47550755625 0.6121235765625 0.48341347968750004 0.6247428625 0.47989885625 0.6185317625 0.49394201562499995 0.6259159875 0.50200800625 0.6318071203125 0.4819351140625 0.6417116609375 0.48982790156249995 0.655751103125 0.4892415703125 0.6877353359375 0.49612178125 0.6981191375 0.504107725 0.6953707078125 0.5387158859375 0.700040175 0.558189359375 0.7030910046875001 0.532259834375 0.7042425109375 0.503308775 0.7468940046875 0.5115993859375 0.7547925578125 0.5144608421875 0.7637912578125 0.514220875 0.76588640625 0.5239109890625 0.7613965078125 0.5316580734375 0.762408971875 0.541800840625 0.7655867453125 0.5510384187499999 0.7709986734375 0.530872278125 0.7731274890625001 0.5173617375 0.7767480703125 0.51408710625 0.7898114640625 0.5159633703125001 0.7971065734375 0.5193705328125 0.8106141203125 0.5266376390625 0.822080603125 0.53417095625 0.8372202015625 0.5304831531249999 0.823091675 0.5264107124999999 0.8037442359375 0.513367065625 0.79311208125 0.5066589796875001 0.796270915625 0.500642353125 0.8036902546875 0.503410609375 0.8172328859375 0.50537995 0.8289477421875 0.5116354890625 0.840449246875 0.5138711546875 0.8577015781249999 0.5172246671875 0.8712617578125 0.516545178125 0.8796219484375 0.5221486109375 0.8878931187499999 0.523093309375 0.8992704312500001 0.5259678890624999 0.9173570109375 0.5301466421875001 0.9308469718750001 0.5400625734375 0.9425969484375001 0.5410203546875 0.9525015171875 0.5489131953124999 0.9666300453125001 0.5529856375 0.9878943390625 0.56640188125 0.9958104484374999 0.5666144828124999 0.9960703109375 0.5581249406250001 0.9848407484375 0.5565254390625001 0.97255761875 0.5455179828125 0.95255413125 0.540966696875 0.9559613656250001 0.53367216875 0.9319998343749999 0.52901451875 0.9244914156249999 0.5215874671875 0.9088010609375001 0.5178744921875 0.8824433796875001 0.512751078125 0.8785204343749999 0.507347078125
0 0.6954748203125 0.614830978125 0.7050666140625 0.607559875 0.7079453 0.5995732796875 0.7144844265625 0.594361059375 0.71352144375 0.5868064937499999 0.7095999984375 0.575140515625 0.7103805640624999 0.5699877234375 0.7067668984375 0.5601497515625 0.7087384015625 0.552281503125 0.70925078125 0.5473712828124999 0.7058020218750001 0.547299359375 0.7025862593750001 0.56346285 0.705592753125 0.57642445 0.709293425 0.58922629375 0.7045056328125 0.595663021875 0.70319648125 0.600123678125 0.6934942921875 0.60796270625 0.6923981484375 0.61246475625 0.694189678125 0.6237167203125 0.6962956015625 0.6197056421875 0.6954748203125 0.614830978125
0 0.8026232234374999 0.610609421875 0.7983316046875 0.6065335625 0.793645784375 0.60562273125 0.788912584375 0.6038186062500001 0.784164384375 0.6123259 0.7779564437500001 0.6158343171875 0.77097511875 0.61536136875 0.7655814515625 0.6193466515625 0.7611781390625 0.621413803125 0.7654775593750001 0.6243123953125 0.7702971640625 0.6211234921875 0.7781934390624999 0.6203008140625 0.7864287015625 0.6165970749999999 0.7899937453125 0.609627978125 0.796067890625 0.610219278125 0.799191978125 0.6134787890625 0.8026232234374999 0.610609421875
0 0.9359305328125 0.8042311671875 0.9404507765625001 0.8059938984375 0.9444028078125 0.8049939265624999 0.9491858390625 0.808281215625 0.9500065953125001 0.8022105890625 0.9442762046875 0.799959496875 0.9404189671875001 0.8027460703125 0.933611034375 0.8002439578124999 0.929595384375 0.794748275 0.924641396875 0.7940800078125 0.9188672312499999 0.79649396875 0.92482319375 0.7988304765625001 0.92522578125 0.8024450765625 0.9308739484374999 0.8029535765625001 0.9359305328125 0.8042311671875
0 0.9008895625 0.7980093078125 0.916667134375 0.8066753500000001 0.9177716890625 0.8089529109375 0.9254549765625001 0.8080888312500001 0.9296355984375 0.8047757343749999 0.9214237359374999 0.8049476999999999 0.9178736781250001 0.8016053546874999 0.9067585218750001 0.797381928125 0.9035870390625 0.7932291109375 0.8963453453125 0.7918214671875 0.8904607875 0.7948033515625 0.8874867046875 0.7930464734375 0.8839606515625 0.7941292453125001 0.8817437312499999 0.79075136875 0.873547459375 0.78856878125 0.8659343671874999 0.77883748125 0.8582666812499999 0.777347034375 0.8495291921874999 0.785995896875 0.8530295062500001 0.78723275625 0.859781621875 0.7820619375 0.864467425 0.7829727656250001 0.8700058125 0.792006115625 0.8787306578124999 0.7948808171875 0.8830774921875 0.7986727078125 0.8877237015624999 0.797512971875 0.8904847953124999 0.799228446875 0.89700831875 0.7963707640625 0.9008895625 0.7980093078125
0 0.795650184375 0.7769634296875 0.7913903578125 0.776135403125 0.7888026578125 0.7723907624999999 0.7765199375 0.76735098125 0.7698068124999999 0.766635475 0.7637086609375 0.7616190796875 0.7611449703125001 0.7622995218749999 0.7576981046875 0.7675234234375 0.75064599375 0.769688978125 0.745865396875 0.76699155625 0.7399016328125 0.76583231875 0.735050234375 0.7657734078125 0.7314767718749999 0.765962859375 0.73196514375 0.7566275375 0.7334002749999999 0.749244428125 0.730970365625 0.7458251484375 0.72726435625 0.7660281328125 0.7179797234375 0.767170334375 0.726010403125 0.7702048171875 0.7367859703125 0.7693524218750001 0.745992 0.7720259875 0.752586928125 0.7744866859374999 0.7599702171875 0.7706173625 0.7624469234375 0.766973025 0.7696652281249999 0.771912465625 0.7750530109375 0.77148626875 0.7866415390625 0.776685803125 0.7922033203125001 0.7821873328125 0.804950990625 0.7814235859374999 0.8100549875 0.783594475 0.81855065 0.7808254375 0.828317059375 0.7874389640625 0.8395581953125 0.7887399359375 0.8460186515625001 0.79268270625 0.8528896515625 0.7883843578125 0.8469889015625001 0.785763890625 0.8411277484375 0.7852139796875 0.8319139140624999 0.78371769375 0.8250189750000001 0.7782517171875 0.8159707359375 0.7759035234375 0.809975796875 0.77945335625 0.8069543046875 0.77680316875 0.79934183125 0.7750287625000001 0.795650184375 0.7769634296875
0 0.6246658109375 0.740191090625 0.6216209296875 0.7410726999999999 0.61201229375 0.7347845421875 0.6064739171875 0.725751228125 0.592795071875 0.7222082359375 0.5873365046875 0.7252729359375001 0.5785012515625 0.72296614375 0.5667789234375 0.7218663390625 0.5615093390625 0.720547334375 0.5468369375 0.7221157375 0.5392400515625 0.7179868015624999 0.5339230703125 0.7157745 0.5261293859375 0.7172065125 0.515582409375 0.71574578125 0.5129395140625 0.7122851031249999 0.50494844375 0.7113211890625 0.49832170781249996 0.7056126515625001 0.48633898125 0.7035781359375 0.4698126625 0.7033126984375 0.4668463765625 0.7003785515625001 0.46238135312499995 0.698331853125 0.4538539046875 0.6978530703125 0.4494518828125 0.69434514375 0.43813994375 0.6956826703125001 0.43276836718749995 0.70171123125 0.44531085312499996 0.699728815625 0.4529155484375 0.70268049375 0.46335212031250006 0.7047091578125 0.47046784218750004 0.7090392671875 0.48092000625000003 0.7087134015625 0.48442267499999997 0.7111624187500001 0.494133284375 0.7101030171875 0.5018249781249999 0.7160185609374999 0.51130698125 0.7172722828125 0.5138946796874999 0.7210169328125 0.5281255 0.72172025625 0.5357535921875 0.7211401375000001 0.5436108765625 0.726203784375 0.5535188734375 0.7275403109374999 0.563497665625 0.7262383484375 0.5764901359375 0.7287638296875001 0.58953001875 0.732182609375 0.5931346609375 0.7272840671874999 0.5970081046875 0.7300998562500001 0.6031374625 0.7304071999999999 0.608249878125 0.7393577265625 0.6176058828125 0.743533909375 0.62344365 0.7476156078125 0.64121673125 0.7528385125 0.66538736875 0.7581262234375 0.6847695640625 0.7618937406249999 0.69387300625 0.7639579390625 0.6972490671875 0.761372559375 0.7088850124999999 0.7674653703125001 0.7111509859375 0.7657301671875001 0.7045615671875 0.7601416796875 0.6971224703125001 0.7563381062500001 0.69220026875 0.7589176953125001 0.6872540546875 0.7570721421875 0.6720212906249999 0.7547005859375 0.6667121109374999 0.7513110140625 0.6602989484374999 0.7536007687499999 0.6448135875000001 0.7491172421875001 0.6302827828125 0.745408678125 0.6246658109375 0.740191090625
3 0.293594678125 0.940362934375 0.18498349375 0.9219033156249999 0.19536294999999998 0.8726779890625 0.18828808749999998 0.872152778125 0.1770469 0.9320305140625 0.2971877125 0.948487678125 0.31248843437499996 0.8697722875 0.1924610109375 0.850684946875 0.191113253125 0.8658060484375 0.195614515625 0.8672114499999999 0.19808435468750002 0.856552065625 0.30544604531249997 0.8752992703125001 0.293594678125 0.940362934375
3 0.6296802875 1 0.638078825 0.9353211031249999 0.5919107375 0.9258828984375 0.5909797765625 0.932000975 0.6335354453125001 0.9402729593749999 0.6252916015625 1 0.6296802875 1
3 0.6051455359375 1 0.5480883249999999 0.9889092015625 0.5471800828125 0.99562854375 0.5731575125 1 0.6051455359375 1
3 0.5282948828125 0.992488075 0.5416646359375 0.915519178125 0.53583145 0.9149821890625001 0.5225441171874999 0.9913702390625 0.5282948828125 0.992488075
3 0.8365062453125001 1 0.838501259375 0.9790533296874999 0.9120970187499999 0.995480709375 0.9129419000000001 0.9862953531249999 0.833275315625 0.9711416843749999 0.829667425 1 0.8365062453125001 1
0 0.736550384375 0.7424314562500001 0.7352982921875 0.732242109375 0.730373034375 0.733273925 0.7332396140624999 0.7351572640625 0.732432353125 0.7393102640625 0.7289448000000001 0.740621553125 0.72295441875 0.739457140625 0.7198751984375 0.7425054484375 0.7107252671875 0.7384061546875 0.7066430171875 0.7389387796875 0.700928015625 0.74147474375 0.6965528515625 0.7409558374999999 0.69340208125 0.7366965296875 0.6897011921875 0.7339879625 0.6837108093750001 0.73282355 0.6789860015625 0.736826884375 0.686258165625 0.7376286203125 0.6909175015625 0.740523490625 0.6952663671875 0.7450156875 0.7027565359375 0.7461400890625 0.7097938109374999 0.7431980796875 0.7138672625 0.7439898796875 0.72075399375 0.7456600640625 0.72496919375 0.74316409375 0.7340833421874999 0.743609571875 0.736550384375 0.7424314562500001
0 0.682450990625 0.7232908874999999 0.674636065625 0.7256184203125 0.6761595609375 0.731350853125 0.6821762921875 0.728542 0.68558423125 0.7301990296875001 0.6942636984375 0.732880740625 0.702055571875 0.7337322734375 0.711790690625 0.730983134375 0.6986651890625 0.7294263890625 0.6872878421874999 0.7265517906250001 0.682450990625 0.7232908874999999
1 0.672067878125 0.7242563953125 0.6823618671875 0.7186321078125 0.69617923125 0.7153503546875 0.69014430625 0.71185655625 0.6344594796874999 0.7003991734375 0.6464729140625 0.712650596875 0.664160584375 0.7227193734374999 0.672067878125 0.7242563953125
0 0.21083122968749998 0.1242511671875 0.21149091250000002 0.1366821375 0.220186803125 0.13602908125 0.229058203125 0.0768255953125 0.2074707921875 0.07145774375 0.1469739171875 0.0514965015625 0.1155610171875 0.0412895421875 0.08290370625 0.0327013140625 0.0790228234375 0.04531829375 0.0831534671875 0.04524244375 0.10676380625 0.0492459828125 0.1369535046875 0.06009394999999999 0.166743003125 0.06734905625 0.19890077343749998 0.07711496718750001 0.2172188375 0.0879987015625 0.214154775 0.11054398750000001 0.21083122968749998 0.1242511671875
0 0.1808395953125 0.043433192187500004 0.1826985828125 0.050824690625 0.189748515625 0.058639356249999997 0.1920780484375 0.06700108593750001 0.1988213703125 0.0650896984375 0.20339973281249998 0.05396982031250001 0.2185491265625 0.055157021875000004 0.2256848984375 0.0580086875 0.23565175625 0.0655115828125 0.23805808437499998 0.054262421875 0.2308674484375 0.051693009375 0.22337084375 0.047306590625 0.2266634296875 0.0382801609375 0.22888901874999998 0.0223091046875 0.236361065625 0.014388003125000002 0.2341883796875 0.0063496984375 0.22753156562500002 0.011207109375 0.227163653125 0.0187515828125 0.2225697921875 0.0322118328125 0.2187053265625 0.0475714 0.2097506 0.0472953921875 0.19694558906249998 0.0442205015625 0.18093318281249998 0.0373000140625 0.1646464484375 0.031790815625 0.145435059375 0.027763568750000002 0.1221616703125 0.020896303124999998 0.103890725 0.010900490625 0.0957195984375 0.004332509375 0.0874269890625 0.0020826125 0.0856066671875 0.01144735 0.0950851078125 0.012118078124999999 0.102393871875 0.0208618234375 0.1266161234375 0.028499378125000002 0.1470197203125 0.03656635625 0.1659800265625 0.038494334375 0.1808395953125 0.043433192187500004
3 0.08817778281250001 0 0.0915748015625 0.004179090625 0.10088261093749999 0.0071600390625 0.1073128828125 0.0125108671875 0.11909093906249998 0.01860828125 0.13601282812499998 0.024240951562499998 0.1556399140625 0.029520684375 0.17485130468750001 0.03354791875 0.187907415625 0.038722078124999997 0.20217896093749999 0.0444254109375 0.21626201875 0.0465770328125 0.222133925 0.0321935203125 0.22591188906249998 0.013887912499999999 0.229871240625 0.008213234375 0.23460711875 0.0053258031249999995 0.237728675 0.014134403125 0.230632921875 0.0212498765625 0.22844605312500002 0.0313700125 0.22469131718750002 0.0461650625 0.233238759375 0.0519274359375 0.24033319999999997 0.028993871875 0.24748843593749997 0 0.2183707546875 0 0.2162903671875 0.010260137499999999 0.2094864125 0.037351075 0.1444808484375 0.01797805625 0.11867459218750001 0.00944675625 0.09530696093749999 0.0008036265625 0.0901169140625 0 0.08817778281250001 0
0 0.44951220000000003 0.2550076125 0.4359070296875 0.2294616578125 0.43167883125 0.19150229531250001 0.4312464375 0.1722305796875 0.42562840937499996 0.158140428125 0.42172718593749997 0.1760249078125 0.419021646875 0.20884862499999998 0.4147662484375 0.242683059375 0.40394898125 0.269671415625 0.418762584375 0.281835246875 0.424227796875 0.251330740625 0.43731874218750005 0.2699682671875 0.4547496921875 0.2758322921875 0.4656678828125 0.26743231875 0.4674068734375 0.258485984375 0.44951220000000003 0.2550076125
0 0.7401808859375001 0.256230378125 0.7539617296875 0.2681014015625 0.7661828296875 0.2643487390625 0.7619788515625 0.26085049531250004 0.7506692593750001 0.252523928125 0.7430918328125 0.2456888625 0.7269123703125 0.2402458109375 0.717356609375 0.2391543875 0.7039283484375 0.23630344375 0.6924122359375 0.249243175 0.6863329265625 0.25687075625 0.6877483234375 0.2628910640625 0.6945872468750001 0.266135478125 0.7017021437500001 0.25909223125 0.707453146875 0.2487197453125 0.7180141124999999 0.2549856890625 0.73113743125 0.25102540625 0.7401808859375001 0.256230378125
0 0.78770619375 0.27066416718749997 0.7981116312500001 0.2732628640625 0.806195928125 0.2722419625 0.8055209171875 0.267934234375 0.7917150078125 0.26337840625000003 0.781158675 0.26159628125 0.7783108953125 0.268981928125 0.78770619375 0.27066416718749997
0 0.8661444125 0.2889471765625 0.861390165625 0.2901086515625 0.8536935171875 0.28601889062499997 0.8502799046874999 0.2883881140625 0.85897809375 0.2944696296875 0.8691539546874999 0.29633784531249996 0.8797383515625 0.2994929328125 0.888550709375 0.3003277296875 0.88933175 0.2933445671875 0.8797173046875001 0.29367108750000004 0.8743984906250001 0.2901125296875 0.8661444125 0.2889471765625
0 0.9309371984375 0.26056709218749996 0.9176780718750001 0.2576926578125 0.8903164984374999 0.24940285625 0.852606759375 0.23702171875000003 0.8010650015625 0.2189806125 0.7445046484375 0.20382665000000003 0.741920415625 0.21253519999999998 0.7565636703124999 0.2174614375 0.7808073703125 0.2257394390625 0.810921465625 0.2405067796875 0.8476287984375 0.2500189609375 0.876509378125 0.2562270296875 0.8961639921875 0.2674756265625 0.9252750437499999 0.271351484375 0.9309371984375 0.26056709218749996
