3 0.8566419953125 0.3667272515625 0.8113801515624999 0.37218068125000003 0.7339278640625 0.39485885625 0.745957646875 0.286583771875 0.7657538374999999 0.1793678546875 0.77140861875 0.09945234375 0.7223354375000001 0.1216614328125 0.7196873234375001 0.18151850625 0.7194531421875 0.2512840453125 0.7063564625 0.3705893859375 0.698587053125 0.397571653125 0.508123865625 0.46845384843750004 0.4909550453125 0.4975520390625 0.49315412187499996 0.5022321703125 0.8578423031250001 0.3811369484375 0.8566419953125 0.3667272515625
1 0.6806268484375 0.2255485078125 0.6772253046875 0.2204807265625 0.6757113593749999 0.22137928593749998 0.671752909375 0.23160279374999998 0.655191834375 0.2910388640625 0.654689034375 0.33795184218749996 0.6661074015625 0.348655246875 0.6781901890625 0.346680740625 0.6819835703125 0.34427180156250003 0.6880681296875 0.3354635890625 0.692878403125 0.30898634375 0.6965495328125 0.27625601718750004 0.6966070859375 0.2658280703125 0.6806268484375 0.2255485078125
1 0.358608134375 0.3710040671875 0.3541738125 0.376313121875 0.3524554296875 0.381112578125 0.35523306875 0.388755403125 0.366078640625 0.4010586265625 0.3673147078125 0.4007974390625 0.3702010109375 0.39703709374999996 0.3758778453125 0.382014128125 0.37531149531249997 0.37416122500000004 0.371598 0.370380965625 0.36283801875 0.3695959078125 0.358608134375 0.3710040671875
3 0.23180757187499998 0.6477293828125 0.23805625312499998 0.655360715625 0.25311191875 0.6665838125 0.3237906203125 0.6462895890625 0.33096509375 0.61786260625 0.33472312187500003 0.5909310078125001 0.340565175 0.5839333250000001 0.3447298015625 0.5716307015625001 0.3450759734375 0.5575628734375 0.336634140625 0.5320786890625 0.3317760453125 0.49791338281249997 0.3358967953125 0.47152249062499996 0.33608174062499996 0.4381431734375 0.336266684375 0.4047638765625 0.342916103125 0.397286809375 0.34733678281249997 0.3651728890625 0.3446907890625 0.341035871875 0.3404846890625 0.3168170921875 0.33377008125 0.3404635421875 0.3235915140625 0.3555812 0.31666114218749997 0.36095673125 0.29408592968749997 0.3514263625 0.27946415468749997 0.354311984375 0.26491339375 0.3600307375 0.258821353125 0.3710773546875 0.25283464843750003 0.3733721203125 0.2387380078125 0.47071354374999996 0.23225810781249998 0.5048063468749999 0.2105566 0.55323085625 0.20799355937500003 0.602136578125 0.202776203125 0.6196010625 0.215936278125 0.629681425 0.23180757187499998 0.6477293828125
0 0.47953766875000003 0.588938884375 0.4743418484375 0.58680335625 0.45822263906250005 0.5852132921875 0.44754478124999997 0.59173395 0.4352284328125 0.5922064125000001 0.4264812375 0.5992008921875 0.43422330468750003 0.60072456875 0.44751175937500004 0.5976945359375 0.45580507656249997 0.59403008125 0.4698319171875 0.5929019703125 0.46928066875 0.598090103125 0.47576613281249996 0.5969394218749999 0.4964867328125 0.5853554015625 0.5089648203125 0.587127284375 0.5358669015624999 0.5695322671875 0.5366383078125 0.565473590625 0.5210821890624999 0.5691300734375 0.5098082078124999 0.5763647828125 0.49622170312499997 0.5797518359375 0.48538211562500005 0.5840281421875 0.488810715625 0.571910540625 0.48970069218749995 0.5495984765624999 0.492357865625 0.5415395375000001 0.495229296875 0.5293927375 0.49815915468750005 0.5161310734375 0.4922503359375 0.5169393234374999 0.491568675 0.529946178125 0.48339051250000004 0.5474045484375 0.4648147890625 0.5553745250000001 0.463330384375 0.5623769765625 0.481945059375 0.553663765625 0.4823523625 0.56188330625 0.48334223437499996 0.5749777609375 0.47953766875000003 0.588938884375
1 0.4818216125 0.5763016234375 0.4341249578125 0.5907522593750001 0.43210636406249997 0.591950340625 0.42772844687499995 0.6008479953125 0.42710454374999995 0.6034230390624999 0.42961604531250003 0.6068143359375 0.46557478750000003 0.6064170812499999 0.4791374484375 0.6041941625 0.4945430421875 0.5994600859375 0.5032583578125001 0.5917676484375 0.5066440156249999 0.583143959375 0.5046030890625001 0.580103290625 0.494323865625 0.5756529687499999 0.4818216125 0.5763016234375
0 0.5814162140625 0.5799154921875 0.592392109375 0.5730378125 0.57687494375 0.5759510437500001 0.5633587078125 0.5886579046875 0.5646601953125 0.5958063703125 0.559398334375 0.6055920265625 0.565346084375 0.6040405109375 0.5693183187499999 0.597541078125 0.568236990625 0.5915220921875 0.57607050625 0.5859702984374999 0.5814162140625 0.5799154921875
1 0.8236732015625 0.320801275 0.8110916250000001 0.3295325546875 0.8056099218749999 0.3595040890625 0.8165306156250001 0.36007641874999996 0.8229428984375 0.364586053125 0.8268538359375001 0.3496616390625 0.831288725 0.3545893765625 0.8390892234375 0.35499818437499997 0.8446965984375 0.337554159375 0.834782375 0.340164828125 0.8236732015625 0.320801275
1 1 0.2357721296875 0.9953999124999999 0.23343197187500003 0.9828708046875001 0.23929663906249998 0.9739692968749999 0.2505684578125 0.9715523640624999 0.2687013984375 0.9611200796875 0.28119724218750003 0.9548370046875 0.298475446875 0.9386566109375 0.308713665625 0.9371495578125 0.30015702499999997 0.9326387984375 0.283617403125 0.9269247359375001 0.2807094046875 0.926989940625 0.307450109375 0.9083274093749999 0.30908056093749997 0.8927708734375001 0.3167429484375 0.8765326765625 0.337412190625 0.8767919796875001 0.351120503125 0.89605464375 0.3566949234375 0.946839415625 0.33914042968749997 0.9729852890625 0.3346415296875 0.983758403125 0.3156422578125 0.9882618015625001 0.295010128125 0.9957111 0.292792015625 1 0.2930167875 1 0.2357721296875
1 0.8276317656250001 0.22333536562499998 0.8286616562500001 0.240996825 0.8271175218750001 0.2611318890625 0.8389679687499999 0.24023269374999998 0.8374164734375 0.22319602968750002 0.8382685484374999 0.2069374609375 0.8329293968749999 0.19687571406249998 0.8256845953124999 0.1951917734375 0.8238574734374999 0.21139923437500002 0.8276317656250001 0.22333536562499998
