3 0.99853515625 0.4166666671875 0.999755859375 0.380859375 0.16357421875 0.21809895781250002 0.14892578125 0.1025390625 0.146484375 0 0 0.0016276046874999998 0.00244140625 0.1106770828125 0.05615234375 0.09928385468749999 0.00732421875 0.9977213546874999 0.128173828125 0.99609375 0.164794921875 0.2555338546875 0.99853515625 0.4166666671875
3 0.313720703125 0.6982421875 0.350341796875 0.6917317703125 0.37841796875 0.6722005203125 0.40283203125 0.6917317703125 0.400390625 0.7096354171875 0.396728515625 0.7145182296875 0.3857421875 0.7340494796875 0.389404296875 0.7861328125 0.430908203125 0.7877604171875 0.42724609375 0.7275390625 0.42724609375 0.6380208328125 0.4296875 0.5680338546875 0.4296875 0.5094401046875 0.384521484375 0.4427083328125 0.343017578125 0.431640625 0.343017578125 0.4345703125 0.231327146875 0.7519572890624999 0.240478515625 0.76171875 0.284423828125 0.7649739578125 0.316162109375 0.7486979171875 0.311279296875 0.7145182296875 0.306396484375 0.6884765625 0.313720703125 0.6982421875
1 0.213623046875 0.7649739578125 0.2392578125 0.7242838546875 0.279541015625 0.7014973953125 0.322265625 0.6982421875 0.33203125 0.7210286453125 0.34912109375 0.7975260421875 0.411376953125 0.8333333328125001 0.443115234375 0.7861328125 0.452880859375 0.6591796875 0.438232421875 0.5419921875 0.4150390625 0.4606119796875 0.38330078125 0.3922526046875 0.30029296875 0.3922526046875 0.184326171875 0.4020182296875 0.142822265625 0.7194010421875 0.142822265625 0.751953125 0.213623046875 0.7649739578125
1 0.65185546875 0.37109375 0.623779296875 0.5061848953125 0.60546875 0.5908203125 0.450439453125 0.5826822921875 0.467529296875 0.8951822921874999 0.689697265625 0.9098307296874999 0.65185546875 0.37109375
1 0.75927734375 0.6380208328125 0.718994140625 0.390625 0.679931640625 0.3662109375 0.732421875 0.9928385421874999 0.999755859375 0.8121744796874999 0.99853515625 0.6103515625 0.75927734375 0.6380208328125
3 0.994873046875 0.6266276046875 0.69580078125 0.6266276046875 0.7421875 0.9619140625 0.758056640625 0.9996744796874999 0.99853515625 0.9195963546874999 0.994873046875 0.6266276046875
2 0.716552734375 0.0325520828125 0.709228515625 0.2099609375 0.8349609375 0.244140625 0.831298828125 0.08463541718749999 0.716552734375 0.0325520828125
1 0.6591796875 0 0.67626953125 0.3011067703125 0.87158203125 0.3450520828125 0.848388671875 0.3157552078125 0.8349609375 0.24088541718749998 0.697021484375 0.2099609375 0.694580078125 0 0.6591796875 0
0 0.494384765625 0.06673177031250001 0.44677734375 0.0358072921875 0.3955078125 0.0423177078125 0.3759765625 0.0439453125 0.601806640625 0.1676432296875 0.609130859375 0.1253255203125 0.494384765625 0.06673177031250001
1 0.62255859375 0.205078125 0.5908203125 0.1334635421875 0.56884765625 0.126953125 0.565185546875 0.1871744796875 0.5810546875 0.244140625 0.56396484375 0.24251302031250002 0.567626953125 0.2880859375 0.648193359375 0.3059895828125 0.648193359375 0.185546875 0.62255859375 0.205078125
0 0.97412109375 0.3108723953125 0.943603515625 0.3157552078125 0.9130859375 0.3125 0.87890625 0.302734375 0.8935546875 0.3401692703125 0.977783203125 0.3662109375 0.987548828125 0.3352864578125 0.97412109375 0.3108723953125
