3 0.1969442046875 1 0.134034003125 0.3045645125 0.9820856875 0.348094978125 0.9783111 0.31246627031249996 0.1276152484375 0.26766381875 0.097026540625 0.1552672125 0.0803382140625 0.054065831249999995 0 0.0662683328125 0 0.166664759375 0.0047029296875 0.1649552515625 0.0761323640625 1 0.1969442046875 1
3 0.41942752812500006 0.747673340625 0.430302596875 0.798740134375 0.47162910937499997 0.794575671875 0.45962144687500006 0.7354500546875 0.44716291718749995 0.6468030109375 0.43984025937500004 0.5771573625 0.431685584375 0.5191338421875 0.37767185468750003 0.45933739375 0.335031534375 0.4541536234375 0.3354392671875 0.4570548 0.26900752968749997 0.7868972921874999 0.2794283703125 0.79529013125 0.3233990484375 0.792397653125 0.3525632671875 0.7718628953125 0.34297108125000003 0.7386953984375 0.33451148750000004 0.7135867234375 0.343123540625 0.722237975 0.37848216562500003 0.7106942468749999 0.4035668765625 0.687445625 0.43046156875 0.7033890171875 0.430535628125 0.7214582046875 0.4275887140625 0.726803165625 0.41942752812500006 0.747673340625
1 0.458630459375 0.8424232999999999 0.4834908234375 0.7912650171875 0.47549295 0.6641882781249999 0.44467772187500004 0.5501799078125 0.41038414375 0.47281957812500003 0.3694409515625 0.4095425875 0.2872409640625 0.42109504218750005 0.17376186093749998 0.44690508749999996 0.17683301875 0.7669753796875 0.1813633921875 0.7992106671875 0.2532872953125 0.80225121875 0.2730096171875 0.7583894390625 0.309729525 0.730218396875 0.35158530312499997 0.7210487515625 0.3644271515625 0.7422543421875 0.391997059375 0.8156288249999999 0.458630459375 0.8424232999999999
1 0.6324373390625 0.35121406093749996 0.62343545625 0.48889795625000004 0.6170820796875 0.5752580421875 0.46242892343750003 0.588775128125 0.5228440453125 0.895855453125 0.7448885578125 0.879441528125 0.6324373390625 0.35121406093749996
1 1 0.5422495078125 0.7759628625 0.6005931921875 0.701640846875 0.3612113359375 0.6595607203125 0.34247131875000003 0.7987498296875 0.9556953984375 1 0.7741656296875 1 0.5422495078125
3 1 0.557601628125 0.7115184171875 0.598145071875 0.8041165609375 0.9237127609375 0.8250864984374999 0.9588971390625 1 0.8720027359375001 1 0.557601628125
2 0.796092378125 0.20001307812500002 0.7702670734375 0.04256983125 0.64938908125 0.0069629374999999995 0.6668266828125 0.183664596875 0.796092378125 0.20001307812500002
1 0.59148223125 0 0.6468735 0.27851040781249997 0.8464012390625 0.2948458015625 0.8193562578125 0.269061934375 0.795639340625 0.19678955 0.6547384484375 0.1853634875 0.62648575 0 0.59148223125 0
0 0.43414012968750004 0.071729796875 0.3826921640625 0.0477319453125 0.33282765937500003 0.0613143421875 0.31371300468749996 0.06564433125 0.55456074375 0.1567089578125 0.555924196875 0.113783746875 0.43414012968750004 0.071729796875
1 0.537476075 0.28073641718750003 0.6197501203125 0.28725315 0.6029877359375 0.16798258125 0.5803206703125 0.190891425 0.538924440625 0.1243909046875 0.5162595453125001 0.12100185000000001 0.5210142671875 0.18114680156250001 0.5446571265625 0.23534999843749999 0.52750708125 0.2361166796875 0.537476075 0.28073641718750003
0 0.9598803421875 0.26903575625 0.9431855046875001 0.24672806875000003 0.913644478125 0.2558105890625 0.8829708578125001 0.2568342859375 0.8477646921875 0.25192059218749996 0.8674805015624999 0.28695250625 0.9545136109374999 0.30101839375 0.9598803421875 0.26903575625
