1 0.173583984375 0.46484375 0.189208984375 0.4674479171875 0.433837890625 0.4755859375 0.466796875 0.4625651046875 0.48095703125 0.3831380203125 0.482666015625 0.365234375 0.48193359375 0.3463541671875 0.45281295468750005 0.30621655937500003 0.44384765625 0.2594401046875 0.43896484375 0.2555338546875 0.427978515625 0.2506510421875 0.377197265625 0.24967447968749998 0.33935546875 0.2666015625 0.30732931875 0.3127303078125 0.31074670625 0.3615834203125 0.2668086890625 0.3329229546875 0.220458984375 0.3460286453125 0.21533203125 0.353515625 0.20125030625 0.3959322078125 0.21443169687500002 0.43240918749999996 0.169921875 0.4586588546875 0.173583984375 0.46484375
1 0.8688714 0.7123587703125 0.860571975 0.7195239078125 0.8552017796875001 0.7364596421875 0.8459259687499999 0.7247349015625 0.8371383874999999 0.72603765625 0.83176819375 0.7390651515625 0.8293271921875001 0.7618632703125 0.8552017796875001 0.7644687546875 0.862036590625 0.7853128046875 0.8805882125 0.779450371875 0.9064628000000001 0.7983403 0.9108566093749999 0.80680811875 0.9093919937500001 0.8185328609375 0.922085228125 0.8256979984375 0.9264789999999999 0.8517529906249999 0.9411250062500001 0.875202475 0.9982444515625 0.8699915062500001 0.998657215625 0.68701171875 0.9577238203125 0.6863037765625 0.9513772406250001 0.6980285187499999 0.9054864140625 0.711056015625 0.8688714 0.7123587703125
1 0.7676068468749999 0.4568739359375 0.7519844296875 0.4360299375 0.7246452156250001 0.44384644843750004 0.7165085453125 0.44037243593750003 0.6992588203125 0.4442806828125 0.686565609375 0.442109434375 0.6735469375 0.44558342968750003 0.66508480625 0.4408066796875 0.63318905 0.446886184375 0.6244014578125 0.43733269999999996 0.61919399375 0.43733269999999996 0.6217977125 0.444714934375 0.6065007828125 0.4477546796875 0.583067159375 0.449057425 0.5798124921875 0.4551369296875 0.5996659859375 0.459913671875 0.6263542531249999 0.462084921875 0.6738724 0.462953425 0.6829854796875 0.46859867031249997 0.6842873515625 0.4798891765625 0.683636403125 0.48683716875 0.666712140625 0.5016016703124999 0.6660611921874999 0.5115894140624999 0.6426275921875 0.51245791875 0.6400238484375 0.53807865 0.6445803890625 0.553277396875 0.649136928125 0.561528184375 0.6680140125 0.564567903125 0.6852637374999999 0.5476321515625 0.6859146859374999 0.519405909375 0.7060936171875001 0.51853740625 0.6999097437499999 0.53243340625 0.6976314859375 0.5333019421875 0.7005606921875 0.5437239125 0.7080464140625 0.55371165625 0.74026765625 0.57021318125 0.7418949890625 0.5775954 0.7467769921875 0.57802964375 0.7523099171875 0.56543640625 0.7676068468749999 0.5706473921875 0.7868093671875 0.565002146875 0.793644190625 0.5393814140625001 0.8034081937499999 0.5128921609375 0.8408368749999999 0.5120236578124999 0.8379076937500001 0.4942194203125 0.8372567203125 0.47641518125 0.8391113203125 0.4498697921875 0.8255399453125 0.44384644843750004 0.8017808593750001 0.4464519328125 0.798851678125 0.45817668281249996 0.7676068468749999 0.4568739359375
1 0.49548932187499994 0.6100003234375 0.5036259921874999 0.619553825 0.49874398906249995 0.6651500953125 0.4951638359375 0.6768748125 0.47986690625 0.6859940531250001 0.46880102968750004 0.6760063421875 0.4652209 0.6881653015625 0.47628677656249996 0.7064038171875 0.49125824375000005 0.703798290625 0.5055787875 0.711614803125 0.6517133578125 0.707706546875 0.6549680265625 0.7450520296875001 0.6676612609375 0.7506972921874999 0.6923967078125 0.7663302812499999 0.688816603125 0.67166384375 0.6777507015625 0.6712295671875 0.66961403125 0.6677555546875 0.653666178125 0.6677555546875 0.653991665625 0.6786118015625 0.6419493546874999 0.6829543 0.6403220203125 0.6660185656250001 0.6243741671875 0.67296655625 0.6260015015625 0.65299106875 0.633487246875 0.6460430609375 0.6289306828125001 0.6178168187499999 0.6207940125 0.606960571875 0.6207940125 0.592630328125 0.62404868125 0.5557190890625 0.619166678125 0.5344408625 0.613633753125 0.5426915921875 0.5843417421875 0.5418230984375 0.56611560625 0.5396518484375 0.5514696 0.544428590625 0.535521721875 0.547034090625 0.5163191765625 0.5426915921875 0.5049278390625 0.560495846875 0.50818250625 0.5765630796875 0.49548932187499994 0.6100003234375
1 0.450927734375 0.6637369796875 0.45263671875 0.6637369796875 0.467529296875 0.6451822921875 0.472900390625 0.6282552078125 0.47412109375 0.6126302078125 0.47265625 0.5953776046875 0.465087890625 0.5485026046875 0.4560546875 0.5475260421875 0.45263671875 0.5537109375 0.4529224328125 0.585461328125 0.451946046875 0.6280178140625 0.44873046875 0.6630859375 0.450927734375 0.6637369796875
1 0.365697346875 0.575039325 0.3731830671875 0.5967518187499999 0.371230271875 0.6206355625 0.3822961484375 0.6254123046875 0.3936874859375 0.6523358 0.429163371875 0.6492960484375 0.44413483906250006 0.617595809375 0.4457621734375 0.5928435640624999 0.4369745546875 0.5702625828125 0.43371988593750005 0.549418584375 0.429163371875 0.5541953265624999 0.42460683125000004 0.5411678296875 0.4080080296875 0.549418584375 0.3959960859375 0.5334201390625 0.39564028125 0.5333513515625 0.3696029375 0.5446418328125 0.365697346875 0.575039325
1 0.434696296875 0.694458075 0.440554709375 0.7274610421875 0.4239558828125 0.72485555 0.42883788437500003 0.7535160359375 0.4509696359375 0.7478707734375 0.4568280484375 0.685773078125 0.451946046875 0.6736140515625 0.42692056562499997 0.6647135421875 0.4164701609375 0.676653803125 0.41289003125 0.6879443265625 0.434696296875 0.694458075
3 0.3017103484375 0.2451405921875 0.3119625453125 0.2203883296875 0.3363725546875 0.22690207812500002 0.3339315546875 0.2523057296875 0.348577559375 0.254259825 0.3851925734375 0.2275534671875 0.4081380046875 0.211269096875 0.42815420625 0.221691084375 0.43352440000000003 0.20345264375 0.4086261984375 0.1975902109375 0.41546100781249995 0.162415984375 0.339789978125 0.1591591109375 0.2860879578125 0.145480225 0.2211573171875 0.15003985312499998 0.184542303125 0.145480225 0.1722033859375 0.1663242234375 0.18063668593749999 0.253608459375 0.2143225078125 0.2366727 0.24117351718750002 0.248397465625 0.2729065296875 0.230810340625 0.3017103484375 0.2451405921875
3 0.1430396125 0.1445523171875 0.14548061406249999 0.12370836874999999 0.1640322359375 0.11914868906250001 0.157197425 0.10156156406250001 0.3886043234375 0.0943965015625 0.4149671421875 0.10546982812500001 0.4261957609375 0.09569920625 0.44181815156250004 0.10025883437500001 0.45744054375000004 0.08853406875 0.4867325546875 0.082671709375 0.49267577031250004 0.0498046875 0.120687953125 0.0637818296875 0.1147239859375 0.1452036828125 0.1430396125 0.1445523171875
1 0.73078628125 0.718351915625 0.70491165625 0.7385445500000001 0.7097936578125 0.7606912796875 0.73664466875 0.7737187750000001 0.749337903125 0.8206177671875 0.7312744734375001 0.8460213953125001 0.7356682828125 0.8818470109375 0.758125484375 0.8922689984375 0.7683776812499999 0.879892890625 0.763983909375 0.8512324390625 0.7625192937499999 0.8180122828125 0.778141684375 0.8284343203125 0.781070915625 0.756131675 0.798157921875 0.7665536625 0.801575309375 0.7294252921875 0.7805826859375 0.7033703 0.7786299156250001 0.64539796875 0.763983909375 0.62455395625 0.743967671875 0.6336732015625001 0.7346918984374999 0.6564713203125 0.7172851453125 0.641438803125 0.7073526578125 0.6616823390625 0.7219986625 0.6818749359375 0.73078628125 0.718351915625
1 0.24110641875 0.809115846875 0.243617165625 0.8001827015625 0.2372349265625 0.7985491078125 0.2307844796875 0.8042770656249999 0.228831665625 0.81246578125 0.234411096875 0.8191656328124999 0.24110641875 0.809115846875
1 0.13119162812500001 0.9174301828125 0.133423409375 0.9081248140625 0.1284019125 0.90365825625 0.12226454687499999 0.9096136906250001 0.12226454687499999 0.9174301828125 0.13119162812500001 0.9174301828125
