3 0.0776515734375 0.556766515625 0.073316521875 0.5585464953125 0.06788647656249999 0.5639476250000001 0.065917759375 0.570530759375 0.0657705921875 0.5803074765625 0.067081434375 0.582867453125 0.0984324609375 0.6062015953125 0.10641603125000001 0.6039684875 0.10804445 0.6016315875 0.10824842187499999 0.593481484375 0.10167096406250001 0.5660250359375001 0.0938345625 0.558481428125 0.0859472984375 0.556476821875 0.0776515734375 0.556766515625
1 0.24578074375 0.5080523109375 0.24915590937499998 0.3888782515625 0.43621204843749994 0.373786440625 0.4502544515625 0.7359404265625 0.27849345937500003 0.7493816375 0.47709106874999996 0.745051559375 0.45655605625 0.3488508921875 0.22885976874999997 0.36722268593749996 0.2208443625 0.5133890078125 0.24578074375 0.5080523109375
0 0.3564777359375 0.7560626203125 0.3600280296875 0.758254309375 0.3835733515625 0.75482696875 0.39168749687500004 0.7571487359375 0.40856593124999996 0.7493228984375 0.42700791093749996 0.7489683421875 0.447472159375 0.7505693828125 0.46219748125000004 0.749476234375 0.4654953640625 0.7444403078125 0.469272628125 0.7469135203125 0.47767911874999996 0.7451726734374999 0.477063709375 0.739983925 0.471723334375 0.74248609375 0.4668315859375 0.73918340625 0.461047396875 0.7414116187500001 0.4544160609375 0.7442482765625 0.44228278593750003 0.7449614546875 0.4385459375 0.7436446734375 0.4196904640625 0.7445925515625 0.40816735 0.744126578125 0.3927462859375 0.750164784375 0.378373884375 0.748929940625 0.36200466875 0.7526855921875 0.3491853125 0.7461862765625 0.33555433125 0.7475306500000001 0.3233051703125 0.7511424359375 0.310304525 0.75188588125 0.3030476703125 0.749244725 0.29184235625 0.7516622359375 0.279421584375 0.75035921875 0.27223538281250004 0.749741796875 0.25923473750000003 0.750485253125 0.2549051296875 0.756756971875 0.266769025 0.7548534609375 0.2730575546875 0.7546338609375 0.28880168125 0.757847015625 0.2936732546875 0.76057146875 0.3060988578125 0.7557957 0.321535296875 0.7564144796875001 0.332276625 0.7531448125 0.338429059375 0.7552456078125 0.345257078125 0.7518231453124999 0.3564777359375 0.7560626203125
0 0.37033652031250003 0.7798930703125 0.3819404015625 0.782671878125 0.389212184375 0.7795233703125 0.398556746875 0.779775978125 0.4103621109375 0.7758902265625001 0.4258288390625 0.7773763296875 0.4348656796875 0.7750345421875 0.47147220624999997 0.7725983828125 0.46876910625 0.7697982046875 0.452465296875 0.7692097343750001 0.43252559531249996 0.770195496875 0.42545044687500005 0.7727582109375 0.4140735203125 0.7702609296875 0.40588385625 0.7719942046875 0.38234864687500003 0.7757106453125 0.3578450609375 0.7765663296875001 0.3015271625 0.7823289015625 0.2590496296875 0.7816807890625 0.22751856875 0.7842028453125 0.22101851562500002 0.7890646015625 0.23998723593750002 0.7899446578125 0.254505803125 0.7891482062499999 0.26871182656250003 0.7918361453125 0.28387083125 0.7907278546875001 0.290285340625 0.7878987562499999 0.3206336421875 0.7865494953125001 0.340850759375 0.787290784375 0.3455305125 0.7845222671875 0.3617434609375 0.7825088124999999 0.37033652031250003 0.7798930703125
2 0.1260814734375 0.2576936296875 0.127597325 0.2801153234375 0.13425326875000002 0.2818372078125 0.209601325 0.2779031171875 0.21263689375 0.2738884828125 0.2124264640625 0.2608670609375 0.21046265000000003 0.246603990625 0.20379534531250001 0.244556784375 0.180536590625 0.24308896406249997 0.1334634546875 0.2522243359375 0.1260814734375 0.2576936296875
3 0 0.30780482343750004 0.1269709640625 0.2933736703125 0.1359132109375 0.3256253328125 0.6110605734375001 0.2907969984375 0.612443296875 0.24646179375 0.6730226796875 0.237833528125 0.7083670015625 0.27075024999999997 0.990287190625 0.258301853125 0.9898467671875 0.2075174765625 0.9890224703125 0.183912684375 0.9857847234375001 0.0911957625 0.3368468265625 0.1441490640625 0.08752170468750001 0.1678387734375 0 0.178199703125 0 0.30780482343750004
1 0.086953678125 0.1515726484375 0.0831233921875 0.14682061562499998 0.06313877812499999 0.14816993125 0.06076702187500001 0.1502070703125 0.05945075625 0.1544873875 0.060188671875 0.1616274421875 0.0878960828125 0.16456850781250001 0.086953678125 0.1515726484375
0 0.09942474999999999 0.082696284375 0.089406421875 0.1035614203125 0.0919200046875 0.11259154375 0.0858385 0.120293628125 0.085589096875 0.127140759375 0.0829964984375 0.1298363953125 0.077463290625 0.1456339640625 0.0834113 0.1487090015625 0.08668440625 0.137522959375 0.0901165234375 0.1308903203125 0.091551590625 0.12302485781250001 0.0956192703125 0.12060334531250001 0.0949269171875 0.1147660046875 0.0948415125 0.105325478125 0.101161040625 0.09045102499999999 0.09942474999999999 0.082696284375
0 0.0709174734375 0.11267370000000002 0.0711391921875 0.12601716406250002 0.07314758125000001 0.1275752265625 0.07528043437500001 0.11870846875 0.0755411953125 0.1121865765625 0.07898466875 0.10587921250000001 0.0799827078125 0.092493128125 0.0793525984375 0.0814434140625 0.07435406875 0.0711974796875 0.065843921875 0.0653075203125 0.06894761875 0.0772477828125 0.0667757421875 0.1059798984375 0.0633268140625 0.11912589843750002 0.059089271875 0.13067125468750002 0.05881171875 0.14370651875 0.0627811734375 0.144925228125 0.0640764234375 0.1405919375 0.064410765625 0.129182884375 0.06769523125 0.11832208125000002 0.0704009390625 0.104876375 0.07210267031249999 0.0976528953125 0.073185665625 0.0797049125 0.076084925 0.08579080781250001 0.075926384375 0.095239890625 0.07481476875000001 0.105373521875 0.0709174734375 0.11267370000000002
0 0.1010863390625 0.145454971875 0.1026543140625 0.13440083593750002 0.0987809578125 0.122957809375 0.0977928546875 0.13196550468749998 0.096088803125 0.1453400375 0.092074953125 0.1547428265625 0.0923037390625 0.165645084375 0.0966892828125 0.15631842812500002 0.1010863390625 0.145454971875
0 0.6592376265625 0.466189871875 0.65663808125 0.479678390625 0.6587070625 0.49895841093750004 0.66196236875 0.5122424890625 0.6537794875 0.50173561875 0.654726490625 0.512867325 0.6612365875 0.5234326109375 0.6586951953125 0.5305923609375001 0.6614188249999999 0.5446393125 0.6692190874999999 0.552182259375 0.6641611515625 0.5352395671875 0.665554603125 0.5191880484375 0.66829693125 0.509788303125 0.6622857609375 0.4895294578125 0.6625640234375 0.4735169109375 0.6647357781250001 0.4637649515625 0.66216786875 0.45417846093750003 0.6659142421875 0.41757601875 0.6650191171875 0.40793114218750004 0.6603438421875001 0.393952359375 0.6613744031250001 0.383495915625 0.6580671765624999 0.3687250359375 0.6619246953125 0.359286346875 0.6540268671875 0.340954190625 0.646193340625 0.30847771874999996 0.643541359375 0.30447657499999997 0.644065690625 0.2795235921875 0.6409594015625 0.26251274375 0.6395600109374999 0.27317205312500004 0.638645978125 0.3001816125 0.6414215703124999 0.3157153765625 0.649170425 0.33777433437500004 0.6549546562499999 0.35952974531250004 0.65071451875 0.36600451093749997 0.656064209375 0.38330918281250004 0.65546823125 0.3982163640625 0.6610707375 0.41476788593749997 0.657266253125 0.4576990546875 0.6592376265625 0.466189871875
0 0.29861031250000003 0.1771581578125 0.32036149687500004 0.170537071875 0.33300156875 0.1687931078125 0.35103124375 0.1675122796875 0.365827334375 0.17155449375 0.37986294531250003 0.1678079671875 0.40214749687499995 0.16247086718749998 0.4227302609375 0.16435717656249998 0.44255250625000003 0.15845471875 0.467503725 0.15953725937500002 0.472338296875 0.186070896875 0.47712548750000006 0.1552935734375 0.488653403125 0.149680834375 0.5003631140625 0.149271921875 0.5173715640625 0.1467240921875 0.5308284171875 0.1403926515625 0.5447167921875 0.1464204453125 0.5443306296875 0.1353621890625 0.525234303125 0.1340752140625 0.506807559375 0.13797508593750002 0.48252599687500003 0.14207940937500002 0.47057829843750004 0.1496607125 0.43977225937500003 0.14878262656250002 0.43012778125000006 0.1523758125 0.40617514374999997 0.1519097203125 0.3930472125 0.15367069375 0.3697868734375 0.1590419203125 0.349204071875 0.1571555859375 0.3311971125 0.1590869421875 0.3117491484375 0.1617199359375 0.2701983953125 0.1748939296875 0.2440896609375 0.1686415875 0.21941106718749998 0.17536495000000002 0.185257871875 0.17655760625 0.1632873765625 0.17936176718750002 0.1670809953125 0.18761275625 0.179255853125 0.18653638125 0.1997477921875 0.1858207859375 0.21786832500000003 0.1871417859375 0.2279325546875 0.181580159375 0.2434773171875 0.17908344375000002 0.26222203906249997 0.1842903578125 0.277880384375 0.18504611875000002 0.29861031250000003 0.1771581578125
0 0.5964687859375 0.122469765625 0.60815570625 0.12141035625 0.6055680921875 0.10326492031250001 0.6080639078125001 0.09080345937499999 0.6067927796875 0.08238123124999999 0.5980441375 0.069661165625 0.5992352750000001 0.061804221874999996 0.5954792015625 0.05216620625 0.59718095 0.044942725 0.59213106875 0.0262319796875 0.5850614625 0.00563795625 0.5836322984375 0.020667268750000002 0.58859131875 0.0367760625 0.5882742375000001 0.055674201562500004 0.5919167328125 0.062059790625 0.5924619046874999 0.07767145 0.6005409265625 0.085204675 0.598907325 0.09437960625 0.5997813828125 0.1054208265625 0.5964687859375 0.122469765625
0 0.9706911125 0.1401731921875 0.97054395 0.1499475125 0.9798703734374999 0.137247471875 0.9602061609374999 0.1196983640625 0.971405225 0.1186560140625 0.9821617859374999 0.11893165624999999 0.9863938734375 0.1142249125 0.9849707625 0.09936716875 0.9760570968750001 0.11198078125 0.96474445625 0.109770703125 0.9555651578125 0.112696375 0.9400085859375 0.1008653171875 0.91512555 0.1017342515625 0.889107678125 0.0980838609375 0.8858513828125 0.102756528125 0.921343815625 0.1119375796875 0.9399295671875001 0.1125910890625 0.9706911125 0.1401731921875
0 0.8901545000000001 0.18401609531250002 0.8806453781249999 0.1635072390625 0.8788182093750001 0.1531506453125 0.8721574390625 0.144265284375 0.8716122687500001 0.1286536484375 0.8694108171874999 0.12156644375 0.8853980109374999 0.117751765625 0.889984328125 0.1075699578125 0.8812222249999999 0.11008226406249999 0.8638394171874999 0.1158995078125 0.8487253109375 0.10275043749999999 0.845956909375 0.10740606875 0.8607648453125 0.12577605625 0.865054246875 0.13669800781250002 0.8624221000000001 0.14525654375 0.8735875765625 0.15724091406250001 0.8802374359374999 0.1798034515625 0.8901545000000001 0.18401609531250002
0 0.7616613640625001 0.1279343125 0.7589492625 0.120213621875 0.7294143531249999 0.1277577921875 0.71508344375 0.1230480625 0.6922656046875 0.127101271875 0.6713539140625 0.12978530625 0.6538802828125 0.13300062343750002 0.641396603125 0.12439381249999999 0.6417508609375 0.1353780734375 0.6531089296875 0.138889053125 0.63198193125 0.1493960046875 0.629576978125 0.164459415625 0.6390851640624999 0.156963303125 0.6577499328124999 0.145891065625 0.6662368609375 0.137128078125 0.7066873765625 0.13441295312499998 0.740886003125 0.13452127187500001 0.7616613640625001 0.1279343125
0 0.053422990625 0.0389899875 0.0603099390625 0.026375209375000003 0.05850548437500001 0.01666904375 0.0484207453125 0.020513371875 0.0449587421875 0.048403478124999996 0.0465706046875 0.0665830375 0.042770070312500005 0.083648940625 0.04009253125 0.0909065234375 0.034442115625000005 0.0969653578125 0.042963640625 0.10318056718749999 0.05022490625 0.08729630000000001 0.05211924999999999 0.0715994484375 0.052856078125 0.0507327953125 0.053422990625 0.0389899875
0 0 0.286969784375 0.011777240625000001 0.2845457453125 0.0193492875 0.2868864328125 0.0273374625 0.29181774531250004 0.0456282140625 0.293349946875 0.0735710140625 0.2915057546875 0.0881778109375 0.29012730000000003 0.08889618437499999 0.2827210671875 0.0803634640625 0.28084810781249997 0.071082134375 0.28551407812499996 0.0561197609375 0.286036575 0.0469516828125 0.28461998125 0.0382754234375 0.287962265625 0.023486903125 0.28413683437500004 0.0354764234375 0.282415596875 0.055552199999999996 0.27910941093749997 0.06632360468750001 0.270483746875 0.060082923437500005 0.268964925 0.0479347453125 0.27546775625 0.03751099375 0.2753975671875 0.0216788375 0.2789897421875 0.0133956875 0.2749371375 0 0.27918435625 0 0.286969784375
0 0.7665888015625 0.2206276703125 0.7739033828124999 0.215596203125 0.8057191328125001 0.21274842343749997 0.8260372078125 0.21638075781250002 0.84049256875 0.21066573281249998 0.8471493765625 0.2147751296875 0.8530042203124999 0.2145706734375 0.86400278125 0.21244986250000003 0.873004278125 0.20909622031250003 0.879244959375 0.21061503906249998 0.8866274125 0.198200025 0.8747438984375 0.2029568640625 0.8608633484375 0.20648088593749997 0.84791318125 0.20866986562499998 0.8421564703125 0.2023581078125 0.8228523687499999 0.2091108125 0.8119973500000001 0.2060163953125 0.8003028328124999 0.2068589734375 0.7811422703125 0.2083964328125 0.763698915625 0.2124790671875 0.7507336046875001 0.2142343796875 0.7182370390624999 0.21623755937500003 0.70225344375 0.2154931484375 0.67910670625 0.22411680937499998 0.6650384890625001 0.2312727203125 0.6841674578125 0.2291503 0.696066090625 0.224827128125 0.7057029984375001 0.2210171171875 0.7272616015625 0.22286938125 0.7020269390625 0.22765827343749998 0.70385015 0.2332390171875 0.7413541390625 0.22541656406250002 0.7548488515625 0.2201692640625 0.7665888015625 0.2206276703125
0 0.989479521875 0.1970009125 0.9669307343750001 0.1982225125 0.962550796875 0.19403360625 0.9411061187499999 0.204768740625 0.933579503125 0.203729021875 0.9157424109375001 0.196536565625 0.910023884375 0.20064392187500002 0.899864846875 0.1988277546875 0.896243834375 0.20637002343750002 0.8995323125000001 0.2079572796875 0.9046608859375 0.20560725781250003 0.9115369765624999 0.20666969218750003 0.915689734375 0.2043537453125 0.9383755656250001 0.21050850468750001 0.9465072781250001 0.2102245390625 0.9612273265625 0.2027635375 0.9694347593750001 0.20464785624999998 0.9897521062499999 0.20480673437500002 0.989479521875 0.1970009125
0 0.891304153125 0.34536688125000004 0.8877722859375 0.36546275625 0.8862446765625001 0.3776733 0.8833554390625 0.388194659375 0.8879283390625 0.38797745625 0.8912297109375 0.38053855625 0.8962134703125001 0.3460638015625 0.901153071875 0.3476280578125 0.9097911484375001 0.33386665625 0.9202754499999999 0.335671465625 0.9213039421874999 0.3278201921875 0.9079830812499999 0.3287195625 0.9013868484374999 0.326344784375 0.8909630984374999 0.326274609375 0.891304153125 0.34536688125000004
3 0.347602271875 0.09012472187500001 0.324094090625 0.0776155328125 0.2980499359375 0.0805758 0.2797226265625 0.08429198593750001 0.24442540781250002 0.086549984375 0.211236625 0.10514064999999999 0.1856574015625 0.12141479687500001 0.1545941265625 0.13480426875 0.1393034875 0.13738901718750002 0.13373084375 0.1539899125 0.15098686562500002 0.163641253125 0.1669383203125 0.1579572484375 0.19689454687500002 0.15691115312499998 0.2475181703125 0.15309255156249998 0.37645307968749997 0.1455138640625 0.37237925625 0.11694511249999999 0.347602271875 0.09012472187500001
