2 0.0981115421875 0.6740355 0.1694411890625 0.6909952265625 0.1772118328125 0.6873745046875 0.17679060468750002 0.6573490453125 0.1746831375 0.624856996875 0.1736130515625 0.6210294453125 0.1732773765625 0.5527650828125 0.1726937125 0.548894975 0.16495555625 0.547284625 0.163350315625 0.5513462359375 0.16275430468750002 0.5641421875 0.160382825 0.5790540562500001 0.1529121359375 0.5833020656250001 0.15637361875 0.603258609375 0.156977421875 0.618563703125 0.159352575 0.6373082328125 0.1651246796875 0.6472596953124999 0.1672202390625 0.6572060515625 0.16654734531249998 0.6579184484375 0.15969280624999999 0.6608054937500001 0.1439449109375 0.6572817921875 0.1396805859375 0.6589619296875 0.12102627968749999 0.6586333843750001 0.112355775 0.6603722484375 0.0958377453125 0.65364828125 0.088456284375 0.6533137828125 0.0757324 0.6423367 0.062031554687500004 0.637000084375 0.050349385937500005 0.6295262703125 0.042967925000000004 0.629191771875 0.038432018750000005 0.6305689046875 0.029737259375000002 0.6264281328125 0.0213060703125 0.6140951968749999 0.0132437046875 0.6059779265625 0.0074066265625 0.6064886046875 0.01004513125 0.6366468421875 0.0244147546875 0.6468264125000001 0.0346822671875 0.65213664375 0.0747835890625 0.6679073234375 0.08695217968749999 0.67533858125 0.0921447359375 0.675864584375 0.0981115421875 0.6740355
0 0.24562225468749999 1 0.240686378125 0.9799407499999999 0.2376497921875 0.9601698109375001 0.2393252140625 0.9469558656249999 0.2425029328125 0.930997009375 0.24190521875 0.9142069140625001 0.24189478125 0.8941711984375 0.23825278437500003 0.8849071125 0.2378315609375 0.8701342890625 0.23867127031250002 0.8523472796875 0.23688824375 0.8394359109374999 0.23926255468750002 0.8267415843749999 0.23625455468749998 0.819745103125 0.23348087343750001 0.8054684765625 0.22941353593749997 0.79173630625 0.22793860625 0.7748777828125 0.22455844218749998 0.78105383125 0.2268600734375 0.8017602281249999 0.230596534375 0.8164608171875001 0.23331948281249998 0.847584259375 0.232581321875 0.87835715 0.23431567343749998 0.8925794953124999 0.2361226484375 0.92443650625 0.23083720937500002 0.9536470828124999 0.23131525000000003 0.9647125000000001 0.23483580937499998 0.9827757046875 0.23504341874999998 0.9905210796875 0.23873173906249998 1 0.24562225468749999 1
3 0.291192975 1 0.28723368437499996 0.96371724375 0.2976495625 0.95953913125 0.296727559375 0.8873845078124999 0.2971737890625 0.8644775812500001 0.3001493 0.8256685750000001 0.29589469375 0.777038190625 0.285268484375 0.7564066921875 0.2829101203125 0.735051853125 0.27835525156249996 0.7053954250000001 0.27099579218750003 0.677291109375 0.2616992828125 0.6382489734375 0.24928959062499997 0.6308408984375 0.234809028125 0.625805184375 0.23363758437499998 0.623620321875 0.2332040078125 0.6102609218749999 0.2320325640625 0.6080760578125 0.232656946875 0.5956043906249999 0.22914283750000003 0.5694439296875 0.2291673140625 0.5557176890625 0.23183462968750002 0.5469884578124999 0.23832835624999998 0.548380915625 0.23991323750000002 0.552490190625 0.2437883796875 0.5547652750000001 0.251413053125 0.5550784953125001 0.259597134375 0.5533821875 0.2633466640625 0.5514203249999999 0.266484159375 0.5452640734374999 0.266415290625 0.5416756921875 0.266018096875 0.5371357421875 0.264603440625 0.534972159375 0.263817284375 0.514781553125 0.26199330781249996 0.505138203125 0.25866956406249997 0.492358421875 0.25584025312500003 0.4880312546875 0.25203030625 0.4556881546875 0.250331940625 0.45028175 0.2505387703125 0.44144101874999997 0.2501415765625 0.43690106875 0.24869855 0.4344132046875 0.2487594078125 0.42950641562499997 0.2460152109375 0.42615209375 0.240591790625 0.4089813109375 0.239076 0.388854540625 0.23685071249999998 0.3802265921875 0.23760070781249998 0.3719918703125 0.2357037453125 0.364315490625 0.23026062656250001 0.29649796875 0.23100650625000002 0.2938186 0.24564793125 0.2846952984375 0.247549009375 0.286816325 0.25128229687500003 0.2874699984375 0.2655750390625 0.285566015625 0.2715256015625 0.2863524671875 0.27506029062500004 0.2847361640625 0.2753764890625 0.2827479140625 0.27449287187500004 0.278250521875 0.2727336484375 0.2777509046875 0.2679748890625 0.2709784296875 0.259851665625 0.2677679484375 0.25812904531249997 0.2564819078125 0.25375946875 0.2457542109375 0.2541486515625 0.241798990625 0.253163678125 0.2389442875 0.25519470312500003 0.22014103125 0.251186159375 0.18552795625000001 0.25074312499999996 0.1720604609375 0.2522443390625 0.1668098140625 0.2507081890625 0.15485393281249998 0.2533430171875 0.151355771875 0.2528444671875 0.1484585109375 0.2560428203125 0.1373954703125 0.269605928125 0.1355553234375 0.2713692671875 0.13049958749999999 0.269038728125 0.10946380625 0.2644826828125 0.09940594999999999 0.25748695 0.041853957812499995 0.2581031 0.0404929953125 0.25684654375 0.037335285937500004 0.2589706953125 0.0280000484375 0.2577182546875 0.019286987499999998 0.18159302500000002 0.025947081249999997 0.1832705890625 0.0787361265625 0.18398872187499998 0.0874657546875 0.1850423390625 0.093907259375 0.186412140625 0.0983609859375 0.1861769015625 0.10687536093750001 0.18642803125000001 0.11534719687499999 0.1916636390625 0.152784478125 0.1985660125 0.2023072109375 0.20047473125 0.26749708125 0.17861974687499999 0.276799775 0.182355471875 0.330702496875 0.185442028125 0.37718477031250003 0.18464811718750002 0.40171905781249995 0.1770683609375 0.40470545781249995 0.171313175 0.41174265312499997 0.1699711984375 0.4197345125 0.1683822015625 0.42118058906250005 0.1644887671875 0.4289641171875 0.169330571875 0.43482171718749996 0.16710918125000002 0.44024429062500003 0.1784215078125 0.43137519687500003 0.18468724375 0.430173621875 0.1893721546875 0.43891089531249994 0.19279246249999998 0.4555992328125 0.1928000578125 0.483693396875 0.21658374062500002 0.6836031453125 0.21865504531250002 0.6876698640625001 0.221686846875 0.7083175296875 0.221123321875 0.715882409375 0.2236849453125 0.733957096875 0.22425648125 0.7348873859375 0.2274912171875 0.7326437984374999 0.2319541390625 0.7332336359375 0.2340011890625 0.7314207203125 0.23870320625 0.7375446328125 0.2541251 0.7869376156250001 0.2750454390625 0.8132022015624999 0.2816508125 0.8550932375 0.2836196703125 0.9000033265624999 0.26306322656250003 0.92270959375 0.273287428125 1 0.291192975 1
0 0.2034489203125 0.69372915 0.2043498171875 0.6791310390625 0.20523996875 0.6619204015625 0.204487278125 0.6483381140625 0.20242691875 0.632256775 0.1994084953125 0.60522456875 0.196691434375 0.5791476234374999 0.19497698593749999 0.55955138125 0.18878453125 0.5435411546875 0.185960425 0.528688165625 0.18809335625 0.515724575 0.1851250375 0.5066919359375001 0.18530183281249998 0.491286009375 0.182085071875 0.47443466875 0.18007802343749998 0.46394171875 0.1780748546875 0.473409321875 0.18150776562499998 0.490241740625 0.18242986249999998 0.4982918703125 0.1803581171875 0.514444346875 0.1823646625 0.517463046875 0.183866975 0.5147181359374999 0.1832471 0.5275493484375 0.1839745765625 0.5408434484375 0.1889602078125 0.5555073421875 0.19149623124999998 0.56457780625 0.19252255468749999 0.5862669546875 0.1961353296875 0.6176029421875 0.1976625265625 0.6325693859375 0.1924748703125 0.633023246875 0.18890114062500002 0.63449745625 0.18332790937500001 0.6405023859375001 0.1791029234375 0.6469804078125 0.1792649609375 0.65132201875 0.1836780921875 0.6494839921875 0.18983858125 0.6402334421875 0.19835860624999999 0.63803610625 0.20026769375 0.6523883765625 0.19957218125 0.6643550421875 0.19967272187500001 0.6829309453125 0.1982349765625 0.70135105 0.19846895 0.7114940843750001 0.201307521875 0.724022703125 0.20359479687499998 0.7426976734374999 0.20641890625 0.7575506734374999 0.2085874890625 0.7649109765625 0.21610576718750002 0.776159028125 0.2230401890625 0.795372575 0.224406725 0.7888844734375 0.22292625 0.77943125625 0.2203398171875 0.769784415625 0.216276284375 0.7631706640625 0.21129771718749998 0.756056203125 0.20901750468750002 0.7449306546875001 0.2068563078125 0.7276965828125 0.20493277031249998 0.7156686609375 0.20280385 0.7062721875 0.2034489203125 0.69372915
0 0.2600558765625 0.5272116859375 0.2605961015625 0.5358759984375 0.2644542484375 0.545121196875 0.2634706359375 0.5513053515624999 0.26051645625000003 0.5573715484374999 0.25795490781249997 0.5654360515625 0.257389159375 0.5739067328125 0.258552621875 0.582226159375 0.2573276640625 0.5881410453125 0.254539203125 0.593611925 0.250417859375 0.5962955921875001 0.25107338437500004 0.6037882703124999 0.24861637499999997 0.6080686375 0.24446981874999998 0.61046410625 0.24245956875000002 0.612382290625 0.243511434375 0.6169364546875 0.24279439531250002 0.62367805 0.2473046890625 0.62792961875 0.2465086546875 0.621320403125 0.24774807499999998 0.6130811546875 0.2551369171875 0.6104020234374999 0.25576753750000003 0.60018334375 0.2619999796875 0.59673421875 0.2624000015625 0.5888587890625 0.2637006140625 0.58380845 0.2636790890625 0.5785833890625 0.2626561390625 0.569380534375 0.26759905625 0.5561711046875 0.269757203125 0.5434957015624999 0.2694798671875 0.5403257234375001 0.2669401578125 0.53619213125 0.26416645625 0.5219155062499999 0.26521494375 0.5139833546875 0.26297070625 0.5057585062500001 0.2583884765625 0.4957055125 0.2558776640625 0.4869232171875 0.25542754218749997 0.47679909218749994 0.25225381874999997 0.4703978796875 0.2526034171875 0.4619461046875 0.25215329531249997 0.4518219796875 0.2498838453125 0.44330895468750003 0.24546015 0.441594884375 0.247257425 0.45312146875000003 0.24744467656250002 0.45775126093749996 0.246626803125 0.46334014687499997 0.24862597812499998 0.47623260937499995 0.2511619859375 0.48530309374999997 0.253708771875 0.4969860890625 0.25553514375 0.5029244 0.25987601250000003 0.512708128125 0.2598182015625 0.5220055375 0.2600558765625 0.5272116859375
3 0.3517105671875 1 0.34951680937499996 0.9711960390625001 0.3579593546875 0.9633616390625 0.366066334375 0.9691876562499999 0.3694145546875 0.9682411953125 0.3706914703125 0.9632280156249999 0.36653261875 0.9577101109375 0.366208409375 0.951203190625 0.363906021875 0.950097565625 0.357951784375 0.9156547171874999 0.342246 0.8600829515624999 0.3380723390625 0.8179791671875 0.341615090625 0.785654165625 0.3522420828125 0.7635553390625 0.3682494328125 0.7644422265624999 0.369319740625 0.7486639015625001 0.36484513281250003 0.7059224953125 0.3653073 0.7000003031250001 0.367800275 0.6948807328125 0.3632162984375 0.6452868453125 0.3635690984375 0.6325121734375 0.36014811406249997 0.615819728125 0.35829165 0.6114074484375001 0.359037528125 0.608728078125 0.3548750015625 0.5695537749999999 0.3512268265625 0.5698729484375 0.348867696875 0.5681187609375 0.342467534375 0.5369825687499999 0.34247165 0.5314272156250001 0.337737146875 0.530534375 0.3226339921875 0.5063681156250001 0.3229785609375 0.5047041484375 0.28987385468750004 0.46806195937500006 0.2865743640625 0.46116181093749997 0.283157275 0.45851988906249996 0.27697151249999996 0.4662498890625 0.2754271296875 0.4654047125 0.2744217953125 0.4707208953125 0.2726747 0.4731610953125 0.2722935296875 0.48561148593750003 0.27376882187499996 0.50247415625 0.2752969609375 0.50593486875 0.277842340625 0.526625090625 0.274052090625 0.5449287296875001 0.2751505484375 0.5490805625 0.283057828125 0.65066598125 0.2816875671875 0.6658170203125 0.292982128125 0.7283072546875 0.3002198 0.7662227234375 0.310697071875 0.8041144171875001 0.3145802265625 0.814884671875 0.316931125 0.827749565625 0.31605551875 0.8317473421875 0.31830094375 0.8518102781250001 0.317368596875 0.8551594890625 0.3202342890625 0.868306109375 0.3191397265625 0.8782048 0.3214055125 0.8900968468749999 0.32001511250000003 0.8938128984375 0.3195083296875 0.9020263421875001 0.3291880625 0.9090218171875 0.3287096515625 0.9175595453125001 0.32225230625 0.9249865390625001 0.32269411406250004 0.9272352359375 0.3207889203125 0.9306695609375 0.321356340625 0.9371552031249999 0.3185634125 0.9416474875 0.32041987656250004 0.94605976875 0.32532460625000004 0.9488983031249999 0.331733221875 0.9493179140624999 0.32820697499999996 0.9684868515625 0.32930073437499996 0.9977927296875 0.33140725 1 0.3517105671875 1
0 0.321205 0.8563646140625 0.32492699062499997 0.8612513453125 0.3295629875 0.8498256671875 0.332772996875 0.84170441875 0.337546490625 0.8340271453125 0.3374890015625 0.8259013625 0.3414556953125 0.8090023359374999 0.33697767343749996 0.8125883515625001 0.3344016796875 0.8229772265624999 0.33465012031249997 0.8307959234375 0.3286553375 0.8394511890624999 0.321205 0.8563646140625
0 0.340271346875 0.7606115328125 0.33798005937500003 0.7642966046875 0.34125463125 0.7718505375 0.3400367203125 0.785314859375 0.33826046249999997 0.7973760671875 0.33726829999999997 0.809341621875 0.342093378125 0.8063330687500001 0.342277253125 0.7984765703125001 0.344075053125 0.7916404015625 0.34437791562500003 0.77767540625 0.3463522015625 0.7728564875 0.343484728125 0.7649765453125 0.34524285312499997 0.7601765828125 0.337566221875 0.7396500125000001 0.33515963437499996 0.74450673125 0.340271346875 0.7606115328125
0 0.32284350625 0.601243240625 0.32407924375 0.59794088125 0.33159044375 0.6016395250000001 0.33408341406250003 0.6002598765625 0.337001653125 0.5912929859375 0.3332261890625 0.5904617546875001 0.33051336875000004 0.59679719375 0.3251240296875 0.5949456171875 0.3207831609375 0.5851618875 0.3176780125 0.5720758015625 0.31336235625 0.5625802546875 0.30961582499999996 0.557100315625 0.306045778125 0.5536376375 0.314680146875 0.52536231875 0.311174975 0.520151646875 0.3047589859375 0.5140341015625001 0.30315582343749997 0.5156262875000001 0.310014890625 0.5243185484375 0.30165289375 0.553217559375 0.302387740625 0.5566379 0.30952783125 0.5635632515625 0.3141857 0.57448079375 0.31669282499999996 0.5881999687499999 0.3204897828125 0.5942562687499999 0.31800755937499997 0.59824845 0.319603334375 0.6065300312499999 0.31770470156249997 0.6122134765625 0.32388270625 0.6305480515624999 0.3208888453125 0.638650390625 0.32117325937499996 0.6493697765625 0.3186621390625 0.6580106640625 0.319227578125 0.666963153125 0.31746575312499997 0.676700034375 0.31763855625000004 0.68365418125 0.3225485484375 0.6974535234375 0.32058133906249997 0.7098218296875001 0.3208513046875 0.7228655749999999 0.3267301109375 0.7231264562499999 0.3245923515625 0.7108560953125 0.3260875859375 0.7005617749999999 0.326664096875 0.69470361875 0.32193059218750003 0.6829215390625001 0.3227739859375 0.66019765625 0.32661831874999997 0.6369208328125 0.328099103125 0.6289508609375 0.3218814203125 0.612652459375 0.32443928125 0.6095248171875001 0.32284350625 0.601243240625
0 0.29015774375 0.8674554234375 0.29348980468749997 0.8831351281250001 0.2984142484375 0.8946101343749999 0.30194094374999997 0.9050458453125 0.3062962609375 0.9125052140625 0.3091385203125 0.9200969796875 0.308562009375 0.9259551343749999 0.309127446875 0.9349076234375 0.3129640671875 0.9389277500000001 0.318248871875 0.9445634890625 0.3137459625 0.9304381484375 0.3123448296875 0.91691260625 0.3048050390625 0.90043948125 0.301177490625 0.8888510234375 0.294743675 0.87257153125 0.2931983265625 0.8648663109375001 0.300108128125 0.856711753125 0.3006271375 0.842727828125 0.285150896875 0.830143303125 0.27166674999999996 0.8229018187499999 0.2727656625 0.8155460296875001 0.27104382656250003 0.805823553125 0.2671964421875 0.7991908890625 0.26848598125 0.8089511875 0.26926756875 0.8178847765624999 0.2686550828125 0.8208422203125 0.2536395578125 0.815205903125 0.25339836718750003 0.82072508125 0.2696672671875 0.8274325390625 0.2795921296875 0.8338238734375001 0.285355971875 0.8449350375 0.285755996875 0.83705961875 0.29214678906249997 0.8428889875 0.294949371875 0.8525169171875 0.290773915625 0.8595610953125 0.29015774375 0.8674554234375
0 0.32335659843750003 0.9680914484375001 0.324520384375 0.9589876734375 0.3230903328125 0.95011081875 0.3200426890625 0.9451505093750001 0.3123260859375 0.9440833124999999 0.3094099921875 0.9515614015624999 0.31042006718750004 0.9596405406249999 0.3149484953125 0.9566308546875 0.31537373281250003 0.9490436437499999 0.318360203125 0.9508150437499999 0.32046391406249997 0.9599233421875001 0.31850040625 0.9673547734374999 0.319220803125 0.9730994531249999 0.322199890625 0.9847446546875 0.32335659843750003 0.9680914484375001
0 0.60954180625 0.65921823125 0.616581046875 0.66499086875 0.6121645375 0.654342590625 0.596695359375 0.6493074890625 0.5970157328125001 0.6629275859375 0.5954593125 0.6700330203125 0.5876922859375 0.6683894625 0.586643815625 0.6763216125 0.58486048125 0.6808334203124999 0.57336843125 0.6789349875 0.5723956 0.6877316734375001 0.565991896875 0.6909385484375 0.5652444187500001 0.69561696875 0.578152378125 0.6912934171875 0.5779903390625 0.6869518046875001 0.5889599875 0.6903478749999999 0.59221334375 0.6752535671875 0.5985933578125 0.6784704031250001 0.60116936875 0.6680815250000001 0.6020305890625 0.6555195890625 0.60954180625 0.65921823125
0 0.655125209375 0.6511647921875 0.6469003468750001 0.6666940609374999 0.6409271078125001 0.680574396875 0.6377100375 0.681146234375 0.6331385546875 0.6737057796875 0.6307645703125 0.6689769140624999 0.6191654125 0.663776040625 0.6185339859375001 0.6685950218750001 0.629514396875 0.6746036140625 0.6382142875000001 0.6869098359375 0.6410242562499999 0.6866639953125 0.645477065625 0.6827898046875001 0.651032453125 0.6666229296874999 0.655906796875 0.66009838125 0.660648015625 0.6445835125 0.6589729015625 0.6403742765625 0.655125209375 0.6511647921875
0 0.6913006312500001 0.61081656875 0.70505135 0.6186154937499999 0.7080018484374999 0.617486203125 0.71094158125 0.6137443765625 0.7184490953125 0.6223799046875 0.7127501281249999 0.6095207546875 0.7087837453125 0.6089966125 0.704507440625 0.614888065625 0.690605446875 0.605360053125 0.6878963125 0.6067586203124999 0.6802987093749999 0.5995829031250001 0.6771357499999999 0.59579423125 0.6667533765625 0.58915253125 0.6644476578125 0.5951619734375 0.6585900296875 0.5904475062500001 0.653067221875 0.5970287875 0.6520079875 0.6023484125 0.6536468 0.6210801171875 0.6521623125 0.6339869640625 0.6489597078125 0.6322344531249999 0.64063800625 0.62425093125 0.6359159062499999 0.6249142078125 0.63982011875 0.62983984375 0.647518584375 0.6381682515625 0.6571049234374999 0.6382007234375 0.65579786875 0.60085529375 0.658993428125 0.5950583828125 0.66603266875 0.6008310203125 0.6681474515625 0.595128675 0.67578473125 0.6002682171875 0.6902161859375 0.61584800625 0.6913006312500001 0.61081656875
0 0.7417938281249999 0.6345664171875 0.7280538734374999 0.6293800375 0.72111548125 0.6247601031250001 0.7165359640625 0.62512229375 0.7243503765625 0.6343501984375 0.7326902296875 0.6350724859375 0.7440020875 0.63989054375 0.746866184375 0.6352841812500001 0.7427307015625 0.6228690171875 0.73971565625 0.6083231140625001 0.7385770828125 0.617715075 0.7430188015625 0.628651528125 0.7417938281249999 0.6345664171875
0 0.8245912640625 0.7443042546874999 0.8226532796875 0.7346006921875 0.8201821296875 0.7237822281249999 0.8155242625 0.7128646859375001 0.811766965625 0.7047722140625 0.8097748687499999 0.699429175 0.810542315625 0.6932639218750001 0.8136622234375 0.686602484375 0.8137055875 0.679629425 0.8117928140625 0.670214040625 0.8077307984375001 0.6621646359375 0.809025865625 0.6809100046875 0.8053294484375 0.6934296078125 0.805134809375 0.6986735796875 0.808762359375 0.7102620374999999 0.816874971875 0.7258138796875 0.82066085625 0.746680821875 0.8240002875 0.7524867703125 0.8295732093750001 0.7639050296875001 0.8274083109375001 0.7516078328125 0.8245912640625 0.7443042546874999
0 0.8922838234375 0.6616313359375 0.8935699703125 0.658905346875 0.8749959687500001 0.6233609609374999 0.8703306968750001 0.622317190625 0.8594760390625 0.6351726765625 0.8517234765625 0.6312047578125 0.8487333187500001 0.634370221875 0.84726328125 0.64495273125 0.8445000359374999 0.6507118078125 0.846671603125 0.665293040625 0.8484338203125 0.66082154375 0.84873299375 0.6517934015625 0.8524761484375001 0.6447870453125 0.8532580624999999 0.636297453125 0.8637412875000001 0.644091865625 0.8639755703124999 0.636811721875 0.8723480218749999 0.6279484156249999 0.8750030296875 0.6309103828125 0.8866964703125 0.652537434375 0.8922838234375 0.6616313359375
0 0.7366672953125 0.5250096375 0.738367603125 0.52950705 0.729761178125 0.5282273109375 0.72171208125 0.5255509484374999 0.726997934375 0.5339864203125 0.73957074375 0.5357903015625001 0.7429679859375 0.53229881875 0.7412931984375 0.5106664046875 0.74620721875 0.5021056703125 0.742943409375 0.4971642734375 0.741567159375 0.5013500859375 0.7373917046875 0.5083942640625 0.73811918125 0.5216883625000001 0.7366672953125 0.5250096375
0 0.8745881359375 0.5347152984375 0.8776613375 0.5225406109375 0.87704545625 0.5130117515625 0.8768992265625 0.5003555453125 0.8744156765625 0.51033796875 0.87365899375 0.5191157453125 0.8707407546875 0.528082634375 0.8640652687499999 0.5289570453125 0.8670695500000001 0.540890425 0.861907121875 0.5416324609375 0.8653618515625 0.5462667609375 0.872253503125 0.5453734390625 0.868600759375 0.5334968140624999 0.8745881359375 0.5347152984375
0 0.0999119796875 0.569758665625 0.105481509375 0.5686906203125 0.10802121875 0.5728242140625001 0.12396235625 0.5757853328125 0.13394840937500002 0.5853655640625 0.1522229953125 0.5866300015625 0.1582871953125 0.5797515640625 0.142065034375 0.578557340625 0.136711653125 0.5796064750000001 0.12576015625 0.568949171875 0.1079133046875 0.564122078125 0.0969147453125 0.5653747203124999 0.09483962343749999 0.5690409015625 0.10055305625 0.579575703125 0.0999119796875 0.569758665625
0 0.08414152968750001 0.5432613625 0.0925351828125 0.55704630625 0.09169946875 0.552473240625 0.084642403125 0.53653866875 0.0865518015625 0.5334677640625001 0.0897399734375 0.5375446187499999 0.0930397421875 0.5453867296875 0.0980831859375 0.5507532015625001 0.0948267796875 0.5359380328125 0.09293551718750001 0.531747709375 0.0886918125 0.528053584375 0.0843687671875 0.5284318015625 0.0840732796875 0.5325230546874999 0.080957059375 0.53424761875 0.0726820984375 0.5317773484375 0.063873971875 0.528192171875 0.05603130625 0.525684059375 0.048404790625 0.5231570484375 0.040540599999999996 0.5154238859375 0.030993939062499996 0.5133552515625001 0.021984114062499997 0.5074646359375 0.0147502359375 0.5069359765625 0.00813960625 0.5060624015624999 0.0022638421874999998 0.5086091625 0.0011289546875 0.5130642421875 0.00072893125 0.5209396578125001 0.0020675796875 0.53550325625 0.0046916296875 0.526400684375 0.003924490625000001 0.515142753125 0.0084277078125 0.5118449140625 0.017275496874999997 0.5133939296875 0.036303956250000005 0.5192791765625 0.044449171875 0.5252454359375001 0.0479543421875 0.5304561046875 0.0624725078125 0.5320897875 0.0797969765625 0.53841451875 0.08414152968750001 0.5432613625
0 0.00540031875 0.5818023796875 0.007147367187500001 0.5918130374999999 0.0099681 0.59417973125 0.0159121328125 0.60237129375 0.023293584375000002 0.6095659 0.0316946078125 0.613477075 0.04212740625 0.620695125 0.049588196875000004 0.623817415625 0.06003190781249999 0.628461315625 0.0565951640625 0.6217524562500001 0.0495666703125 0.6185923437499999 0.043442465624999996 0.6133204250000001 0.0336688953125 0.608658178125 0.0274545890625 0.6048460703125 0.0204909859375 0.5999379703125001 0.016528304687500002 0.5944769437499999 0.012057671875 0.5881892015625 0.00540031875 0.5818023796875
0 0.18423535468750002 0.15589283437499998 0.1856456109375 0.16360985 0.1866262453125 0.1720178625 0.1901804078125 0.181834090625 0.1906909609375 0.1876697359375 0.1920202734375 0.1888601765625 0.19356855312500001 0.18415113593750002 0.1908573484375 0.1755678765625 0.188190778125 0.16469390625 0.1872547671875 0.15399525 0.18381405625 0.1454757734375 0.181362290625 0.1342563328125 0.1829430796875 0.12431750781249999 0.18251761875 0.1194544703125 0.1820112140625 0.10806483124999999 0.179227025 0.10144805625 0.1804958109375 0.08794299531250001 0.1786275796875 0.0805927140625 0.1748098296875 0.08217215156249999 0.1765199828125 0.0873107859375 0.1750242828125 0.098222215625 0.176134628125 0.105312125 0.1790606390625 0.11354992500000001 0.1790969640625 0.12236720937500001 0.1768717453125 0.13334247500000002 0.1788696859375 0.13937466874999999 0.180948571875 0.15193347343750002 0.18423535468750002 0.15589283437499998
0 0.1582675390625 0.22317482656249998 0.15797560625 0.231040790625 0.15881441875 0.2378277640625 0.1592519875 0.24562990624999997 0.1611648359375 0.25068949375 0.1635114578125 0.2495041546875 0.16435026875 0.256291128125 0.165675434375 0.26303555312500004 0.1666277046875 0.2711193421875 0.1696145875 0.27445154375 0.170724934375 0.2815414671875 0.1728726578125 0.29768776875 0.1755475359375 0.297453746875 0.173898275 0.284203996875 0.17403213125 0.27733189999999996 0.173493215625 0.2711720703125 0.170336146875 0.265894634375 0.1676533234375 0.25763556875 0.1668591296875 0.2485578875 0.16521781093750001 0.2438012234375 0.1623727296875 0.242090034375 0.161923071875 0.231348815625 0.1634350234375 0.21782246875000003 0.16398639843750001 0.20732035 0.1670992140625 0.195287390625 0.167119615625 0.1871185015625 0.165766103125 0.1800498671875 0.168522278125 0.16674136875 0.1712217234375 0.1527844625 0.1709543390625 0.14692754531250002 0.1673676625 0.14234107812500002 0.1710802515625 0.1315623734375 0.1712466375 0.1194605046875 0.16705600625 0.119173765625 0.16560275625 0.12749929843750002 0.1642389390625 0.137387853125 0.16446170625 0.145535465625 0.1669580890625 0.1544642125 0.1650327828125 0.166066596875 0.16309537031250002 0.17472989375 0.1626332375 0.18065066093749998 0.162839728125 0.19141314375000001 0.1619884578125 0.2012881421875 0.15936199375 0.21327855156250003 0.1582675390625 0.22317482656249998
0 0.7217243484375 0.4004783109375 0.715861515625 0.385745984375 0.7186338296875 0.37635630781249996 0.7174937124999999 0.3707935015625 0.720892825 0.364833596875 0.71693400625 0.353909434375 0.716413115625 0.3621764640625 0.7122521015625 0.36689629375 0.713732584375 0.3763495046875 0.7109819453124999 0.3822526765625 0.7142131484375 0.39677966875 0.7192545859374999 0.41332617968749996 0.7248850015625 0.4328702 0.7253715796875 0.419760265625 0.722291628125 0.4069623625 0.7217243484375 0.4004783109375
