0 0.9641940609375 0.34024385625 0.9669381515625 0.3483858734375 0.9653960078124999 0.36305838437500004 0.96611966875 0.37796902499999996 0.9661443859375 0.3901883390625 0.9654702328125 0.3997163375 0.9705769906249999 0.41028825625 0.9686080984375 0.41968015625 0.966645359375 0.4321269015625 0.9646764671874999 0.44151880156249995 0.9614581624999999 0.4503431125 0.9594892703125 0.4597350109375 0.9586790203125 0.4705576359375 0.960406715625 0.47902914843750005 0.956359628125 0.48951156874999996 0.9544360671875 0.498471928125 0.9528815671875 0.507034771875 0.9544669875 0.5137460796875 0.95286713125 0.5227404609375 0.9544010140625 0.5268284890625 0.9514548796875 0.533063509375 0.9531371921874999 0.5419665546875 0.9550071375 0.5521982703125 0.9560942390625 0.5605371546875 0.9560159109375 0.567509865625 0.9576982234375 0.5764129125 0.9591929546875001 0.5839873125 0.95818889375 0.590426453125 0.956304534375 0.5959004609375 0.9573972078124999 0.6104135640624999 0.9533439390625 0.6178411671874999 0.9466558578125 0.625428146875 0.9417160656249999 0.6288357609374999 0.9393781125 0.6386251765625001 0.935887690625 0.650038746875 0.9275419906250001 0.660941975 0.9225815796875001 0.6770004625 0.9282079109374999 0.6701745 0.934242453125 0.6594646656250001 0.940289378125 0.6548644984374999 0.946583684375 0.635455703125 0.954929384375 0.6245524765625 0.9524553593749999 0.6356365375 0.952564609375 0.64393794375 0.948608259375 0.653557290625 0.9488597640625 0.6636188671875 0.9542861265625 0.64935460625 0.9581971421875 0.64016683125 0.9582692968750001 0.6301392390625 0.96125460625 0.6204178640625 0.9635018453124999 0.611491525 0.9624545078125 0.59654685 0.9649347125000001 0.58851760625 0.9661202031249999 0.5803522812499999 0.96393275625 0.5731413953125 0.9615061671875 0.5619785640625 0.9621741421875001 0.5493957328125 0.9573848593750001 0.5358030140625 0.9611144453125 0.5283414078125 0.9604093468749999 0.522595253125 0.9604877046875 0.5156224953125 0.9612134171875001 0.5087177953124999 0.9592135796875001 0.5028355578125 0.9669840765625001 0.48183669843750004 0.9673861109375 0.47489795937499996 0.9645966406250001 0.4671874921875 0.9670129515625 0.4504253046875 0.9717527531249999 0.43957939531249995 0.9719218234375001 0.43174354531250003 0.9756720265625001 0.411631084375 0.9750122875 0.4054533671875 0.9716208156249999 0.39724330625 0.9738680562500001 0.3883169578125 0.970476584375 0.38010689062499997 0.9727691796875 0.370749009375 0.9701158062499999 0.3617438984375 0.9731464750000001 0.351590953125 0.9729918671875 0.343721096875 0.9707590640625 0.3369417484375 0.9712782484375 0.3288884140625 0.9682104562499999 0.32071237343750003 0.972076115625 0.3119561375 0.9710865171874999 0.302689575 0.9721750859375 0.2923325328125 0.9738203015625 0.2829065796875 0.972086428125 0.2713802515625 0.9762819687500001 0.2657128625 0.9776096843750001 0.2593077390625 0.976069621875 0.2521648875 0.9779416218750001 0.2405812296875 0.9831082015625 0.2350159 0.98415759375 0.2281452109375 0.9834524953124999 0.2223990609375 0.9858419859374999 0.21523290468749998 0.98636153125 0.197835053125 0.982249859375 0.19915138125 0.9790567625 0.21440304375000002 0.9764590484375001 0.23289140156250002 0.973694315625 0.23740026093750002 0.9698534000000001 0.25837580625 0.9658970281249999 0.267995134375 0.9662640078125 0.2894129734375 0.9651486406249999 0.3093660625 0.9629014 0.3182924203125 0.963994071875 0.33280553749999997 0.9641940609375 0.34024385625
0 0.87527185625 0.7706167234375 0.8764490625000001 0.781211925 0.8791993546875 0.7924087796875 0.8759872328125 0.8042878984374999 0.872445278125 0.8130781578124999 0.8708000390624999 0.8225040890624999 0.8699898125000001 0.8333267187500001 0.8720927250000001 0.8444555296875 0.8729977859375 0.8576399984374999 0.8675137093749999 0.8662261328125 0.8690599765625 0.8764238109375 0.8709299203124999 0.8866555265624999 0.8680806562500001 0.8950822875 0.8679177875 0.9059729546874999 0.8668292187500001 0.9163300062499999 0.8635655812499999 0.9255858734375 0.8635387640625 0.9351818765625 0.86773428125 0.9295144765625001 0.8713607968750001 0.91680629375 0.872074128125 0.9037919249999999 0.8752924296875 0.8949676484375001 0.8760181453125 0.88806293125 0.874278090625 0.8734817703125 0.8758841265624999 0.8675422203125001 0.8782736171875 0.8603760671874999 0.8793621890625 0.850019 0.87906533125 0.8403889437500001 0.8754470718749999 0.8343366031249999 0.876405825 0.8267625734375 0.88136623125 0.810704115625 0.8850319015625001 0.7945095453125 0.8829743484374999 0.78294918125 0.881881653125 0.768436059375 0.8852628203125 0.748721115625 0.883710375 0.735468603125 0.879710725 0.7237041140625 0.8824300734375001 0.7196268156250001 0.8865678734375001 0.7082813203125 0.8874688374999999 0.696595603125 0.8871657765625001 0.683910709375 0.8869204265624999 0.676903946875 0.8879121062499999 0.6643551375000001 0.8862751484375 0.6550205546875 0.8865864453125001 0.64894490625 0.88183591875 0.6486532671874999 0.881855165625 0.66438933125 0.881471690625 0.6804925609375 0.88140571875 0.6935749718750001 0.8804985765625 0.7022058546875 0.877882303125 0.711529703125 0.874243428125 0.7181282375 0.8732455703124999 0.7276222109375 0.8754330171875001 0.7348330984375 0.8776204390625001 0.7420439828125 0.8779087499999999 0.7486419875 0.8769170703125001 0.7611907875 0.87527185625 0.7706167234375
0 0.8277812156250001 0.7398416484375 0.825325746875 0.76009024375 0.8254473859375 0.7745012703125 0.8247340296875001 0.7875156359375 0.8230619953125 0.8065376093750001 0.8211693796875 0.8307721203125 0.8258040281250001 0.8364950015625 0.8277275671875 0.8275346046875001 0.8283832062500001 0.8088421421875 0.8308778468750001 0.7851072109375 0.8320055749999999 0.7712637531250001 0.831611796875 0.7594419703125 0.833244653125 0.74390636875 0.8343724 0.7300629468750001 0.834619803125 0.715254353125 0.8345043734375001 0.7038981296875 0.8377102921875 0.688964184375 0.8387473015625 0.6759838359375 0.8408976499999999 0.6648657390625 0.8393967375000001 0.6542365218749999 0.840297703125 0.6425508046874999 0.8421181640625001 0.6283438765625 0.8408894234375 0.6151253890625 0.8380541265625 0.6056851984375 0.8360527031249999 0.623779553125 0.8345043828125001 0.63539723125 0.8324117765624999 0.652193425 0.83443015 0.667240159375 0.831774696875 0.6800504046875 0.8299026968750001 0.6916340625 0.827474028125 0.7022865859375 0.8283399375 0.7189574265625 0.8289605 0.72862150625 0.8277812156250001 0.7398416484375
0 0.9545893453125001 0.782188753125 0.956366 0.78630229375 0.9614021765625 0.77341503125 0.963282425 0.7601960812499999 0.9671094203124999 0.7494723671875 0.9671975703125 0.741628028125 0.963052034375 0.7320297890624999 0.9623686031249999 0.71985030625 0.9685505578125 0.7077379406250001 0.96937161875 0.702261271875 0.9696592234375 0.6901838546875 0.9787203265625 0.67870134375 0.974814090625 0.6764936203125 0.9676398109375001 0.6860448031249999 0.96522146875 0.6903718999999999 0.9650065343750001 0.7040931140625 0.9626948609375001 0.7097403546875001 0.9576494171875 0.7180453609375 0.9570602859375 0.735326825 0.96328861875 0.746125690625 0.9590193921875001 0.7610569578125 0.957139125 0.77427590625 0.9545893453125001 0.782188753125
0 0.9443499796875001 0.82823419375 0.9468641984374999 0.8370065406249999 0.9454261828125 0.8460179140624999 0.9367794890625 0.8395461359375 0.9315175765625 0.8265582125 0.9289940890624999 0.8132036390625 0.9273535031250001 0.807795475 0.921790065625 0.8000115921875001 0.92387905625 0.7871418109375 0.9196004656250001 0.79016000625 0.91582768125 0.800693859375 0.9218426187500001 0.8088524250000001 0.9244882765625 0.8140389984375 0.9259247546875 0.8213891203125 0.9276086250000001 0.83105586875 0.9310212109375 0.8382864578125 0.9369001000000001 0.8477396515625 0.9437021015625 0.8507452078125001 0.9446143906250001 0.856076825 0.9461189031250001 0.8627796296874999 0.9490119531250001 0.8702828546875001 0.9528033703125001 0.8762443093750001 0.9586049531249999 0.8817625843749999 0.962415215625 0.8837992265624999 0.9630615546874999 0.877649715625 0.955561909375 0.8686806328125 0.9504499703124999 0.8612714468749999 0.9499458953125 0.8520559390625 0.9522436484375 0.8395353171875 0.94715180625 0.8249291015625 0.9443499796875001 0.82823419375
0 0.9348408687499999 1 0.9336532 0.9959941765625 0.93120238125 0.9842834093749999 0.9303828609375 0.9733985546874999 0.9283108734375001 0.960418665625 0.9298803453125 0.947821521875 0.9323327062500001 0.943170771875 0.9298772515625 0.9291688796875001 0.93278113125 0.924892815625 0.9298648921874999 0.9059339890624999 0.9257739390624999 0.906596153125 0.9272269609375 0.9216911828125 0.9254781484375 0.9313243812499999 0.9269238937500001 0.9432567390625 0.9238251749999999 0.954057021875 0.9225912656249999 0.9611264500000001 0.9248085921874999 0.9773939515625001 0.9265697875000001 0.9909956328125 0.9291781078125 1 0.9348408687499999 1
0 0.8442623359375 0.994125175 0.8483846640625 0.9922678234375001 0.8473517656249999 0.9787426890625 0.8499309281249999 0.968215053125 0.8557000359375 0.9576954625 0.8648245187500001 0.943274503125 0.8717486718749999 0.938112059375 0.872419759375 0.927056659375 0.8720458484375 0.918542225 0.8682974328125 0.9289140093749999 0.867165553125 0.9350125140625 0.86211084375 0.9387352515625 0.857274125 0.947389428125 0.8523647515624999 0.954399815625 0.8485671359375001 0.9625087625000001 0.8455612078125 0.9677557765625 0.8437056890625 0.976068821875 0.8442143968750001 0.9875754640625001 0.8442623359375 0.994125175
1 0.6788850140625 0.5917925703125 0.678116271875 0.606113584375 0.684328321875 0.6427710249999999 0.6964079812499999 0.665643365625 0.706633434375 0.6804652875 0.7111353765625 0.6773380078125 0.7291246671875 0.6556621578125 0.755964946875 0.6034944515625 0.709226175 0.5903991609375 0.6943811531249999 0.5891662 0.6788850140625 0.5917925703125
1 0.7603878296875 0.8019842203125 0.771164009375 0.79755250625 0.785499078125 0.7522532953125001 0.7905874609375 0.713183125 0.7768249703125 0.7156643953125 0.755880021875 0.7677970984375 0.753793496875 0.7993272453125 0.7603878296875 0.8019842203125
1 0.6783468218750001 0.772085959375 0.6575090125 0.7741508984375 0.6462997328125 0.7873745671875 0.646672334375 0.8001789703125001 0.64896888125 0.8040208 0.67663751875 0.8187121921875 0.6828483234375 0.820346915625 0.6857959874999999 0.8203294124999999 0.6882194 0.8182929265625001 0.6955639953125 0.7974621578125001 0.696171846875 0.7893431984375 0.68719905625 0.7766168203125 0.6783468218750001 0.772085959375
1 0.801991659375 0.693433665625 0.8040315437500001 0.6903749265625 0.8087750437500001 0.65225045 0.8062592343749999 0.6084532796875 0.8046616906249999 0.6073034296875 0.798460125 0.6102520703125001 0.794278278125 0.6173407609375 0.7993888765625 0.692505475 0.801991659375 0.693433665625
2 0.8581296546875 0.586738028125 0.8622959546875 0.5891398062500001 0.8656565531249999 0.5875291359375 0.86966365 0.5797674515625 0.8718938312500001 0.5678912390625 0.8651402953125 0.5550708 0.85480476875 0.5716594421875001 0.85409021875 0.5784579328125 0.8581296546875 0.586738028125
