2 0.6159558078125 0.8040516171875 0.6171161578125 0.8087185421875001 0.6106936468749999 0.83014560625 0.61061120625 0.847484553125 0.6075402171875 0.8667756046875 0.6080460671875 0.8770289828125 0.6031602265625 0.8972395625 0.604943146875 0.9039995187500001 0.607597771875 0.9076903906249999 0.607263846875 0.91333336875 0.608702378125 0.9182972515625 0.610201884375 0.9210407234375 0.6143269703125 0.92201599375 0.614912378125 0.9280689828125 0.6164118859375 0.9308124546875 0.6401902125000001 0.9290554500000001 0.6427733953125 0.92752768125 0.649296928125 0.8867816906250001 0.658045371875 0.8784080015625 0.6653709796875 0.8762290078125 0.6705797421875 0.8729330359375 0.673255834375 0.8615053734375 0.6729062124999999 0.8559897734374999 0.7421885406250001 0.6674015390625 0.743307034375 0.64231225625 0.74654995 0.638917559375 0.7517825265625 0.6373611359375 0.753059596875 0.6338677140625 0.75690126875 0.6308265015625001 0.7574709796875 0.6257209125000001 0.75958259375 0.6231183640625 0.7596197546875 0.61915840625 0.75708708125 0.6110267140625 0.756059146875 0.6093580203125 0.7497510093749999 0.6057666562499999 0.750151140625 0.60162279375 0.740298090625 0.5993896203125 0.7357385937500001 0.5933796140625 0.7330787375 0.5859692171875001 0.7305751093749999 0.583296596875 0.724556153125 0.5574446046875 0.7200523999999999 0.5454946609375 0.7171805703125 0.539286421875 0.7129654624999999 0.5350724875 0.7119137140625 0.5316642468749999 0.7137181015625 0.5233056687500001 0.7175359609374999 0.5185249078124999 0.7211551968750001 0.5092468015625 0.7260433843749999 0.505894303125 0.725759971875 0.5018778203125 0.7278530015625 0.50125525 0.7332075296875 0.49525800625 0.737605565625 0.49281070781249997 0.7457314390625001 0.4823439890625 0.7511574078125001 0.48156538437499996 0.754871896875 0.47924546718750005 0.759490021875 0.46617698125 0.7645030453125 0.44524510624999997 0.7670624171875 0.4419777890625 0.7675473390625001 0.4373530625 0.77143140625 0.43407141875 0.77433805 0.41946161875000004 0.7583202796874999 0.3940777265625 0.7627612453125 0.361393359375 0.757462996875 0.331454028125 0.7589044125 0.3232793546875 0.7571029109375 0.318499378125 0.7605154062499999 0.3141429546875 0.7612785078125001 0.3098151859375 0.7575959484375 0.3044556203125 0.75718011875 0.29744090624999997 0.7538181359375 0.2921378671875 0.7446672125 0.2877973359375 0.7423755578125 0.283922559375 0.737614553125 0.2865537625 0.735460546875 0.2893967421875 0.7302622484375 0.300131765625 0.7260256734375 0.3110363671875 0.725498359375 0.315901525 0.7200032968750001 0.32831956875 0.717891684375 0.33092211875 0.714280565625 0.33078119375 0.7117397765625 0.33206853281250004 0.706687240625 0.3401022828125 0.7027578937500001 0.3567629140625 0.7000103625 0.3629719359375 0.650737940625 0.6049177421875 0.64531431875 0.6225544281250001 0.6416736171874999 0.6469510703125 0.6261949015625 0.7009924328125 0.6267083328124999 0.7318234171875 0.6242389828125 0.7383293984375 0.6211865734375001 0.7556404718749999 0.6206697218749999 0.76794468125 0.6163692890625 0.79420825 0.6159558078125 0.8040516171875
2 0.459465484375 0.2856025125 0.46580555468749996 0.28151439375 0.4685054578125 0.271826278125 0.48522589062500004 0.26510617187499996 0.48872317499999995 0.2602688859375 0.49160835468749997 0.26077762187500003 0.49342320468749995 0.25985809375 0.496146921875 0.25190952499999997 0.500412540625 0.2464639953125 0.5070546046875 0.24441238125 0.5096139749999999 0.2411450640625 0.5198247625 0.23947480468750001 0.5244585828125 0.23756489687500001 0.5266973796875 0.23424105312500001 0.5359597890625001 0.2267017125 0.5378756609375 0.20646325937499999 0.5363471093750001 0.1982607140625 0.532725525 0.1906807390625 0.5325640625 0.182223434375 0.5290696640625 0.1739221640625 0.51234165 0.1600646609375 0.5079465 0.1493734015625 0.484213453125 0.13775141875000002 0.4682166109375 0.1272456296875 0.4640305484375 0.1284907703125 0.4621971171875 0.131390275 0.44877480781249995 0.1587723875 0.44498599375000003 0.16901222031250002 0.43092253124999996 0.196281278125 0.427234203125 0.2171988265625 0.41929360625 0.237862396875 0.4170995515625 0.25780389062500003 0.4099429859375 0.28901779843750003 0.4107217859375 0.2958486078125 0.41752530937500004 0.302254296875 0.43268237656249997 0.30814968593750003 0.440328559375 0.30602721875 0.4459426875 0.30230690937500004 0.45139535625000005 0.290129296875 0.45423290781250003 0.2871589375 0.459465484375 0.2856025125
2 0.22232613906249998 0 0.13555475781249998 0.21237436562499998 0.13312257031250002 0.2149203875 0.12424405937500001 0.237153928125 0.1234385625 0.241722128125 0.1249909296875 0.2516642203125 0.1216736875 0.26297883125 0.11854460625 0.2713517390625 0.111083696875 0.2836710578125 0.1055752875 0.30178860625000004 0.102695340625 0.3049993984375 0.0979871953125 0.3148292203125 0.082535178125 0.35747157343749997 0.081287153125 0.36642406875 0.0940439625 0.36718599687500003 0.0964813828125 0.3683595 0.0982590703125 0.3713999296875 0.0981795140625 0.37560031875 0.09675144687500001 0.3780754875 0.08557081562499999 0.3889952 0.0840579609375 0.39195123125000003 0.08427516562500001 0.3944686 0.087801496875 0.3950903875 0.096621378125 0.3919353390625 0.10437904843750001 0.3779329984375 0.1105257265625 0.373067059375 0.1183600703125 0.3680028859375 0.1241490078125 0.3670403765625 0.128825225 0.36489003750000004 0.1301446875 0.361156184375 0.127932590625 0.35308101718749996 0.119653371875 0.345671403125 0.11721072031249999 0.3407783734375 0.118350140625 0.3305671953125 0.12498173906250001 0.321076528125 0.12578723593750002 0.31650832812499996 0.129986646875 0.309563684375 0.1382739828125 0.30755426875 0.13998022968749999 0.3053760578125 0.1437185328125 0.3047956859375 0.1479655703125 0.30133013750000004 0.1465084578125 0.2983462328125 0.14761071718750002 0.29209501250000003 0.1568493125 0.282816121875 0.1599255359375 0.2672445953125 0.156907940625 0.2637376296875 0.1552336234375 0.2582363578125 0.1572923765625 0.2484351890625 0.1603657140625 0.24600221875 0.174526778125 0.24254943125 0.178773815625 0.23908388125000002 0.1862504203125 0.2379231390625 0.1922884953125 0.23179851562499998 0.2009626140625 0.231344740625 0.20065538593749999 0.22558871093750002 0.21112342499999998 0.2093373046875 0.21456784999999998 0.1973013984375 0.2142844375 0.193284915625 0.20662255625 0.18424880625 0.20672069531249998 0.1780684375 0.21678336874999998 0.16224137031250002 0.21910460625 0.14157858125 0.2243214875 0.1288635796875 0.2286933609375 0.10781865312500001 0.23336434375 0.1019487875 0.23521635624999998 0.0970693015625 0.24001975625 0.0941976671875 0.2431964640625 0.08930385625000001 0.250238659375 0.08310837812500001 0.254136075 0.074127228125 0.259201959375 0.060393975 0.262381553125 0.04236160625 0.2655530296875 0.03374826875 0.2640244765625 0.025545721875 0.2646551625 0.018219723437499998 0.2707675625 0.004175184375 0.2717615640625 0 0.22232613906249998 0
2 0.2903280359375 0 0.27918756718750004 0.020063743749999998 0.2479758859375 0.039646971875 0.2314027671875 0.06501433125 0.208588753125 0.1015576 0.14997598437499998 0.1675508875 0.1360785109375 0.2302195765625 0.172464990625 0.25798598125 0.2104317015625 0.2646805359375 0.243685815625 0.1931483453125 0.2791309703125 0.1737776015625 0.3139996046875 0.1697845078125 0.3238292375 0.1261478015625 0.34010544375 0.0863165203125 0.350431503125 0.0358284328125 0.36231183125 0 0.2903280359375 0
2 0.4985965765625 0 0.5049353046875 0.0397034234375 0.5907669359375001 0.0575065734375 0.6785608609375 0.031887271875 0.6564784 0.0198780578125 0.544649184375 0.00015955 0.5431381843749999 0 0.4985965765625 0
2 0.36615556250000003 0.7847957828125 0.3685081921875 0.7864501500000001 0.372675675 0.7871849890625 0.3797045203125 0.786689015625 0.3930972484375 0.7838444703125 0.4024920734375 0.779303359375 0.5177197265625 0.7631787906249999 0.5184270859375 0.764790959375 0.5228913281249999 0.7638427765625 0.5248809890625 0.7656810484375 0.5301611937499999 0.76760371875 0.5322701890625 0.7631414078125001 0.5369252078125 0.761111284375 0.5419458125000001 0.7607570171875 0.545787484375 0.7577158046875 0.5561707359375 0.7419452625 0.5583061609375 0.7410822625 0.5600971968749999 0.7384231875 0.56149621875 0.7304889453125 0.560571653125 0.726359409375 0.56191493125 0.724365103125 0.5632053499999999 0.7151721765625 0.561393384375 0.7029531484375 0.5588897562499999 0.700280528125 0.5566166828125 0.6944257734375 0.5550985953125 0.6936622796874999 0.5032396984374999 0.6765851359374999 0.48058535156250004 0.6723426578125 0.47609415625 0.6693195765625 0.45341285625000005 0.661105834375 0.441853559375 0.6610508734375 0.437346921875 0.6622394859375 0.4287337796875 0.66047285 0.42625396562500006 0.659539778125 0.421567284375 0.654251065625 0.4121805765625 0.649373146875 0.4046377625 0.649034771875 0.3970339734375 0.650916809375 0.392127203125 0.6562492843750001 0.38710659999999997 0.6566035515624999 0.3830396046875 0.6665464265625001 0.38509547187500004 0.6698838140625 0.3850344984375 0.672104225 0.3759892921875 0.6821609343749999 0.3725053578125 0.681298715625 0.3713450078125 0.676631790625 0.36769149375 0.6767312984375 0.3676119375 0.6809316875 0.3632324828125 0.68139900625 0.3595603890625 0.6834784921875 0.35070857499999997 0.6943130234375 0.346310540625 0.696760321875 0.3427284671875 0.7020784703125 0.332933509375 0.71076344375 0.32389353593750003 0.7245396796875 0.31856805312500003 0.7359959984375 0.3148111703125 0.7385563484375 0.3114091390625 0.750351821875 0.306327559375 0.7529264999999999 0.3060546109375 0.7563490671875 0.3146253578125 0.7583561359375001 0.32593551875000004 0.7635732109375 0.3275674421875 0.769314915625 0.3387080265625 0.7754937171875 0.3413626515625 0.7791845890625 0.355213603125 0.7831143265625 0.36615556250000003 0.7847957828125
2 0 0.5641277296875 0.0039585093750000005 0.561278634375 0.0066450640625 0.557290021875 0.0110007046875 0.55508315625 0.013409078125000001 0.5507975875 0.0175713265625 0.5478129 0.0176084875 0.5438529421875 0.021322978125 0.541533025 0.027586375000000003 0.5285067375 0.0494708296875 0.5018730109375 0.048927815624999996 0.49557959062499995 0.054899682812499996 0.4879558515625 0.05780344375 0.48648460781249997 0.0600370078125 0.4794412375 0.062874559375 0.47647087812500005 0.0659560140625 0.464618878125 0.0691141421875 0.46170504531249995 0.0693394640625 0.45480338124999997 0.07212415625 0.44463440312499997 0.0715863765625 0.4420605078125 0.064994825 0.4344526609375 0.0613598921875 0.4325721890625 0.0582336953125 0.4278065390625 0.052794375000000004 0.434284646875 0.0400556109375 0.4615393796875 0.035191235937499996 0.4666314234375 0.025340534375 0.481256334375 0.001386325 0.5402488171875001 0 0.544664103125 0 0.5641277296875
0 0.443756115625 0.3053139625 0.43074315937499996 0.3057478921875 0.42845560625 0.311427178125 0.41987205000000005 0.3605231109375 0.40031016406250003 0.40497389687499996 0.3783476421875 0.43323698593750004 0.37535687812499996 0.4433205453125 0.39894299218749996 0.43565574218750003 0.4096424890625 0.4254157375 0.42588604218750004 0.399782275 0.43214941093750003 0.3757241265625 0.4370584015625 0.3547617609375 0.443756115625 0.3053139625
0 0.1406126953125 0.83835773125 0.13641457343750002 0.8621664671874999 0.1326900078125 0.8939597484374999 0.149965303125 0.8984166859375 0.1652346234375 0.8779709375 0.171706834375 0.8455336718750001 0.178528778125 0.819648025 0.1781941703125 0.80660886875 0.16262070625 0.8124329875 0.1406126953125 0.83835773125
0 0.16895624375 0.7245609625 0.1650385296875 0.7233056796875 0.1609277515625 0.7231453234375 0.1495427015625 0.738632371875 0.1379858203125 0.75296065 0.129459709375 0.7607688984375 0.1252708421875 0.7738567984375 0.1219413 0.7927395734375 0.1344994140625 0.79834006875 0.1478899484375 0.7736126421875 0.15911832812499999 0.7504790453125 0.1681903015625 0.7331733 0.16895624375 0.7245609625
2 1 0.3279618359375 0.999689034375 0.32805433281249996 0.9835273093750001 0.35222643593749997 0.9788749062500001 0.3561163234375 0.977833625 0.360147134375 0.97482649375 0.3640792203125 0.9658236828125 0.3738954984375 0.9600161640625 0.3768379859375 0.9539223453125001 0.388902546875 0.95084900625 0.391335515625 0.946329021875 0.39822363437499997 0.9403304562500001 0.417246384375 0.9349387671875 0.4272035859375 0.9346896296875 0.4323657015625 0.9325356250000001 0.43520868124999995 0.9263489 0.4571731359375 0.8980298609374999 0.5877847921875 0.89638170625 0.60088115 0.8966041421875 0.60711804375 0.8992349546874999 0.60906936875 0.901192684375 0.6185871234375 0.90724645625 0.623621078125 0.9066291171874999 0.625247571875 0.910952828125 0.6307201906250001 0.9233939 0.6370219515625 0.9227397937499999 0.6407315703124999 0.9202228171875 0.6437584562499999 0.9216799296874999 0.646742359375 0.9214069828125 0.6501649281249999 0.9189509812500001 0.650971403125 0.9166697906250001 0.654535678125 0.9159305015625 0.66060299375 0.912385590625 0.6619611859375001 0.910787946875 0.66539808125 0.9143195078125 0.66973939375 0.9121469203125001 0.674562353125 0.917342334375 0.6769658859375001 0.9178377203125001 0.6797802109375 0.9135297078125 0.685466171875 0.9090654656250001 0.686414353125 0.9078069765624999 0.687927796875 0.907830790625 0.6896673437499999 0.91249365625 0.6932165078125 0.910448253125 0.697318171875 0.907181521875 0.6989733218749999 0.9032922234375 0.698535440625 0.9017979484374999 0.69951149375 0.9030854828124999 0.7034571234375 0.9024124 0.7110235546875 0.89840115 0.71502649375 0.9000144921875 0.7227481765625 0.8976485109375 0.7267933140625 0.8991718328125 0.7312763343750001 0.8964266500000001 0.7543434390625 0.908830953125 0.762728325 0.9046501250000001 0.7676929890624999 0.9051373921874999 0.7799263453124999 0.9071984953125 0.786983259375 0.9255851296875001 0.7951834578125 0.9248696531249999 0.8029903203125001 0.92946108125 0.8013208437499999 0.9306771749999999 0.8000478328125 0.9304361562500001 0.7957909171875001 0.9376293468749999 0.7906136921875 0.9421412171875 0.7931446046875 0.9470294046875001 0.78979210625 0.9483488703124999 0.786058253125 0.9461234218750001 0.7836825921874999 0.9478296703125 0.78150438125 0.9518461546875001 0.7812209671875 0.9565833453125 0.7768502171875 0.9548428203125001 0.7698498296875 0.9604203218749999 0.740092840625 0.9620603624999999 0.7364155140624999 0.9630807171875 0.7175065984375 0.9663422140625 0.7121319234375 0.9673544515625 0.7026420390625 0.9695694343750001 0.69757865 0.9733449000000001 0.693038321875 0.9809759234375001 0.6497606375 0.9788166828125 0.648884090625 0.977081390625 0.6456032296875 0.97722715625 0.64290195625 0.9812145937500001 0.6371594703125 0.9831804406250001 0.6372581953124999 1 0.5418697328125 1 0.3279618359375
3 1 0.3279618359375 0.999689034375 0.32805433281249996 0.9835273093750001 0.35222643593749997 0.9788749062500001 0.3561163234375 0.977833625 0.360147134375 0.97482649375 0.3640792203125 0.9658236828125 0.3738954984375 0.9600161640625 0.3768379859375 0.9539223453125001 0.388902546875 0.95084900625 0.391335515625 0.946329021875 0.39822363437499997 0.9403304562500001 0.417246384375 0.9349387671875 0.4272035859375 0.9346896296875 0.4323657015625 0.9325356250000001 0.43520868124999995 0.9263489 0.4571731359375 0.8980298609374999 0.5877847921875 0.89638170625 0.60088115 0.8966041421875 0.60711804375 0.8992349546874999 0.60906936875 0.901192684375 0.6185871234375 0.90724645625 0.623621078125 0.9066291171874999 0.625247571875 0.910952828125 0.6307201906250001 0.9233939 0.6370219515625 0.9227397937499999 0.6407315703124999 0.9202228171875 0.6437584562499999 0.9216799296874999 0.646742359375 0.9214069828125 0.6501649281249999 0.9189509812500001 0.650971403125 0.9166697906250001 0.654535678125 0.9159305015625 0.66060299375 0.912385590625 0.6619611859375001 0.910787946875 0.66539808125 0.9143195078125 0.66973939375 0.9121469203125001 0.674562353125 0.917342334375 0.6769658859375001 0.9178377203125001 0.6797802109375 0.9135297078125 0.685466171875 0.9090654656250001 0.686414353125 0.9078069765624999 0.687927796875 0.907830790625 0.6896673437499999 0.91249365625 0.6932165078125 0.910448253125 0.697318171875 0.907181521875 0.6989733218749999 0.9032922234375 0.698535440625 0.9017979484374999 0.69951149375 0.9030854828124999 0.7034571234375 0.9024124 0.7110235546875 0.89840115 0.71502649375 0.9000144921875 0.7227481765625 0.8976485109375 0.7267933140625 0.8991718328125 0.7312763343750001 0.8964266500000001 0.7543434390625 0.908830953125 0.762728325 0.9046501250000001 0.7676929890624999 0.9051373921874999 0.7799263453124999 0.9071984953125 0.786983259375 0.9255851296875001 0.7951834578125 0.9248696531249999 0.8029903203125001 0.92946108125 0.8013208437499999 0.9306771749999999 0.8000478328125 0.9304361562500001 0.7957909171875001 0.9376293468749999 0.7906136921875 0.9421412171875 0.7931446046875 0.9470294046875001 0.78979210625 0.9483488703124999 0.786058253125 0.9461234218750001 0.7836825921874999 0.9478296703125 0.78150438125 0.9518461546875001 0.7812209671875 0.9565833453125 0.7768502171875 0.9548428203125001 0.7698498296875 0.9604203218749999 0.740092840625 0.9620603624999999 0.7364155140624999 0.9630807171875 0.7175065984375 0.9663422140625 0.7121319234375 0.9673544515625 0.7026420390625 0.9695694343750001 0.69757865 0.9733449000000001 0.693038321875 0.9809759234375001 0.6497606375 0.9788166828125 0.648884090625 0.977081390625 0.6456032296875 0.97722715625 0.64290195625 0.9812145937500001 0.6371594703125 0.9831804406250001 0.6372581953124999 1 0.5418697328125 1 0.3279618359375
