1 0.68131660625 0.2588905390625 0.4748656953125 0.24203839062500002 0.415800190625 0.241297834375 0.4152565453125 0.24516606875 0.421890478125 0.2523440859375 0.4537450359375 0.2818036640625 0.49564828906249997 0.3169488546875 0.5272741562500001 0.3217223 0.5390901328125 0.3200957296875 0.6290841 0.29724180625 0.6800332890624999 0.27153025625 0.6860917843750001 0.263506284375 0.68131660625 0.2588905390625
3 0.05781416406249999 0.45889290781250003 0.0555036734375 0.4753329046875 0.0597818109375 0.49927327187500004 0.0668082328125 0.501904371875 0.08009004374999999 0.5021274078125 0.10488904218749999 0.3590035984375 0.1008992734375 0.35055359531249997 0.088690375 0.35146750625 0.08409728125 0.35608150625 0.0690516625 0.4052472890625 0.05781416406249999 0.45889290781250003
3 0 0.9335455578125 0.0080958828125 0.9354524515625 0.010649006249999999 0.929565590625 0.0515469484375 0.684171409375 0.057919529687500006 0.637073909375 0.0572090484375 0.6333581374999999 0.045120815625 0.631659246875 0.03185425 0.633081953125 0.028651193749999998 0.6365764328125 0 0.7756006421875 0 0.9335455578125
3 0.22022125781250002 0.31900137968750003 0.21242423906250002 0.3165907 0.20431009375000003 0.316436490625 0.20089533125 0.317928896875 0.177180584375 0.41649917968750005 0.1635123625 0.49445717499999997 0.163665690625 0.5214337578125 0.185893228125 0.5281735515625 0.1944455984375 0.5287180703125001 0.197225675 0.526479025 0.1995217875 0.5189124453125 0.23214439062499997 0.3341545828125 0.232249809375 0.329896040625 0.2306175734375 0.3257220046875 0.22022125781250002 0.31900137968750003
3 0.1428830453125 0.6289628375 0.13952883124999998 0.6317786328125 0.1370362578125 0.6389888828125 0.09495955 0.8822450796875 0.0854601421875 0.9410657703125 0.08860351718750001 0.9467670609375001 0.11568115937500001 0.9505725765624999 0.11974542031249999 0.9462129718750001 0.174481025 0.6620022765625 0.177078584375 0.645273903125 0.1760649203125 0.6296816078125 0.1726950265625 0.6255920796875001 0.154200246875 0.62562256875 0.1428830453125 0.6289628375
3 0.5524328749999999 0.5093412796875 0.42834705156249997 0.49058727500000004 0.3229982078125 0.4770963390625 0.319538575 0.48417067812500003 0.2718886390625 0.7565571234374999 0.2667388234375 0.7896915140625 0.26849259375 0.8017719078125 0.27107664374999996 0.8044361109375 0.49282101406249995 0.84579056875 0.49673455312500003 0.846011859375 0.5054223999999999 0.8403297375 0.50851916875 0.83057464375 0.5452761859375 0.576051775 0.5522224703124999 0.5231179453125 0.5524328749999999 0.5093412796875
0 0.246055753125 0.2909059703125 0.2600233234375 0.2857328125 0.26979583281249997 0.28635506875 0.2745788234375 0.29040757031250003 0.2802592421875 0.2900791421875 0.2874593703125 0.2929689921875 0.29617860937499996 0.29306762656249996 0.3032920765625 0.29256501562500004 0.296885853125 0.286030865625 0.2880113265625 0.2870371515625 0.2846270328125 0.285059178125 0.2766847890625 0.28544531093750003 0.27260959218749997 0.2803655234375 0.2658933390625 0.28205073281250004 0.261231309375 0.2791420078125 0.25354845 0.2836960671875 0.248368771875 0.284470453125 0.2407028 0.284895428125 0.2337958125 0.277915315625 0.2294449125 0.2788061796875 0.22780426562499997 0.2744441421875 0.22131250468750002 0.2765364828125 0.220949615625 0.2731051859375 0.214664903125 0.2737242859375 0.2097958234375 0.27228880312500003 0.20010171406250002 0.27470809375 0.207240859375 0.27643678125000004 0.212058196875 0.2782405734375 0.2161328453125 0.27731088593750003 0.21594323124999998 0.28066451875 0.2209158375 0.281363371875 0.22543948593750002 0.28124795156250004 0.23067147656250003 0.2861147328125 0.237491803125 0.2897023859375 0.246055753125 0.2909059703125
0 0.34155277968750003 0.288928096875 0.34780314218749997 0.29055770625 0.3540192 0.294436015625 0.3610291421875 0.2946700203125 0.3593367328125 0.2906762890625 0.3510141375 0.28575074843750004 0.34144868125 0.283655246875 0.334317778125 0.28227746875 0.3280156296875 0.2810161765625 0.3243376484375 0.2771189734375 0.314030075 0.27829945624999997 0.306588590625 0.27913156250000004 0.2993715984375 0.2803708 0.2956075265625 0.27909063125 0.291342715625 0.27736447656249996 0.28747511875 0.2768209203125 0.28038003125 0.2798856765625 0.289461240625 0.28273386718750004 0.29521086093750004 0.28391752187499997 0.3021864984375 0.28640022656249997 0.3103532109375 0.286421221875 0.3167932109375 0.2846971875 0.3231988625 0.2852218609375 0.3285169421875 0.287471625 0.33531983125 0.289178871875 0.34155277968750003 0.288928096875
1 0.23614024687500001 0.1315035140625 0.2288292671875 0.1626092890625 0.220954765625 0.2033019703125 0.2489022546875 0.2080134796875 0.258582315625 0.2088514296875 0.263550534375 0.1693177671875 0.2670065734375 0.1405439265625 0.255031490625 0.128149846875 0.24566181406249998 0.1224042125 0.23614024687500001 0.1315035140625
0 1 0.42879977968749994 0.9903786140624999 0.42580565000000004 0.977466390625 0.424204546875 0.9673372640625001 0.410403190625 0.9643395140625 0.4366702015625 0.9691413796875 0.44012172656250004 0.9875728765625 0.4514692921875 1 0.45390005312500004 1 0.42879977968749994
3 0.7031058265625 0.29621075 0.711742165625 0.3006084578125 0.7193172328124999 0.304061046875 0.7316125875 0.3057890453125 0.7361671000000001 0.292499346875 0.7418925796875 0.2793742171875 0.7541694484375 0.27910965 0.755231984375 0.2927907609375 0.7530927937499999 0.3080118859375 0.7708221515625 0.3093096203125 0.7717897390624999 0.28755593125 0.7729964640625 0.27896963750000003 0.7790159515624999 0.27862164218749996 0.782967125 0.269625084375 0.7910358328125 0.26956508281249997 0.7910919046875 0.28191078125 0.8019784234375 0.2830427859375 0.802819653125 0.27918107187499996 0.8098813093749999 0.2714176578125 0.817437259375 0.26650966249999997 0.6931123375 0.2589867890625 0.68687405625 0.26726391718750003 0.68677264375 0.2664653875 0.6661636390625 0.2786810625 0.6245412421875 0.2987010296875 0.5855707921875 0.30834785625 0.546911615625 0.32002840625 0.5251941203125 0.3237421140625 0.666407140625 0.33642441875 0.6713283640625 0.331146140625 0.6637348078125 0.3257009921875 0.671034378125 0.318369009375 0.6953138609375 0.3197912984375 0.698587678125 0.307117609375 0.7031058265625 0.29621075
3 0 0.5077870796874999 0.06956941250000001 0.526282384375 0.0826878578125 0.54451084375 0.0946374390625 0.562010034375 0.11583218749999999 0.5649887625 0.137650765625 0.5725751109375 0.1374198296875 0.6013572765624999 0.135811775 0.6248609703125 0.231835125 0.614061475 0.24385371249999999 0.5406065734375 0.2009182515625 0.5294874578125001 0.1715413234375 0.5214038453125001 0.1398012234375 0.51807305625 0 0.5067177453125 0 0.5077870796874999
3 0.7299908015625001 0.511459740625 0.7815134703125 0.47251566718750004 0.26914329531250003 0.4207831265625 0.2643405015625 0.45648174687500004 0.7299908015625001 0.511459740625
3 1 0.49371980468750004 0.9222315999999999 0.48767442031249997 0.9209218390625 0.508708959375 0.93845875625 0.523093678125 0.9355486421875 0.5338597609375 0.9990726703125 0.5398074734375 1 0.5332091796875 1 0.49371980468750004
