3 0.10302734375 0.5901692703125 0.104736328125 0.587890625 0.105224609375 0.5797526046875 0.099609375 0.5520833328125 0.092041015625 0.5442708328125 0.084228515625 0.5419921875 0.075927734375 0.5419921875 0.071533203125 0.5436197921875 0.06591796875 0.548828125 0.063720703125 0.5553385421875 0.063232421875 0.5651041671875 0.064453125 0.5677083328125 0.094970703125 0.5921223953125 0.10302734375 0.5901692703125
1 0.44205055312499997 0.734060603125 0.2699251015625 0.7414992546875 0.4685528484375 0.7441027703125 0.46185754843750004 0.347426796875 0.2336588015625 0.3578409125 0.220547146875 0.5036384609375 0.24565458593749998 0.49917528125 0.253186809375 0.3801916109375 0.44065569531250004 0.37163715937499997 0.44205055312499997 0.734060603125
0 0.2847051296875 0.7532120359375 0.29728983593749997 0.7488728234375001 0.3126952765625 0.75002995 0.3235441703125 0.7471371421875 0.329619540625 0.749451375 0.3365628421875 0.746269290625 0.347628709375 0.7508977796875 0.3511003515625 0.7532120359375 0.3747509421875 0.7506085031249999 0.3827791171875 0.7532120359375 0.39992038750000003 0.7459800140625 0.41836350624999996 0.746269290625 0.43875941249999995 0.7485835468750001 0.45351391406249997 0.748004971875 0.45698553906250006 0.74308720625 0.4606741890625 0.7456907375 0.4691363125 0.7442443328125 0.4687023640625 0.73903726875 0.4632779171875 0.7413515359375 0.45850441093749994 0.737880140625 0.45264598125 0.73990513125 0.4459196875 0.74250863125 0.43376891406249996 0.7427979296875 0.43008029687500005 0.7413515359375 0.4112032296875 0.741640790625 0.399703396875 0.74077295 0.38408099687499997 0.746269290625 0.36976044531249996 0.744533609375 0.35327013125 0.7477156953125 0.3406854078125 0.74077295 0.3270158125 0.741640790625 0.3146480640625 0.7448228859375 0.3016293921875 0.7451121625 0.2944691328125 0.7422193546875 0.283186275 0.7442443328125 0.27081854375000003 0.74250863125 0.26365826718749996 0.741640790625 0.2506395953125 0.741930078125 0.2460937453125 0.748046875 0.2580168453125 0.7465585671875 0.2643092078125 0.7465585671875 0.27993160625 0.7503192265624999 0.2847051296875 0.7532120359375
0 0.27385623593749997 0.7830079515625 0.280365571875 0.780404440625 0.3107424734375 0.7801151421875 0.33092140468750003 0.781561546875 0.3356949265625 0.7789580359375 0.3519682671875 0.7775116328125 0.36064738125 0.7751973765625 0.3721472140625 0.7783794609375 0.3795244484375 0.775486653125 0.38885450312500003 0.776065228125 0.4007882859375 0.77259384375 0.416193728125 0.7746188234375 0.425306790625 0.77259384375 0.46197603750000005 0.7714367171875 0.45937230937500007 0.7685439078125 0.44309896875000004 0.7673868015624999 0.42313701249999996 0.7676760781249999 0.41597673593750006 0.7699903124999999 0.40469389375000003 0.767097503125 0.396448728125 0.7685439078125 0.3727981546875 0.7714367171875 0.3482796328125 0.7714367171875 0.2917949296875 0.7752303125 0.2493658921875 0.77310015 0.21776602031249997 0.7745202515625 0.2111002546875 0.7791521984374999 0.23002670625000002 0.7806937171875 0.24456422500000002 0.780404440625 0.2586677859375 0.783586525 0.27385623593749997 0.7830079515625
2 0.220703125 0.2639973953125 0.220947265625 0.2509765625 0.219482421875 0.23665364531250002 0.212890625 0.234375 0.189697265625 0.23209635468749998 0.142333984375 0.23958333281250002 0.134765625 0.24479166718749998 0.135498046875 0.2672526046875 0.14208984375 0.2692057296875 0.217529296875 0.2679036453125 0.220703125 0.2639973953125
3 0 0.23600260468749998 0.0016189203124999999 0.29089511562500003 0.13440935781250002 0.280481015625 0.142220590625 0.3130251109375 0.6182939984375 0.29480039687500004 0.6212231546875 0.25054045625 0.68206675625 0.2440316375 0.7162407703125 0.27816180625000003 0.9984236640624999 0.275559865625 0.999755859375 0.2247910546875 0.999755859375 0.201171875 0.999755859375 0.1083984375 0.349365234375 0.138671875 0.099365234375 0.1536458328125 0.00537109375 0.1614583328125 0 0.162109375 0 0.23600260468749998
1 0.095703125 0.1324869796875 0.07568359375 0.1331380203125 0.0732421875 0.1350911453125 0.07177734375 0.1393229171875 0.072265625 0.146484375 0.099853515625 0.150390625 0.099365234375 0.1373697921875 0.095703125 0.1324869796875
0 0.1032479546875 0.1168104453125 0.10495664843750001 0.10899985625 0.1091063609375 0.1067217796875 0.10861815 0.1008638328125 0.10886226562500001 0.0914260765625 0.11569705625 0.0767812328125 0.114232459375 0.0689706203125 0.1034920515625 0.0894734109375 0.10568895625000001 0.09858575625 0.0993423578125 0.10607090781249999 0.0988541453125 0.1129051625 0.0961690484375 0.1155086765625 0.09008788437500001 0.131103515625 0.095924953125 0.1343842625 0.099586453125 0.1233192640625 0.1032479546875 0.1168104453125
0 0.08445225468749999 0.0901242828125 0.0864050453125 0.08296459218749999 0.08811375625 0.0650653390625 0.0907988546875 0.071248709375 0.0903106421875 0.080686503125 0.0888460453125 0.0907751671875 0.08469635156250001 0.097934884375 0.08445225468749999 0.11127795781250001 0.0864050453125 0.1129051625 0.0888460453125 0.10411824218750002 0.0893342578125 0.0976094234375 0.0929957578125 0.0914260765625 0.09446035625 0.07808297812500001 0.094216259375 0.0670180046875 0.089578353125 0.056603865625000006 0.08127894687500001 0.0504204953125 0.08396404375 0.062461801562499995 0.0807907546875 0.091100615625 0.0768851375 0.10411824218750002 0.07224725 0.1155086765625 0.0715149421875 0.12852631406249998 0.07543944687500001 0.1298828125 0.0768851375 0.12559736562499998 0.0776174453125 0.11420693125 0.08127894687500001 0.1034673703125 0.08445225468749999 0.0901242828125
0 0.11218395156250001 0.10918515 0.11088208749999999 0.118152875 0.10871230937500001 0.1314597890625 0.1043727515625 0.14071676875 0.104220915625 0.1516203703125 0.1089292828125 0.1424524484375 0.1137027890625 0.131749065625 0.11565559375000001 0.120756384375 0.11218395156250001 0.10918515
0 0.659762603125 0.36502315625000004 0.6552990828125 0.3713459984375 0.660041590625 0.38882682968750004 0.658925721875 0.40370413125000004 0.663947175 0.42044109531249996 0.6586467328125 0.46321333593749997 0.6603205796875 0.47176778124999996 0.657251875 0.48515736093750006 0.6586467328125 0.5044978421875 0.6614364484374999 0.5178874359375001 0.6536252375 0.5071013875 0.654183171875 0.5182593625 0.6603205796875 0.5290454125 0.6575308640624999 0.5361121078125 0.659762603125 0.5502455546875 0.66729486875 0.5580561328125 0.66283130625 0.5409472421875 0.6647840984375 0.52495413125 0.667852803125 0.51565581875 0.6625523171875 0.495199528125 0.663389240625 0.47920644687499997 0.6659000109375001 0.4695362203125 0.6636682296874999 0.4598659515625 0.6686897265625 0.42341655312500004 0.6681317484375 0.4137463125 0.663947175 0.3996128796875 0.6653420328124999 0.38919877187499996 0.6625523171875 0.3743214703125 0.666736890625 0.36502315625000004 0.65948365625 0.3464265375 0.6527883140624999 0.3136964625 0.6502775875 0.309605203125 0.6516724453125 0.2846857203125 0.6491617187500001 0.2675768265625 0.6473911765625 0.2781808046875 0.6455350796875 0.3051420109375 0.6477668609375 0.3207631796875 0.6547411484375 0.34307913125 0.659762603125 0.36502315625000004
0 0.21089539375 0.175533525 0.22895878593750002 0.17748611718750001 0.23921098281250003 0.172279115625 0.2548334109375 0.170326425 0.2733849953125 0.1761843484375 0.289007425 0.17748611718750001 0.31000001093749996 0.170326425 0.33196901875 0.164468478125 0.344662253125 0.163166709375 0.36272564531249996 0.16251588749999998 0.37737165156249997 0.16707201562500001 0.3915294640625 0.16381760625 0.41398670312499997 0.159261478125 0.434491096875 0.161864965625 0.454507259375 0.156657890625 0.4794054984375 0.15861055625 0.483311115625 0.1852967546875 0.489169503125 0.15470525 0.5008862781250001 0.14949824843749998 0.5126031265625001 0.14949824843749998 0.5296901328125 0.1475455578125 0.5433597531250001 0.14168761093749999 0.5570293000000001 0.1481964296875 0.5570293000000001 0.1371314328125 0.5379895218749999 0.135178790625 0.5194379 0.1384332015625 0.495027890625 0.14168761093749999 0.4828228859375 0.1488473265625 0.4520662578125 0.1468946609375 0.4423022546875 0.1501490703125 0.41838047500000003 0.1488473265625 0.40519908437499996 0.1501490703125 0.38176546093749997 0.15470525 0.36126102968749996 0.1521017359375 0.3431976375 0.15340348125 0.3236696296875 0.155356146875 0.281684421875 0.16707201562500001 0.255809796875 0.1599123 0.23091159375 0.165770296875 0.19673758125000002 0.165770296875 0.17468260625 0.16780599062499998 0.1781859578125 0.1761843484375 0.1903909640625 0.175533525 0.21089539375 0.175533525
0 0.603727209375 0.0590256 0.6071446328125 0.0655344203125 0.6071446328125 0.0811555953125 0.614955828125 0.08896618437500001 0.6130030203125 0.098078515625 0.6134912124999999 0.1091435140625 0.609585634375 0.126066459375 0.6213024093749999 0.12541556250000002 0.6193496374999999 0.1071908734375 0.6222788312499999 0.09482410625 0.6213024093749999 0.086362646875 0.6130030203125 0.0733450078125 0.6144676359375 0.0655344203125 0.6110502125 0.055771190625 0.6130030203125 0.0486115 0.6086092109375 0.0297359140625 0.60226263125 0.0089077109375 0.6003098234375 0.023877990625 0.6047036328125001 0.0401500390625 0.603727209375 0.0590256
0 0.9536701437499999 0.1164645375 0.928771940625 0.1164645375 0.902897315625 0.11190835937500002 0.8994799296875 0.1164645375 0.934630328125 0.12687866406249998 0.95318195 0.1281804078125 0.9829621546875 0.156819271875 0.9824739625 0.1665825015625 0.9922379296875 0.15421568593749999 0.9731981515625 0.135990996875 0.9844267703125 0.1353401234375 0.995167159375 0.135990996875 0.9995609312499999 0.1314348171875 0.998657215625 0.11653645937499998 0.989308771875 0.12883130468749998 0.9780801531250001 0.1262277671875 0.9688043421874999 0.12883130468749998 0.9536701437499999 0.1164645375
0 0.8594474921874999 0.1197189484375 0.8736053046875 0.138594534375 0.877510921875 0.14965953125 0.8745816906250001 0.1581209921875 0.8853221171874999 0.17048773281250001 0.8911805046874999 0.1932686015625 0.9009445078124999 0.1978247796875 0.8921569265624999 0.176996553125 0.8906923109375 0.1665825015625 0.8843456937499999 0.1574700953125 0.8843456937499999 0.14184894374999998 0.8823929234375001 0.1346892265625 0.8985035078125 0.1314348171875 0.903442371875 0.12141927187499998 0.894597928125 0.1236242546875 0.877022690625 0.12883130468749998 0.8623766859374999 0.11516276875 0.8594474921874999 0.1197189484375
0 0.6412082406249999 0.1691859890625 0.6509722453125 0.1620262734375 0.6700120593750001 0.151612171875 0.678799640625 0.1431507125 0.719320271875 0.14184894374999998 0.7534942859375 0.1431507125 0.774486871875 0.1372928140625 0.7720458703124999 0.1294821765625 0.742265665625 0.135990996875 0.728107853125 0.1307839953125 0.705162459375 0.1340384046875 0.6841698359375 0.135990996875 0.6665946359375 0.138594534375 0.654418934375 0.1295572921875 0.65438963125 0.140547225 0.66561825 0.14445245625 0.6441374343749999 0.15421568593749999 0.6412082406249999 0.1691859890625
0 0.0546498515625 0.0751051921875 0.048791426562500004 0.0809631390625 0.05709085312499999 0.08747195937499999 0.0649020484375 0.0718507828125 0.06734305 0.056229606249999994 0.068807665625 0.0354013796875 0.06978405 0.023685509375 0.077107053125 0.0113187671875 0.0756424375 0.0015555390625 0.06542967656250001 0.0050455734375 0.0609964328125 0.0327978671875 0.0619728546875 0.051022606250000005 0.0575790453125 0.0679454765625 0.0546498515625 0.0751051921875
0 0.053116987500000004 0.2776184859375 0.08110712656249999 0.27675060625 0.0957531328125 0.27588276093749997 0.09672954375000001 0.2685061109375 0.0882673859375 0.26633650468750003 0.0788288703125 0.27067571875 0.0638573765625 0.27067571875 0.054744321875 0.2689400265625 0.045956703125 0.271977478125 0.0313106984375 0.267638265625 0.043352984375 0.26633650468750003 0.063531915625 0.2637329671875 0.07459779062500001 0.2554884734375 0.06841391718749999 0.25375278125 0.056046193749999994 0.2598276859375 0.0456312421875 0.2593937546875 0.029683364062500002 0.2624312078125 0.021546693750000002 0.25809199375 0.0075516375 0.2619972921875 0.000065890625 0.2593937546875 0.001693225 0.27067571875 0.0195938984375 0.267638265625 0.02707964375 0.2702417875 0.034890851562500005 0.2754488796875 0.053116987500000004 0.2776184859375
0 0.7153140515625 0.22836599687499998 0.7367948796875 0.2309695171875 0.7114084593750001 0.234874815625 0.71303579375 0.24051578906249999 0.7507899359375 0.2340069703125 0.7644595562500001 0.22923382656250002 0.7761763562499999 0.23010167187500002 0.783662078125 0.22532854375000003 0.8155578328124999 0.223592853125 0.8357367640625 0.22793206562499999 0.8503827703125 0.22272500625 0.8568921062499999 0.22706421875 0.8627505187500001 0.22706421875 0.8738163953125 0.22532854375000003 0.88292945 0.2222910921875 0.8891133234374999 0.2240267828125 0.8969245562499999 0.21187697499999997 0.8848822703125 0.2162161875 0.8708871890625 0.2192536390625 0.8578685171875 0.22098933125000003 0.852335590625 0.2144805125 0.8328075828125 0.22055539999999998 0.82206716875 0.21708403281250002 0.8103503703125 0.2175179640625 0.7911478234375 0.21838579375 0.7735726125 0.2218571765625 0.760553940625 0.2231589375 0.7280072609375 0.2240267828125 0.7120593828125 0.22272500625 0.688625784375 0.23053560312500002 0.6743163984375 0.23719618125 0.6935077859375001 0.2357426453125 0.705550046875 0.2318373640625 0.7153140515625 0.22836599687499998
0 0.9257544125000001 0.2190412078125 0.9482116265625 0.2259839421875 0.9563482953125 0.2259839421875 0.9713197625 0.2190412078125 0.9794564328125 0.22121081406249998 0.999755859375 0.2220786609375 0.999755859375 0.2142680796875 0.977178175 0.2147019953125 0.972947096875 0.2103627828125 0.95114083125 0.22034296874999998 0.9436550859375 0.2190412078125 0.9260798734375 0.211230628125 0.9202214859375 0.215135909375 0.9101320203125001 0.21296630312499998 0.9062499921875 0.22037760468749998 0.909481071875 0.2220786609375 0.9146885359375 0.2199090546875 0.921523359375 0.22121081406249998 0.9257544125000001 0.2190412078125
0 0.915339484375 0.348269365625 0.9257544125000001 0.350438971875 0.927056284375 0.342628375 0.91371215 0.34306230625 0.9072028140624999 0.34045876875 0.8967878625000001 0.34002485312499997 0.8964624000000001 0.359117396875 0.8922313468749999 0.3790777703125 0.8902785265625001 0.3912275625 0.8870238593750001 0.40164167968750003 0.8916015546875 0.4015842015625 0.895160528125 0.3942650484375 0.901344403125 0.3599852265625 0.9062264046875 0.36172091875 0.915339484375 0.348269365625
3 0.1629382265625 0.1516657703125 0.17907833281250002 0.1465419265625 0.20905281874999998 0.1465419265625 0.2597788703125 0.1444923890625 0.388899728125 0.14141808281249998 0.385825421875 0.112724559375 0.36199955 0.085055803125 0.33894225312500004 0.0717338109375 0.3128106515625 0.073783346875 0.29436481406250004 0.0768576546875 0.25901029375 0.077882421875 0.225192925 0.095303490625 0.1990613234375 0.110675021875 0.1675496859375 0.12297224531249999 0.1521781546875 0.1250217828125 0.1460295421875 0.14141808281249998 0.1629382265625 0.1516657703125
