0 0.22047859375 0.5351137406250001 0.2147103109375 0.562198315625 0.2185558640625 0.5740775296875 0.2089420765625 0.5878574249999999 0.202532884375 0.6040131625 0.20125101562499997 0.6192185421875 0.203814703125 0.64345213125 0.21278758281250001 0.6329984375000001 0.21214667343750002 0.6230199046875 0.2089420765625 0.6163675375000001 0.21278758281250001 0.6040131625 0.215992178125 0.5987862796875 0.215992178125 0.5907084296875 0.228169653125 0.578354053125 0.2262468765625 0.5717016859374999 0.22432409843749998 0.562198315625 0.228169653125 0.539390228125 0.230733290625 0.522759328125 0.228169653125 0.47904381718750005 0.22051280625 0.45758079843750005 0.21791490625 0.4638384203125 0.2230422796875 0.46954044687499996 0.22047859375 0.5018519046875001 0.22047859375 0.5351137406250001
1 0 0.13902091249999998 0.009935896875 0.1468631171875 0.0173076921875 0.149952471875 0.019871795312500003 0.147338403125 0.053846153125 0.140209125 0.075 0.14306083593750002 0.0996794875 0.1437737640625 0.10608974374999999 0.1451996203125 0.1115384609375 0.14805133125 0.12564102500000002 0.149714828125 0.13076923125 0.1475760453125 0.134615384375 0.13450570312500001 0.13365384687499998 0.1297528515625 0.12307692343750001 0.12903992343749998 0.11602564062500001 0.1297528515625 0.0320512828125 0.117870721875 0.025320512499999996 0.11573193906250001 0.014743589062500001 0.1171577953125 0.002884615625 0.11525665468749999 0 0.11692015156249999 0 0.13902091249999998
0 0.20040929687500003 0.02658014375 0.199127478125 0.0384593578125 0.186950003125 0.0460620484375 0.185668184375 0.052714415625 0.1754134375 0.0574661 0.170927021875 0.062217785937500006 0.161313234375 0.061742624999999995 0.16003141406250002 0.065068790625 0.157467728125 0.0736218390625 0.16644060624999998 0.08027418750000001 0.1657996484375 0.0693453140625 0.1933591953125 0.056515759374999995 0.19592288124999999 0.050338571875 0.21130495312500003 0.037033856250000004 0.2074593984375 0.029906328125 0.21130495312500003 0.02087811875 0.2068184890625 0.0161264328125 0.2048957609375 0.0066230609374999996 0.209382175 0.00044587343749999994 0.199679471875 0.000712928125 0.19592288124999999 0.0066230609374999996 0.199127478125 0.013275428124999999 0.20040929687500003 0.02658014375
3 0.23429487187500003 0 0.2259615390625 0.005703421875 0.2108974359375 0.0487167296875 0.19775641093750002 0.10717680624999999 0.18626637343750002 0.196162703125 0.18327539843750001 0.2167533421875 0.204639371875 0.2281573828125 0.240958128125 0.2132687765625 0.24907647812499997 0.20344863124999998 0.2537765125 0.1898271234375 0.25420381875000003 0.1768391875 0.2495037171875 0.165751909375 0.23198529843750001 0.1597331140625 0.2443763765625 0.15022974375 0.240958128125 0.1280552109375 0.2597584640625 0.11601760937500001 0.2823717953125 0.12072243281249999 0.303205128125 0.06463878281249999 0.2951923078125 0.040399239062499995 0.2916666671875 0.0361216734375 0.24551282031250002 0 0.23429487187500003 0
0 0.25304484375 0.0639799375 0.25689033437500003 0.0687316234375 0.2385173359375 0.09058938125 0.24150827812500003 0.09787529687499999 0.23680821093749999 0.1045276640625 0.24578107343750003 0.0994591921875 0.2444992546875 0.09090615625000001 0.2573176390625 0.075383990625 0.2654359234375 0.069365184375 0.2620177078125 0.0623960421875 0.26372683124999996 0.05891147812500001 0.26714504843750003 0.0560604609375 0.26372683124999996 0.0509920015625 0.26372683124999996 0.0433893 0.252190265625 0.039271175000000005 0.2624449796875 0.032302039062499996 0.2650640921875 0.024239543750000002 0.24663565156249997 0.040221515624999996 0.2556085140625 0.044022860937500005 0.26030858281249997 0.05511012656249999 0.25304484375 0.0639799375
0 0.22612622343750002 0.1477767421875 0.22014430468750001 0.1525284265625 0.20476225 0.16203179843749999 0.2133078390625 0.16361569375 0.2244171 0.15601300468749998 0.2308262921875 0.15537944374999998 0.247062925 0.1363727015625 0.2556085140625 0.124651875 0.2517629921875 0.11799951875 0.2547539359375 0.11071359218750002 0.2463675109375 0.11414765625 0.2453538 0.11958341406249999 0.24663565156249997 0.127502890625 0.23723548437500003 0.1373230359375 0.22612622343750002 0.1477767421875
0 0.1620343015625 0.16520503125 0.162888846875 0.17312450625 0.173570834375 0.19054735312499999 0.1739981390625 0.19466547812499999 0.1791254796875 0.203218515625 0.1739981390625 0.2108212171875 0.17741635625000002 0.217473571875 0.1799800265625 0.20987087031249999 0.18596194531250002 0.2054359828125 0.18553467343750002 0.20036749999999998 0.178270934375 0.19244803593749998 0.18083460468749998 0.1870627890625 0.16844349375 0.1696399421875 0.168870765625 0.1671057125 0.1821164234375 0.1604533453125 0.181261878125 0.1550680984375 0.152634165625 0.1490493046875 0.15477056250000001 0.1436640578125 0.1500704625 0.1430304984375 0.147934065625 0.149366078125 0.134188025 0.147021546875 0.1329792828125 0.1512667609375 0.17527995937500002 0.1585526765625 0.1718617421875 0.1614036796875 0.1620343015625 0.16520503125
3 0.108974359375 0.38521863125 0.1298654625 0.294407353125 0.1341382578125 0.2782516140625 0.12858364375 0.2712824859375 0.1362746546875 0.23231865937500001 0.13883832499999998 0.20856023124999998 0.1473839140625 0.2012743109375 0.15550223125 0.2019078703125 0.1602564109375 0.1853612171875 0.1608974359375 0.1815589359375 0.1580128203125 0.176568440625 0.12307692343750001 0.1896387828125 0.1208333328125 0.1929657796875 0.096153846875 0.2792300375 0.071794871875 0.38783270000000003 0.0705128203125 0.3956749046875 0.07147435937499999 0.399714828125 0.1 0.396625475 0.108974359375 0.38521863125
3 0.165705128125 0.167775665625 0.1766025640625 0.1615969578125 0.1794871796875 0.15779467656249999 0.18910256406249998 0.13117870781250002 0.1894230765625 0.1266634984375 0.1823717953125 0.09553231875 0.1759615390625 0.076045628125 0.1621794875 0.069391634375 0.14967948749999999 0.0838878328125 0.1384615390625 0.12761406875 0.1378205125 0.135931559375 0.1416666671875 0.1501901140625 0.16121794843749998 0.16801330781249998 0.165705128125 0.167775665625
1 0.3340715390625 0.8986987328125 0.330226034375 0.869713421875 0.3026665375 0.8516570031249999 0.2648522921875 0.845479815625 0.2296017359375 0.849281159375 0.21165597812499998 0.8445294734375001 0.21101506718750002 0.8278985750000001 0.2302426453125 0.8136435171875 0.24626562500000002 0.7941616140625001 0.262929515625 0.7708783484375 0.262929515625 0.753297125 0.2610067875 0.726687675 0.245624715625 0.71528365 0.20909229062499998 0.7143333000000001 0.17255991406249999 0.71396015625 0.16550981250000002 0.704931946875 0.17896910625 0.6902017296875 0.1860192078125 0.665017790625 0.191787490625 0.6374580359375 0.1840964796875 0.6260539734375 0.166150721875 0.6289049875 0.16294612656250002 0.6426848734374999 0.1494868328125 0.64696140625 0.153973246875 0.6583654328125 0.1533323375 0.6659681484375 0.14500036875 0.678322515625 0.13602753750000002 0.686400384375 0.1116725875 0.686400384375 0.10654521406249999 0.68022320625 0.09693145 0.6764218421875 0.0777038734375 0.675946671875 0.0687309953125 0.68545004375 0.0642445546875 0.6940030734375 0.048862509375 0.7025561046875 0.0430942265625 0.712059475 0.0430942265625 0.7291655546875 0.0437351359375 0.7486474578125 0.04437606875 0.7652783578125 0.0379668765625 0.7823844359375001 0.0309167515625 0.8018663765625 0.02386665 0.8189724015625 0.0187393 0.8413053265625001 0.0161756140625 0.8598369078125 0.0142528609375 0.8854960171874999 0.0232257390625 0.8935738687500001 0.0386077859375 0.8959497109375001 0.0725765 0.8826450140625001 0.1059043046875 0.885971178125 0.1251318828125 0.9016517546875 0.1424367296875 0.9239846625 0.1642279453125 0.93016186875 0.17832819687499998 0.92636050625 0.1930693109375 0.937289396875 0.203964965625 0.94679276875 0.2058876953125 0.9600974671875001 0.1994785015625 0.9753028828125 0.24690653437500001 0.9766263296875 0.276388809375 0.9438397281249999 0.315484921875 0.92245714375 0.3340715390625 0.8986987328125
3 0.19743589687500002 0.9940589359375 0.2009615390625 0.9862167296875001 0.1696024671875 0.9530582265625 0.151656709375 0.9375360484374999 0.1240384609375 0.90684410625 0.10705128281250001 0.9080323187499999 0.0919871796875 0.9108840296875 0.0634615390625 0.9249049421875 0.0054487171874999995 0.9971482890625 0.0048076921875 0.9997623578124999 0.1673076921875 0.9997623578124999 0.19583333281249998 0.9945342203124999 0.19743589687500002 0.9940589359375
3 0.6922390703125 0.9997623578124999 0.703775603125 0.999544296875 0.6913845249999999 0.9574126749999999 0.6862571187500001 0.939673053125 0.6789933796875001 0.9155978625 0.6721569484375001 0.8950072015625 0.6619022015625 0.8601615078125 0.6496794765625 0.8575728781249999 0.6623295062500001 0.8988085515625001 0.6738660390625 0.93903948125 0.6922390703125 0.9997623578124999
1 0.591935984375 0.84478859375 0.615064103125 0.8688212921874999 0.622115384375 0.8707224328125 0.6246794875 0.8702471484375 0.634236659375 0.86157788125 0.631245715625 0.8403536828125 0.6303911375 0.8172288156249999 0.6261183421875 0.8055079890625001 0.634236659375 0.8001227421875001 0.6731190859375 0.821030165625 0.6698717953125 0.8015684406249999 0.663141025 0.78303231875 0.6458333328125 0.7797053234375 0.6380821812499999 0.78523413125 0.6299638640625 0.7909361640625 0.6188546046875001 0.7877683734375001 0.6108974359375 0.7899239546875 0.602564103125 0.7972908750000001 0.5833333328125 0.8265209125 0.5798076921875001 0.843868821875 0.5801282046875 0.84957224375 0.5897995859375 0.8558758609374999 0.591935984375 0.84478859375
0 0.0899066625 0.24043781250000001 0.08734302499999999 0.22713310312499999 0.066833596875 0.1935545296875 0.0394876703125 0.15997596875 0.0365384421875 0.14512040625 0.0266692859375 0.1555410328125 0.048033259375 0.185951828125 0.0899066625 0.24043781250000001
3 0.124683928125 0.6581523687499999 0.15459349218750001 0.6511832390625 0.165702784375 0.6372449812500001 0.170830125 0.6163375453125 0.16826642187500002 0.55868376875 0.16484823906249998 0.5479133015625 0.1461062890625 0.5419835234375 0.1229748359375 0.5770569640625001 0.103319953125 0.6378785296875 0.106738203125 0.654984578125 0.124683928125 0.6581523687499999
3 0.0104341359375 0.6250138578125 0.0027430921875 0.6712635687499999 0 0.78593761875 0.028379862500000002 0.7764342484375 0.0369254515625 0.7574275046875 0.039489089062499996 0.7308180375 0.040343699999999996 0.7054757140625 0.0548711765625 0.680133390625 0.05828942499999999 0.657325309375 0.0557257234375 0.6440205999999999 0.0548711765625 0.622479615625 0.0822170375 0.47359346718750006 0.0822170375 0.45712094218750005 0.0779442421875 0.44571690156250005 0.0685441078125 0.4419155640625 0.0557692109375 0.4457822453125 0.03863454375 0.5135076703125 0.0206888171875 0.58446613125 0.0104341359375 0.6250138578125
