0 0.10467993125 0.44418880156249996 0.15447631875 0.44418880156249996 0.19841430625 0.4376803390625 0.23356469687499998 0.4376803390625 0.2911723640625 0.440283528125 0.305818359375 0.44809407500000004 0.3194880375 0.4467923171875 0.3331574703125 0.4324733078125 0.400529053125 0.4298697921875 0.4522783203125 0.44158528593749996 0.468877196875 0.5118782546875 0.47961743125 0.49755957031250003 0.470830078125 0.4585078125 0.4815703125 0.42336132812500005 0.5372250984375 0.42075781250000005 0.57432836875 0.42075781250000005 0.57823413125 0.44549055937500004 0.6026440421875 0.47543001250000005 0.6045969234374999 0.45199902343750004 0.6055732421875 0.41815429687499994 0.6377944328125 0.4116458328125 0.720788575 0.407740559375 0.709071778125 0.39993033906250003 0.6426765140625 0.385611328125 0.703213134375 0.38821484375000004 0.824286865625 0.37780110625 0.9463369140625 0.3843095703125 0.999755859375 0.3738958328125 0.9863693843749999 0.35827539062499997 0.9229033203125001 0.3439563796875 0.8399091796875 0.3452581375 0.773514159375 0.3543701171875 0.7139536125 0.3491630859375 0.6407236328125 0.35827539062499997 0.6153371578125 0.38691308593749996 0.563588134375 0.38821484375000004 0.50500390625 0.39993033906250003 0.43372680625 0.39993033906250003 0.3692844234375 0.410344075 0.328275390625 0.4090423171875 0.2687150875 0.410344075 0.20817822187499999 0.41294759062499997 0.12811328125000002 0.42075781250000005 0.060741943750000006 0.42336132812500005 0.005126953125 0.4267578125 0.0031342765624999998 0.455904296875 0.041213867187499996 0.455904296875 0.10467993125 0.44418880156249996
0 0.48059399375 0.5301025390625 0.48645239218749997 0.56134375 0.46790087968750005 0.5873782546874999 0.47180639687500003 0.6355419921875 0.494263428125 0.634240234375 0.495239990625 0.601697265625 0.5118388671874999 0.5717574875 0.4991455078125 0.5209902343749999 0.493408203125 0.4934895828125 0.48840527343750006 0.47022330781250005 0.4757119140625 0.48584375 0.48059399375 0.5301025390625
0 0.6827089843749999 0.0862154953125 0.7198120125 0.087517253125 0.750080565625 0.0888190109375 0.752033203125 0.0640862625 0.7256704093749999 0.06278450468749999 0.6963784171875 0.06278450468749999 0.67196850625 0.0601809890625 0.6827089843749999 0.0862154953125
0 0.4063874515625 0.1005345046875 0.423962646875 0.1018362625 0.43958520468750006 0.1018362625 0.4298210453125 0.1330774734375 0.4288447265625 0.1630169265625 0.4434907234375 0.157810221875 0.4659479984375 0.11745670625 0.4659479984375 0.0836119796875 0.4766884765625 0.0862154953125 0.5108623046874999 0.099232746875 0.5352724609374999 0.0914225265625 0.5264848625 0.0731982421875 0.50305126875 0.0731982421875 0.470830078125 0.0562760421875 0.4513020015625 0.0705947265625 0.4298210453125 0.0601809890625 0.40931664999999995 0.0705947265625 0.4063874515625 0.0731982421875 0.4024819328125 0.09272395781250001 0.4063874515625 0.1005345046875
0 0.609478759375 0.06538802031249999 0.5840925296874999 0.0601809890625 0.547119140625 0.06868489531250001 0.550894775 0.1005345046875 0.6026440421875 0.0836119796875 0.609478759375 0.06538802031249999
0 0.6778269046875 0.859437825 0.7295759281249999 0.8568346359375001 0.798900390625 0.8542311203124999 0.8535791015624999 0.8503258468749999 0.8994697265625 0.8347050781249999 0.9746525875 0.845119140625 0.999755859375 0.845119140625 0.999755859375 0.8138776046875 0.9648886718749999 0.817782878125 0.9316909171875001 0.817782878125 0.8887292484374999 0.8034638671875 0.8584609375 0.8281966140625 0.8115937499999999 0.8242913406250001 0.7608210453125 0.8386103515625001 0.720788575 0.8281966140625 0.67196850625 0.82038639375 0.6348652343750001 0.8464205734375 0.5811630859375 0.8581360671875 0.5792104484375 0.8737568359375001 0.6202192390625 0.8711533203125 0.6778269046875 0.859437825
0 0.10760913125 0.8854723312500001 0.1847446296875 0.8880758468750001 0.256021971875 0.8815670578124999 0.32241699218750003 0.8763603515625 0.398576415625 0.877662109375 0.3624494625 0.8555328781249999 0.327299071875 0.845119140625 0.2843374015625 0.8425156250000001 0.23356469687499998 0.8542311203124999 0.20134350625000003 0.8607395828125 0.1691223140625 0.86464485625 0.12811328125000002 0.86464485625 0.0978449703125 0.8542311203124999 0.053906982812500004 0.8685501296875 0.029497070312500002 0.8568346359375001 0.000244140625 0.8597005203125001 0.0031342765624999998 0.8906793625 0.022662109375 0.8906793625 0.10760913125 0.8854723312500001
1 0.8106171874999999 0.7579036453125 0.795971190625 0.7487916671875 0.774169921875 0.7620442703125 0.7754670406249999 0.7839381515625 0.8047590328125 0.7878430984375 0.8106171874999999 0.7579036453125
1 0.4766884765625 0.8151793625 0.48059399375 0.78263639375 0.4298210453125 0.7735244140625 0.3683078609375 0.7774293625 0.3800246578125 0.7956536453124999 0.41322241249999997 0.817782878125 0.4766884765625 0.8151793625
1 0.34375 0.6796061203125 0.34375 0.6852213546875 0.345458984375 0.6868489578125 0.35791015625 0.6881510421875 0.36572265625 0.6920572921875 0.372802734375 0.6897786453125 0.377685546875 0.685546875 0.376953125 0.6813151046875 0.373779296875 0.6787109375 0.372314453125 0.671875 0.373291015625 0.669921875 0.372802734375 0.666015625 0.3701171875 0.6591796875 0.362060546875 0.6549479171875 0.3330078125 0.6585286453125 0.327392578125 0.66796875 0.326904296875 0.6702473953125 0.330078125 0.673828125 0.3427734375 0.6764322921875 0.34375 0.6796061203125
0 0.541130859375 0.6550677078125 0.6524404296874999 0.651162434375 0.6641572265625 0.629033203125 0.6075261234375 0.6355419921875 0.5430834953125 0.639446940625 0.47864111249999997 0.6433522140625 0.4151750484375 0.6459557296875 0.373779296875 0.6448567703125 0.3800246578125 0.666783203125 0.45813671874999995 0.6706884765625001 0.541130859375 0.6550677078125
0 0.27164428749999997 0.6758951828125 0.329251953125 0.6628779296875 0.32339355468750003 0.6446539718750001 0.2540690921875 0.6459557296875 0.17724609375 0.6529947921875 0.17107495156250002 0.6680849609374999 0.199390625 0.682403971875 0.27164428749999997 0.6758951828125
3 0 0.6451822921875 0.001953125 0.6451822921875 0.005126953125 0.6474609375 0.025146484375 0.6474609375 0.03125 0.6448567703125 0.049072265625 0.6422526046875 0.0556640625 0.6438802078125 0.062744140625 0.6432291671875 0.091796875 0.6354166671875 0.093017578125 0.6334635421875 0.09912109375 0.6302083328125 0.103759765625 0.6315104171875 0.10986328125 0.6266276046875 0.11083984375 0.6214192703125 0.114990234375 0.6214192703125 0.122314453125 0.6188151046875 0.121826171875 0.6155598953125 0.12451171875 0.6106770828125 0.125732421875 0.603515625 0.124755859375 0.5992838546875 0.126220703125 0.595703125 0.152099609375 0.5823567703125 0.153076171875 0.583984375 0.155517578125 0.5846354171875 0.157958984375 0.5843098953125 0.1611328125 0.5813802078125 0.16357421875 0.5813802078125 0.166015625 0.583984375 0.16796875 0.580078125 0.163818359375 0.5791015625 0.16162109375 0.5764973953125 0.1630859375 0.5725911453125 0.161865234375 0.5699869796875 0.161865234375 0.56640625 0.16455078125 0.560546875 0.173828125 0.5559895828125 0.177978515625 0.5556640625 0.193359375 0.5504557296875 0.212890625 0.5390625 0.217041015625 0.5384114578125 0.224609375 0.5397135421875 0.228271484375 0.5354817703125 0.232177734375 0.5341796875 0.234130859375 0.5296223953125 0.232421875 0.525390625 0.232177734375 0.521484375 0.240478515625 0.5113932296875 0.24462890625 0.4899088546875 0.252197265625 0.486328125 0.25732421875 0.4895833328125 0.260009765625 0.4931640625 0.260986328125 0.4964192703125 0.263671875 0.4973958328125 0.271484375 0.4944661453125 0.274658203125 0.4869791671875 0.279296875 0.486328125 0.279296875 0.4733072921875 0.2802734375 0.4677734375 0.27978515625 0.455078125 0.28125 0.451171875 0.28076171875 0.441015625 0.28564453125 0.4368489578125 0.294921875 0.4368489578125 0.3076171875 0.4388020828125 0.309326171875 0.4427083328125 0.314453125 0.4459635421875 0.31591796875 0.4436848953125 0.31591796875 0.4391276046875 0.318359375 0.4309895828125 0.32275390625 0.4290364578125 0.326416015625 0.4352213546875 0.326904296875 0.4296875 0.331298828125 0.4270833328125 0.334716796875 0.4261067703125 0.33837890625 0.427734375 0.349365234375 0.4248046875 0.357177734375 0.419921875 0.365478515625 0.4186197921875 0.36865234375 0.4208984375 0.37353515625 0.4195963546875 0.38525390625 0.4215494796875 0.400390625 0.4208984375 0.408447265625 0.41796875 0.419921875 0.4222005203125 0.4345703125 0.4195963546875 0.4521484375 0.4202473953125 0.453125 0.4195963546875 0.452880859375 0.416015625 0.454345703125 0.4134114578125 0.462646484375 0.408203125 0.45947265625 0.40625 0.46533203125 0.37109375 0.470458984375 0.3720703125 0.47509765625 0.37109375 0.48583984375 0.3756510421875 0.490234375 0.375 0.49658203125 0.3763020828125 0.5 0.3802083328125 0.5009765625 0.3850911453125 0.50048828125 0.388671875 0.50146484375 0.3899739578125 0.510009765625 0.3893229171875 0.51220703125 0.3870442703125 0.513671875 0.3870442703125 0.515869140625 0.3828125 0.519287109375 0.3815104171875 0.523193359375 0.3776041671875 0.523193359375 0.3740234375 0.521728515625 0.3707682296875 0.52197265625 0.369140625 0.520751953125 0.3684895828125 0.519287109375 0.3616536453125 0.525634765625 0.3570963546875 0.52880859375 0.3512369796875 0.531005859375 0.3492838546875 0.53271484375 0.3440755203125 0.537109375 0.3414713546875 0.5400390625 0.3430989578125 0.548828125 0.3430989578125 0.55322265625 0.3408203125 0.556396484375 0.341796875 0.561279296875 0.3388671875 0.564697265625 0.333984375 0.5634765625 0.3297526046875 0.56689453125 0.3248697921875 0.566650390625 0.322265625 0.560302734375 0.3199869796875 0.5400390625 0.3199869796875 0.5048828125 0.3212890625 0.49462890625 0.322265625 0.490478515625 0.32421875 0.486083984375 0.3232421875 0.4365234375 0.3251953125 0.42724609375 0.3245442703125 0.052001953125 0.3414713546875 0.0458984375 0.3434244796875 0.024169921875 0.3434244796875 0.016845703125 0.3450520828125 0.00439453125 0.3453776046875 0 0.3460286453125 0 0.6451822921875
3 0 0.8343098953125001 0.0048828125 0.8330078125 0.01025390625 0.833984375 0.0205078125 0.8307291671874999 0.02490234375 0.8277994796874999 0.029296875 0.8294270828125001 0.0361328125 0.8268229171874999 0.044921875 0.8274739578125001 0.052001953125 0.8248697921874999 0.056884765625 0.8248697921874999 0.061279296875 0.8268229171874999 0.06298828125 0.8297526046874999 0.072021484375 0.8343098953125001 0.075927734375 0.8313802078125001 0.082275390625 0.8317057296874999 0.08837890625 0.8304036453125001 0.091796875 0.8317057296874999 0.09375 0.8297526046874999 0.105224609375 0.8304036453125001 0.1100261234375 0.8277994796874999 0.11279296875 0.8277994796874999 0.114990234375 0.8294270828125001 0.119384765625 0.828125 0.122802734375 0.8291015625 0.125 0.8251953125 0.1806640625 0.8369140625 0.182861328125 0.8408203125 0.187255859375 0.8414713546874999 0.200927734375 0.8385416671874999 0.20556640625 0.833984375 0.2080078125 0.8304036453125001 0.208740234375 0.8251953125 0.21240234375 0.8225911453125001 0.21337890625 0.8147786453125001 0.2080078125 0.8108723953125001 0.203125 0.8024088546874999 0.19677734375 0.7981770828125 0.189453125 0.7958984375 0.158935546875 0.7972005203125 0.044921875 0.8063151046874999 0.025146484375 0.8098958328125001 0.0224609375 0.8115234375 0 0.8131510421874999 0 0.8343098953125001
