3 0.036380207812499996 0.0576669921875 0.052859699999999996 0.0652412109375 0.0379752609375 0.0835793453125 0.0650865890625 0.1011198734375 0.0831608078125 0.03853149375 0.0964505203125 0.0074367671875 0.0645550125 0.004646240625 0.021495768749999998 0.0018557125 0.0007975265625 0.009071778125 0 0.052085693749999995 0.0055478515625 0.055673584374999995 0.036380207812499996 0.0576669921875
2 0.6591796875 0.676025390625 0.6650390625 0.706298828125 0.6637369796875 0.713134765625 0.6637369796875 0.730712890625 0.6653645828125 0.742919921875 0.6656901046875 0.76953125 0.6669921875 0.779296875 0.6689453125 0.78369140625 0.6663411453125 0.805908203125 0.6692708328125 0.822998046875 0.6695963546875 0.842529296875 0.671875 0.8525390625 0.6705729171875 0.873291015625 0.6735026046875 0.879638671875 0.6767578125 0.8828125 0.6774088546875 0.888427734375 0.6796875 0.89306640625 0.681640625 0.8955078125 0.6858723953125 0.895751953125 0.6875 0.901611328125 0.689453125 0.904052734375 0.7125651046875 0.898193359375 0.71484375 0.896240234375 0.7141927078125 0.85498046875 0.7213541671875 0.84521484375 0.7281901046875 0.841796875 0.7327473953125 0.837646484375 0.7333984375 0.825927734375 0.7320963546875 0.820556640625 0.767578125 0.622802734375 0.7643229171875 0.597900390625 0.7669270828125 0.593994140625 0.7718098953125 0.591552734375 0.7724609375 0.587890625 0.7757161453125 0.584228515625 0.775390625 0.5791015625 0.7770182296875 0.576171875 0.7763671875 0.572265625 0.7724609375 0.564697265625 0.7711588546875 0.563232421875 0.7643229171875 0.560791015625 0.7639973953125 0.556640625 0.75390625 0.55615234375 0.7483723953125 0.551025390625 0.7444661453125 0.544189453125 0.7415364578125 0.5419921875 0.7311197921875 0.517578125 0.724609375 0.506591796875 0.720703125 0.5009765625 0.7158203125 0.49755859375 0.7141927078125 0.494384765625 0.7145182296875 0.48583984375 0.7174479171875 0.48046875 0.7194010421875 0.470703125 0.7236328125 0.466552734375 0.72265625 0.462646484375 0.724609375 0.461669921875 0.7288411453125 0.454833984375 0.7327473953125 0.45166015625 0.7389322921875 0.43994140625 0.744140625 0.438232421875 0.7473958328125 0.435302734375 0.7496744796875 0.421630859375 0.7509765625 0.400146484375 0.7529296875 0.396484375 0.7526041671875 0.391845703125 0.755859375 0.387939453125 0.7561848953125 0.373046875 0.7360026046875 0.350830078125 0.7347005203125 0.31787109375 0.7242838546875 0.289306640625 0.7242838546875 0.281005859375 0.7216796875 0.276611328125 0.7242838546875 0.271728515625 0.7242838546875 0.267333984375 0.7197265625 0.2626953125 0.7180989578125 0.255859375 0.7138671875 0.251220703125 0.7041015625 0.24853515625 0.701171875 0.2451171875 0.6969401046875 0.24853515625 0.6953125 0.251708984375 0.6920572921875 0.26318359375 0.6897786453125 0.274658203125 0.6901041671875 0.279541015625 0.6868489578125 0.292724609375 0.6852213546875 0.295654296875 0.681640625 0.296142578125 0.6793619796875 0.2978515625 0.67578125 0.306640625 0.6748046875 0.32373046875 0.6731770828125 0.330322265625 0.6666666671875 0.5771484375 0.6643880203125 0.595458984375 0.6650390625 0.6201171875 0.6591796875 0.676025390625
2 0.3844401046875 0.319580078125 0.400390625 0.32275390625 0.4075520828125 0.3193359375 0.4124348953125 0.314697265625 0.4156901046875 0.3017578125 0.41796875 0.29833984375 0.4228515625 0.2958984375 0.4283854171875 0.290771484375 0.4293619796875 0.28076171875 0.4446614578125 0.271240234375 0.447265625 0.265869140625 0.4501953125 0.265869140625 0.4518229171875 0.2646484375 0.453125 0.25634765625 0.4563802078125 0.250244140625 0.4625651046875 0.2470703125 0.4645182296875 0.243408203125 0.4742838546875 0.239990234375 0.478515625 0.2373046875 0.4801432296875 0.233642578125 0.4879557296875 0.224609375 0.486328125 0.204345703125 0.4833984375 0.196533203125 0.478515625 0.189697265625 0.4768880203125 0.181396484375 0.4720052078125 0.173828125 0.453125 0.1630859375 0.4469401046875 0.1533203125 0.4215494796875 0.14599609375 0.4039713546875 0.138427734375 0.4000651046875 0.140380859375 0.3987630203125 0.1435546875 0.3902994796875 0.1728515625 0.3883463546875 0.18359375 0.3792317703125 0.212890625 0.3792317703125 0.234130859375 0.375 0.255859375 0.3763020828125 0.27587890625 0.3746744796875 0.307861328125 0.3766276046875 0.314453125 0.3844401046875 0.319580078125
2 0.1490885421875 0 0.14453125 0.0224609375 0.1432291671875 0.03857421875 0.1412760421875 0.0439453125 0.1402994796875 0.0531413578125 0.09114583281250001 0.280029296875 0.08919270781250001 0.282958984375 0.08430989531250001 0.306396484375 0.08430989531250001 0.31103515625 0.08756510468749999 0.320556640625 0.08626302031250001 0.332275390625 0.08463541718749999 0.341064453125 0.07942708281250001 0.3544921875 0.0771484375 0.373291015625 0.07486979218749999 0.376953125 0.07194010468749999 0.387451171875 0.06412760468749999 0.43212890625 0.064453125 0.441162109375 0.0771484375 0.439697265625 0.07975260468749999 0.4404296875 0.08203125 0.443115234375 0.08268229218749999 0.447265625 0.08170572968749999 0.449951171875 0.07259114531250001 0.462646484375 0.07161458281250001 0.4658203125 0.072265625 0.46826171875 0.07584635468749999 0.46826171875 0.083984375 0.463623046875 0.08919270781250001 0.448486328125 0.09440104218749999 0.442626953125 0.1012369796875 0.436279296875 0.1067708328125 0.434326171875 0.1110026046875 0.431396484375 0.1116536453125 0.427490234375 0.1080729171875 0.419921875 0.0986328125 0.4140625 0.09537760468749999 0.40966796875 0.0947265625 0.3994140625 0.099609375 0.388916015625 0.099609375 0.38427734375 0.1025390625 0.376708984375 0.1103515625 0.373291015625 0.1116536453125 0.370849609375 0.115234375 0.36962890625 0.1188151046875 0.365478515625 0.1168619796875 0.36279296875 0.1168619796875 0.3564453125 0.1243489578125 0.345703125 0.1246744796875 0.329833984375 0.12109375 0.326904296875 0.1184895828125 0.32177734375 0.1188151046875 0.311767578125 0.1214192703125 0.308837890625 0.134765625 0.302978515625 0.1383463546875 0.298828125 0.1455078125 0.29638671875 0.150390625 0.289306640625 0.1588541671875 0.287353515625 0.1575520828125 0.28173828125 0.1650390625 0.263916015625 0.1663411453125 0.25146484375 0.1653645828125 0.24755859375 0.15625 0.239990234375 0.1552734375 0.23388671875 0.1624348953125 0.216552734375 0.1611328125 0.19580078125 0.1640625 0.182373046875 0.1647135421875 0.160888671875 0.1682942703125 0.154296875 0.1692708328125 0.149169921875 0.1735026046875 0.1455078125 0.17578125 0.14013671875 0.181640625 0.1328125 0.1839192703125 0.123291015625 0.1865234375 0.10888671875 0.1865234375 0.090576171875 0.1881510421875 0.08154296875 0.1852213546875 0.07373046875 0.1845703125 0.06640625 0.1881510421875 0.051513671875 0.1888020828125 0.04052734375 0.1917317703125 0.0341796875 0.201171875 0.03125 0.20475260468749998 0.022216796875 0.208984375 0.020263671875 0.21321614531250002 0.006591796875 0.21223958281250002 0 0.1490885421875 0
2 0.15994889375000002 0.1182641609375 0.1438271484375 0.1582138671875 0.09756445312499999 0.23338256875000002 0.0947604171875 0.2975124515625 0.135415690625 0.318538575 0.1739680984375 0.318538575 0.19429557343749998 0.24231860312500003 0.2258385421875 0.2170871578125 0.25948405 0.20709985312499998 0.2615869140625 0.1624191890625 0.27069921875 0.12036670000000001 0.2721012375 0.0688525390625 0.2798118484375 0.016287109375 0.2756061203125 0 0.24642545624999998 0.0001313484375 0.21462304687499997 0.0210180671875 0.1992021484375 0.0656987296875 0.171865234375 0.090404296875 0.15994889375000002 0.1182641609375
2 0.45717447968749997 0 0.41021093750000004 0.0032612312499999997 0.4249306640625 0.045839356250000005 0.5125498046875 0.0484675296875 0.5945611984375 0.007992187500000001 0.570728840625 0 0.45717447968749997 0
2 0.3623046875 0.78662109375 0.3743489578125 0.789794921875 0.376953125 0.795166015625 0.3889973953125 0.79931640625 0.3922526046875 0.802490234375 0.4065755203125 0.803955078125 0.4176432296875 0.8037109375 0.4202473953125 0.804931640625 0.4244791671875 0.804931640625 0.4313151046875 0.80322265625 0.4440104171875 0.798095703125 0.4524739578125 0.7919921875 0.5631510421875 0.756103515625 0.5641276046875 0.757568359375 0.568359375 0.755859375 0.5706380203125 0.75732421875 0.576171875 0.75830078125 0.5774739578125 0.7535400390625 0.5817057296875 0.750732421875 0.5865885421875 0.74951171875 0.58984375 0.745849609375 0.5973307296875 0.728515625 0.5992838546875 0.727294921875 0.6005859375 0.724365234375 0.6005859375 0.71630859375 0.5989583328125 0.71240234375 0.5999348953125 0.710205078125 0.599609375 0.700927734375 0.595703125 0.689208984375 0.5927734375 0.68701171875 0.5895182296875 0.681640625 0.587890625 0.68115234375 0.5338541671875 0.67333984375 0.5108072921875 0.673095703125 0.505859375 0.6708984375 0.4820963546875 0.666748046875 0.470703125 0.668701171875 0.4664713546875 0.670654296875 0.4576822921875 0.67041015625 0.455078125 0.669921875 0.4495442703125 0.66552734375 0.439453125 0.662353515625 0.4319661453125 0.663330078125 0.4248046875 0.66650390625 0.4208984375 0.672607421875 0.416015625 0.673828125 0.4137369796875 0.684326171875 0.4163411453125 0.687255859375 0.4166666671875 0.689453125 0.4095052078125 0.700927734375 0.4059244796875 0.70068359375 0.4039713546875 0.6962890625 0.400390625 0.697021484375 0.4010416671875 0.701171875 0.3968098953125 0.702392578125 0.3935546875 0.705078125 0.38671875 0.71728515625 0.3828125 0.720458984375 0.3802083328125 0.726318359375 0.3720703125 0.736572265625 0.3655598953125 0.751708984375 0.3623046875 0.763916015625 0.3590494796875 0.76708984375 0.3577473953125 0.779296875 0.3531901046875 0.78271484375 0.353515625 0.7861328125 0.3623046875 0.78662109375
2 0.0240885421875 0.64208984375 0.0279947921875 0.63916015625 0.0296223953125 0.634521484375 0.033203125 0.630859375 0.0325520828125 0.626953125 0.0358072921875 0.6240234375 0.0397135421875 0.610107421875 0.056640625 0.580078125 0.05501302031250001 0.573974609375 0.0595703125 0.5654296875 0.06217447968749999 0.5634765625 0.06315104218749999 0.55615234375 0.0654296875 0.552734375 0.06640625 0.54052734375 0.06901041718749999 0.537109375 0.06803385468749999 0.5302734375 0.06901041718749999 0.519775390625 0.06803385468749999 0.517333984375 0.06022135468749999 0.510986328125 0.05631510468749999 0.509765625 0.05240885468749999 0.505615234375 0.0481770828125 0.512939453125 0.0403645828125 0.5419921875 0.0364583328125 0.5478515625 0.029296875 0.56396484375 0.0159505203125 0.626220703125 0.013020832812499999 0.648681640625 0.013671875 0.6591796875 0.0159505203125 0.65283203125 0.0221354171875 0.646484375 0.0240885421875 0.64208984375
0 0.367408203125 0.46582568437500005 0.3893050125 0.454181640625 0.3980638015625 0.44223925781249995 0.40960937499999994 0.41417456093749994 0.41159993437500003 0.3893942875 0.4127942703125 0.36789795000000003 0.4108037109375 0.3180383296875 0.3980638015625 0.3207253421875 0.3967972 0.3267155765625 0.396869465625 0.3765561515625 0.3853235671875 0.42372851562499997 0.36860253906249996 0.4553759765625 0.367408203125 0.46582568437500005
0 0.2244674484375 0.953146728125 0.23595442656249999 0.9303601078125 0.2366956375 0.8972917484374999 0.23891894531250002 0.8706147453125 0.23632519531249999 0.8578317875 0.221999675 0.866271728125 0.20482779999999998 0.8956242671875 0.20482779999999998 0.9198002921875 0.2066806640625 0.951757325 0.2244674484375 0.953146728125
0 0.1785185546875 0.834767334375 0.1785185546875 0.85394140625 0.19185839843750002 0.8572761234374999 0.200751628125 0.8305991203125 0.20779231718750002 0.8058671875 0.2137213546875 0.7872490234375 0.21298014375 0.778634521875 0.208903971875 0.7780786140625 0.20482779999999998 0.778634521875 0.19630501250000001 0.79586328125 0.187411784375 0.8119807124999999 0.18037109375 0.8211508796875 0.1785185546875 0.834767334375
2 0.912109375 0.5380859375 0.9156901046874999 0.547119140625 0.9225260421874999 0.551025390625 0.9222005203125001 0.552734375 0.9274088546874999 0.557373046875 0.9407552078125001 0.5614187015625001 0.9407552078125001 0.565185546875 0.9388020828125001 0.568603515625 0.9407552078125001 0.5712890625 0.9410807296874999 0.57470703125 0.9388020828125001 0.575927734375 0.9371744796874999 0.579833984375 0.9375 0.5859375 0.9342447921874999 0.587890625 0.9332682296874999 0.591552734375 0.9375 0.59521484375 0.9361979171874999 0.600341796875 0.9417317703125001 0.601806640625 0.9427083328125001 0.6044921875 0.939453125 0.61083984375 0.9352213546874999 0.612548828125 0.9342447921874999 0.6142578125 0.9345703125 0.615966796875 0.9397786453125001 0.61865234375 0.9384765625 0.623046875 0.935546875 0.625244140625 0.931640625 0.62548828125 0.9303385421874999 0.626708984375 0.9322916671874999 0.63037109375 0.9329427078125001 0.637939453125 0.9296875 0.642578125 0.9326171875 0.64990234375 0.9309895828125001 0.654296875 0.9332682296874999 0.658447265625 0.9345703125 0.681640625 0.9482421875 0.687744140625 0.9449869796874999 0.693359375 0.9475911453125001 0.705322265625 0.9508463546874999 0.7119140625 0.9703776046874999 0.716796875 0.9710286453125001 0.724609375 0.9752604171874999 0.72216796875 0.9762369796874999 0.720703125 0.9752604171874999 0.716552734375 0.9814453125 0.710205078125 0.986328125 0.7119140625 0.9905598953125001 0.707763671875 0.9912109375 0.703857421875 0.9886067703125001 0.701904296875 0.9899088546874999 0.699462890625 0.9938151046874999 0.698486328125 0.9977213546874999 0.693359375 0.9947916671874999 0.686767578125 0.9951171875 0.656494140625 0.99609375 0.652587890625 0.9938151046874999 0.6337890625 0.99609375 0.6279296875 0.9954427078125001 0.618408203125 0.9967447921874999 0.613037109375 0.9996744796874999 0.60791015625 0.9996744796874999 0.56396484375 0.9973958328125001 0.5634765625 0.9951171875 0.560546875 0.9947916671874999 0.557861328125 0.9977213546874999 0.551513671875 0.9996744796874999 0.55126953125 0.9996744796874999 0.210693359375 0.9934895828125001 0.21044921875 0.990234375 0.212646484375 0.98828125 0.21630859375 0.966796875 0.23876953125 0.9651692703125001 0.242431640625 0.9622395828125001 0.243896484375 0.9505208328125001 0.2705078125 0.9466145828125001 0.275146484375 0.9462890625 0.279296875 0.9440104171874999 0.28369140625 0.9368489578125001 0.294921875 0.931640625 0.298828125 0.927734375 0.311767578125 0.9251302078125001 0.314697265625 0.921875 0.322265625 0.9192708328125001 0.342041015625 0.9156901046874999 0.352783203125 0.9163411453125001 0.35791015625 0.9147135421874999 0.361083984375 0.9124348953125001 0.3837890625 0.9072265625 0.517333984375 0.9078776046874999 0.530517578125 0.9091796875 0.53662109375 0.912109375 0.5380859375
3 0.912109375 0.5380859375 0.9156901046874999 0.547119140625 0.9225260421874999 0.551025390625 0.9222005203125001 0.552734375 0.9274088546874999 0.557373046875 0.9407552078125001 0.5614187015625001 0.9407552078125001 0.565185546875 0.9388020828125001 0.568603515625 0.9407552078125001 0.5712890625 0.9410807296874999 0.57470703125 0.9388020828125001 0.575927734375 0.9371744796874999 0.579833984375 0.9375 0.5859375 0.9342447921874999 0.587890625 0.9332682296874999 0.591552734375 0.9375 0.59521484375 0.9361979171874999 0.600341796875 0.9417317703125001 0.601806640625 0.9427083328125001 0.6044921875 0.939453125 0.61083984375 0.9352213546874999 0.612548828125 0.9342447921874999 0.6142578125 0.9345703125 0.615966796875 0.9397786453125001 0.61865234375 0.9384765625 0.623046875 0.935546875 0.625244140625 0.931640625 0.62548828125 0.9303385421874999 0.626708984375 0.9322916671874999 0.63037109375 0.9329427078125001 0.637939453125 0.9296875 0.642578125 0.9326171875 0.64990234375 0.9309895828125001 0.654296875 0.9332682296874999 0.658447265625 0.9345703125 0.681640625 0.9482421875 0.687744140625 0.9449869796874999 0.693359375 0.9475911453125001 0.705322265625 0.9508463546874999 0.7119140625 0.9703776046874999 0.716796875 0.9710286453125001 0.724609375 0.9752604171874999 0.72216796875 0.9762369796874999 0.720703125 0.9752604171874999 0.716552734375 0.9814453125 0.710205078125 0.986328125 0.7119140625 0.9905598953125001 0.707763671875 0.9912109375 0.703857421875 0.9886067703125001 0.701904296875 0.9899088546874999 0.699462890625 0.9938151046874999 0.698486328125 0.9977213546874999 0.693359375 0.9947916671874999 0.686767578125 0.9951171875 0.656494140625 0.99609375 0.652587890625 0.9938151046874999 0.6337890625 0.99609375 0.6279296875 0.9954427078125001 0.618408203125 0.9967447921874999 0.613037109375 0.9996744796874999 0.60791015625 0.9996744796874999 0.56396484375 0.9973958328125001 0.5634765625 0.9951171875 0.560546875 0.9947916671874999 0.557861328125 0.9977213546874999 0.551513671875 0.9996744796874999 0.55126953125 0.9996744796874999 0.210693359375 0.9934895828125001 0.21044921875 0.990234375 0.212646484375 0.98828125 0.21630859375 0.966796875 0.23876953125 0.9651692703125001 0.242431640625 0.9622395828125001 0.243896484375 0.9505208328125001 0.2705078125 0.9466145828125001 0.275146484375 0.9462890625 0.279296875 0.9440104171874999 0.28369140625 0.9368489578125001 0.294921875 0.931640625 0.298828125 0.927734375 0.311767578125 0.9251302078125001 0.314697265625 0.921875 0.322265625 0.9192708328125001 0.342041015625 0.9156901046874999 0.352783203125 0.9163411453125001 0.35791015625 0.9147135421874999 0.361083984375 0.9124348953125001 0.3837890625 0.9072265625 0.517333984375 0.9078776046874999 0.530517578125 0.9091796875 0.53662109375 0.912109375 0.5380859375
