1 0.7083333328125 0.904296875 0.7109375 0.933837890625 0.708984375 0.937255859375 0.703125 0.93994140625 0.7014973953125 0.943359375 0.7047526046875 0.94482421875 0.708984375 0.9443359375 0.7122395828125 0.94580078125 0.7141927078125 0.951904296875 0.7145182296875 0.96337890625 0.7115885421875 0.9794921875 0.7106119796875 0.999755859375 0.8486328125 0.999755859375 0.8505859375 0.994384765625 0.8512369796874999 0.9619140625 0.8502604171874999 0.94677734375 0.8479817703125001 0.939208984375 0.845703125 0.9375 0.8509114578125001 0.908935546875 0.8499348953125001 0.85302734375 0.8473307296874999 0.849853515625 0.8470052078125001 0.845458984375 0.8424479171874999 0.835693359375 0.8343098953125001 0.829833984375 0.8102213546874999 0.830078125 0.8063151046874999 0.83154296875 0.8001302078125001 0.849853515625 0.7932942703125 0.850341796875 0.7825520828125 0.849365234375 0.7750651046875 0.85107421875 0.7672526046875 0.85107421875 0.7587890625 0.85400390625 0.7529296875 0.8515625 0.7490234375 0.843017578125 0.7415364578125 0.836669921875 0.7350260421875 0.833984375 0.7337239578125 0.828857421875 0.7317708328125 0.827880859375 0.7298177078125 0.8291015625 0.7265625 0.835205078125 0.7125651046875 0.840576171875 0.70703125 0.845458984375 0.6995442703125 0.857177734375 0.6998697921875 0.8607585453125 0.6953125 0.87060546875 0.6936848953125 0.877685546875 0.6923828125 0.884765625 0.701171875 0.887451171875 0.7044270828125 0.890380859375 0.7083333328125 0.904296875
1 0.806640625 0.544921875 0.8108723953125001 0.547119140625 0.814453125 0.553466796875 0.8131510421874999 0.55712890625 0.8082682296874999 0.560546875 0.8128255203125001 0.5615234375 0.8369140625 0.614501953125 0.8346354171874999 0.619140625 0.8365885421874999 0.622802734375 0.8382161453125001 0.62353515625 0.8424479171874999 0.6201171875 0.8460286453125001 0.609619140625 0.8486328125 0.607177734375 0.849609375 0.603515625 0.8473307296874999 0.6025390625 0.8466796875 0.599609375 0.8450520828125001 0.5986328125 0.8440755203125001 0.59326171875 0.8479817703125001 0.591796875 0.8505859375 0.587646484375 0.8444010421874999 0.578857421875 0.84375 0.57080078125 0.83984375 0.569091796875 0.8362630203125001 0.565673828125 0.8375651046874999 0.56298828125 0.841796875 0.560302734375 0.8463541671874999 0.560546875 0.8434244796874999 0.552490234375 0.8557942703125001 0.546630859375 0.8610026046874999 0.542724609375 0.8753255203125001 0.538330078125 0.87939453125 0.5316162109375 0.8893229171874999 0.52734375 0.8935546875 0.52294921875 0.9049479171874999 0.5166015625 0.9065755203125001 0.512451171875 0.9046223953125001 0.5078125 0.896484375 0.50439453125 0.8834635421874999 0.4951171875 0.8772786453125001 0.48583984375 0.8694661453125001 0.477783203125 0.8606770828125001 0.473876953125 0.8538411453125001 0.460693359375 0.84765625 0.437255859375 0.8518880203125001 0.433837890625 0.8603515625 0.421875 0.8662109375 0.419677734375 0.8723958328125001 0.41357421875 0.88671875 0.40625 0.8883463546874999 0.404052734375 0.888671875 0.400146484375 0.8870442703125001 0.395263671875 0.8837890625 0.391845703125 0.8727213546874999 0.38720703125 0.8570963546874999 0.385009765625 0.8538411453125001 0.37890625 0.8489583328125001 0.375244140625 0.8375651046874999 0.322265625 0.8388671875 0.317626953125 0.8359375 0.314697265625 0.83984375 0.310791015625 0.8385416671874999 0.30810546875 0.8372395828125001 0.3076171875 0.8362630203125001 0.30908203125 0.8271484375 0.30810546875 0.8268229171874999 0.30615234375 0.8235677078125001 0.304443359375 0.822265625 0.301025390625 0.8190104171874999 0.30517578125 0.8160807296874999 0.30419921875 0.8141276046874999 0.300048828125 0.8102213546874999 0.306884765625 0.8128255203125001 0.30859375 0.814453125 0.312255859375 0.8203125 0.315185546875 0.8206380203125001 0.32373046875 0.8170572921874999 0.32666015625 0.814453125 0.3251953125 0.8111979171874999 0.32666015625 0.8059895828125001 0.326416015625 0.7975260421875 0.33203125 0.7952473953125 0.33642578125 0.7955729171875 0.341796875 0.7972005203125 0.3447265625 0.8069661453125001 0.531494140625 0.806640625 0.544921875
1 0.7932942703125 0.091064453125 0.80078125 0.09765625 0.7978515625 0.107177734375 0.7985026046875 0.108642578125 0.802734375 0.11083984375 0.8079427078125001 0.104736328125 0.8111979171874999 0.095947265625 0.818359375 0.0947265625 0.822265625 0.09228515625 0.8229166671874999 0.084228515625 0.8271484375 0.06787109375 0.8248697921874999 0.056396484375 0.80859375 0.015869140625 0.806640625 0.014404296875 0.8033854171874999 0.01416015625 0.7972005203125 0.015625 0.767578125 0.030517578125 0.7666015625 0.032470703125 0.765625 0.05029296875 0.767578125 0.060546875 0.7838541671875 0.0888671875 0.7932942703125 0.091064453125
1 0.7639973953125 0.164306640625 0.7942708328125 0.174072265625 0.802734375 0.172607421875 0.8056640625 0.169921875 0.8056640625 0.165283203125 0.8095703125 0.159423828125 0.8134765625 0.15771484375 0.8193359375 0.1572265625 0.8251953125 0.150390625 0.82421875 0.142822265625 0.822265625 0.140869140625 0.8173828125 0.13916015625 0.8151041671874999 0.134765625 0.8160807296874999 0.1298828125 0.8212890625 0.12744140625 0.8235677078125001 0.122314453125 0.822265625 0.121826171875 0.818359375 0.12353515625 0.814453125 0.123291015625 0.8108723953125001 0.12451171875 0.8069661453125001 0.123291015625 0.8014322921874999 0.11767578125 0.8004557296874999 0.11474609375 0.7985026046875 0.11376953125 0.7945963546875 0.119140625 0.7906901046875 0.11962890625 0.7815755203125 0.128173828125 0.77734375 0.13671875 0.7705078125 0.14013671875 0.7685546875 0.142333984375 0.7669270828125 0.146240234375 0.7682291671875 0.1494140625 0.7620442703125 0.157958984375 0.7639973953125 0.164306640625
1 0.8131510421874999 0.279052734375 0.8121744796874999 0.28759765625 0.8102213546874999 0.290283203125 0.8128255203125001 0.29638671875 0.814453125 0.297119140625 0.8167317703125001 0.293701171875 0.8193359375 0.293701171875 0.8219401046874999 0.29736328125 0.8356119796874999 0.2958984375 0.83984375 0.296630859375 0.8414713546874999 0.291015625 0.833984375 0.288330078125 0.8349609375 0.283203125 0.833984375 0.27099609375 0.8359375 0.26123046875 0.8343098953125001 0.256103515625 0.833984375 0.243896484375 0.8297526046874999 0.240478515625 0.8225911453125001 0.241455078125 0.822265625 0.24072265625 0.8209635421874999 0.2431640625 0.818359375 0.244140625 0.806640625 0.24560546875 0.8020833328125001 0.260986328125 0.8020833328125001 0.267333984375 0.8050130203125001 0.26904296875 0.8089192703125001 0.2763671875 0.8131510421874999 0.279052734375
1 0.3929036453125 0.22607421875 0.396484375 0.224365234375 0.412109375 0.221435546875 0.4163411453125 0.21923828125 0.4228515625 0.218505859375 0.4280598953125 0.21923828125 0.4309895828125 0.218017578125 0.4352213546875 0.21875 0.4381510421875 0.222900390625 0.4391276046875 0.227783203125 0.4436848953125 0.228759765625 0.4449869796875 0.235595703125 0.439453125 0.235595703125 0.439453125 0.236572265625 0.4456380203125 0.2390949703125 0.4459635421875 0.243896484375 0.4537760421875 0.24658203125 0.455078125 0.250244140625 0.4573567703125 0.24267578125 0.4615885421875 0.239990234375 0.462890625 0.24072265625 0.4664713546875 0.237060546875 0.4615885421875 0.228271484375 0.4661458328125 0.220947265625 0.4710286453125 0.22119140625 0.4736328125 0.223876953125 0.4778645828125 0.224609375 0.494140625 0.22119140625 0.509765625 0.219970703125 0.5179036453125 0.221435546875 0.5524088546875 0.221923828125 0.5638020828125 0.22607421875 0.5813802078125 0.225830078125 0.5908203125 0.224609375 0.599609375 0.22607421875 0.619140625 0.224609375 0.6256510421875 0.222412109375 0.6389973953125 0.220458984375 0.6461588546875 0.218017578125 0.654296875 0.219970703125 0.6598307296875 0.2177734375 0.66015625 0.21435546875 0.669921875 0.19775390625 0.6725260421875 0.189208984375 0.6748046875 0.18603515625 0.6748046875 0.183349609375 0.6735026046875 0.182373046875 0.6653645828125 0.18359375 0.6637369796875 0.18505859375 0.6650390625 0.1884765625 0.6529947921875 0.1943359375 0.646484375 0.194580078125 0.6389973953125 0.191650390625 0.6266276046875 0.19091796875 0.623046875 0.188232421875 0.6207682296875 0.18896484375 0.6083984375 0.186767578125 0.603515625 0.178955078125 0.593967121875 0.18310546875 0.5758463546875 0.18310546875 0.564453125 0.185791015625 0.5520833328125 0.190673828125 0.5322265625 0.191162109375 0.5289713546875 0.190185546875 0.5240885421875 0.190673828125 0.521484375 0.189697265625 0.5091145828125 0.18896484375 0.5006510421875 0.185302734375 0.4983723953125 0.180419921875 0.4947916671875 0.1787109375 0.494140625 0.17724609375 0.4309895828125 0.182373046875 0.416015625 0.1787109375 0.408203125 0.178466796875 0.3935546875 0.181884765625 0.3795572921875 0.179443359375 0.3736979171875 0.181640625 0.3756510421875 0.18896484375 0.36328125 0.204833984375 0.3610026046875 0.209716796875 0.3603515625 0.220947265625 0.361328125 0.222900390625 0.3720703125 0.22607421875 0.3929036453125 0.22607421875
0 0.5755208328125 0.182373046875 0.5784505203125 0.185546875 0.5924479171875 0.186279296875 0.5986328125 0.184814453125 0.6012369796875 0.189208984375 0.611328125 0.19189453125 0.6422526046875 0.195068359375 0.6510416671875 0.194091796875 0.65234375 0.145751953125 0.6487630203125 0.133056640625 0.6399739578125 0.126220703125 0.6328125 0.12451171875 0.6305338546875 0.121826171875 0.6276041671875 0.12109375 0.6243489578125 0.122802734375 0.6165364578125 0.12158203125 0.615234375 0.118896484375 0.5833333328125 0.117919921875 0.5777994796875 0.121826171875 0.5660807296875 0.134521484375 0.560546875 0.136962890625 0.5595703125 0.138671875 0.5654296875 0.141357421875 0.5716145828125 0.15283203125 0.5755208328125 0.182373046875
0 0.6614583328125 0.23681640625 0.6598307296875 0.28271484375 0.6578776046875 0.287353515625 0.6640625 0.301513671875 0.666015625 0.521484375 0.6725260421875 0.535400390625 0.6744791671875 0.544982909375 0.6761067703125 0.572021484375 0.6796875 0.57763671875 0.6852213546875 0.580078125 0.6861979171875 0.572265625 0.685546875 0.235107421875 0.681640625 0.213134765625 0.6774088546875 0.21533203125 0.6728515625 0.214111328125 0.6653645828125 0.205322265625 0.6676432296875 0.200927734375 0.6647135421875 0.200439453125 0.6611328125 0.202880859375 0.6591796875 0.2099609375 0.6536458328125 0.216796875 0.654296875 0.224853515625 0.6614583328125 0.23681640625
0 0.08756510468749999 0.201416015625 0.09895833281250001 0.205078125 0.1005859375 0.20654296875 0.1022135421875 0.208740234375 0.1028645828125 0.216796875 0.1149088546875 0.21875 0.1178385421875 0.218017578125 0.1282552078125 0.22021484375 0.140625 0.2255859375 0.150390625 0.226806640625 0.1539713546875 0.228271484375 0.16015625 0.226318359375 0.1656901046875 0.2265625 0.1702473953125 0.221435546875 0.1735026046875 0.219970703125 0.1858723953125 0.19775390625 0.1845703125 0.19384765625 0.1819661453125 0.191650390625 0.1735026046875 0.177490234375 0.1692708328125 0.177001953125 0.1673177078125 0.17529296875 0.162109375 0.173828125 0.1549479171875 0.1748046875 0.1471354171875 0.17333984375 0.09798177031250001 0.173095703125 0.09309895781250001 0.173828125 0.087890625 0.176513671875 0.08756510468749999 0.177734375 0.09114583281250001 0.179931640625 0.091796875 0.189453125 0.08756510468749999 0.201416015625
1 0.85546875 0.726806640625 0.859375 0.7295734859375 0.859375 0.732177734375 0.8606770828125001 0.733154296875 0.8668619796874999 0.734375 0.869140625 0.736572265625 0.9000651046874999 0.749755859375 0.9251302078125001 0.7333984375 0.9195963546874999 0.719970703125 0.9225260421874999 0.71630859375 0.9195963546874999 0.712646484375 0.9163411453125001 0.713623046875 0.9130859375 0.7060546875 0.9147135421874999 0.70556640625 0.9163411453125001 0.701171875 0.9124348953125001 0.70166015625 0.9085286453125001 0.699462890625 0.9052734375 0.693359375 0.9026692703125001 0.691650390625 0.8981119796874999 0.691650390625 0.8828125 0.686767578125 0.8759765625 0.688232421875 0.8681640625 0.69873046875 0.8655598953125001 0.69970703125 0.8577473953125001 0.709716796875 0.8551432296874999 0.718017578125 0.8512369796874999 0.720703125 0.8528645828125001 0.726806640625 0.85546875 0.726806640625
