2 0.887939453125 0 0.884765625 0.011067707812499999 0.884521484375 0.013671875 0.88671875 0.0146484375 0.888671875 0.0172526046875 0.887451171875 0.0240885421875 0.88720703125 0.0374348953125 0.884765625 0.0439453125 0.888427734375 0.06022135468749999 0.891845703125 0.0693359375 0.89990234375 0.083984375 0.90234375 0.0859375 0.90625 0.09537760468749999 0.91259765625 0.1028645828125 0.9140625 0.1097005203125 0.923095703125 0.1223958328125 0.922607421875 0.126953125 0.927734375 0.1357421875 0.932373046875 0.1494140625 0.9326171875 0.1516927078125 0.931396484375 0.1559244796875 0.927734375 0.158203125 0.929931640625 0.1604817703125 0.931640625 0.1650390625 0.93310546875 0.1643880203125 0.935302734375 0.1656901046875 0.937255859375 0.1695963546875 0.933349609375 0.173828125 0.934814453125 0.1754557296875 0.938232421875 0.1764322921875 0.941162109375 0.181640625 0.941162109375 0.1858723953125 0.943359375 0.1917317703125 0.94482421875 0.20052083281250002 0.945068359375 0.212890625 0.946044921875 0.21712239531250002 0.951171875 0.22493489531250002 0.953369140625 0.23274739531250002 0.961181640625 0.23665364531250002 0.962646484375 0.23990885468749998 0.966552734375 0.24055989531250002 0.968994140625 0.2353515625 0.970703125 0.234375 0.971923828125 0.23600260468749998 0.972412109375 0.23990885468749998 0.976806640625 0.24772135468749998 0.98193359375 0.2506510421875 0.98486328125 0.259765625 0.989013671875 0.2672526046875 0.9912109375 0.279296875 0.994140625 0.283203125 0.997802734375 0.2913411453125 0.999755859375 0.2913411453125 0.999755859375 0.1559244796875 0.99755859375 0.1555989578125 0.99560546875 0.1500651046875 0.993896484375 0.1481119796875 0.993408203125 0.1412760421875 0.986083984375 0.1276041671875 0.983154296875 0.1155598953125 0.98046875 0.1110026046875 0.974853515625 0.09375 0.972412109375 0.09114583281250001 0.968017578125 0.07975260468749999 0.9658203125 0.07649739531250001 0.955078125 0.048828125 0.950927734375 0.041015625 0.947021484375 0.0361328125 0.944091796875 0.0250651046875 0.943359375 0.0162760421875 0.93994140625 0.0126953125 0.9375 0 0.887939453125 0
2 0.845947265625 0.345703125 0.8466796875 0.349609375 0.849853515625 0.3538411453125 0.849853515625 0.365234375 0.852294921875 0.3701171875 0.853515625 0.380859375 0.857666015625 0.3863932296875 0.86083984375 0.3961588546875 0.864990234375 0.4020182296875 0.865966796875 0.4072265625 0.86572265625 0.4195963546875 0.867431640625 0.4228515625 0.869140625 0.4332682296875 0.873046875 0.435546875 0.87548828125 0.4388020828125 0.876220703125 0.443359375 0.888916015625 0.4453125 0.894287109375 0.4430338546875 0.898681640625 0.4430338546875 0.904296875 0.4456380203125 0.911376953125 0.4407552078125 0.915771484375 0.4410807296875 0.917236328125 0.4381510421875 0.927978515625 0.4388020828125 0.93212890625 0.4417317703125 0.936767578125 0.4381510421875 0.9423828125 0.4368489578125 0.951904296875 0.4371744796875 0.954833984375 0.4388020828125 0.9599609375 0.4378255203125 0.962890625 0.4391276046875 0.968505859375 0.4378255203125 0.969482421875 0.4407552078125 0.967529296875 0.4430338546875 0.968017578125 0.4482421875 0.967041015625 0.451171875 0.974609375 0.4557291671875 0.978515625 0.4534505203125 0.980224609375 0.4547526046875 0.9794921875 0.4586588546875 0.98193359375 0.4599609375 0.999755859375 0.4586588546875 0.999755859375 0.3525390625 0.99365234375 0.3528645828125 0.99072265625 0.349609375 0.986328125 0.3483072921875 0.984130859375 0.349609375 0.982421875 0.3541666671875 0.978515625 0.353515625 0.976318359375 0.349609375 0.970458984375 0.3505859375 0.967529296875 0.3492838546875 0.962890625 0.3492838546875 0.959228515625 0.3512369796875 0.931396484375 0.3502604171875 0.927001953125 0.3463541671875 0.925048828125 0.3424479171875 0.919677734375 0.3427734375 0.915771484375 0.3411458328125 0.911865234375 0.3359375 0.90380859375 0.3356119796875 0.896240234375 0.3313802078125 0.888427734375 0.3307291671875 0.881103515625 0.328125 0.875732421875 0.3284505203125 0.87255859375 0.3258463546875 0.8681640625 0.3258463546875 0.868896484375 0.328125 0.867919921875 0.3304036453125 0.861083984375 0.3310546875 0.857666015625 0.3284505203125 0.847412109375 0.3284505203125 0.84326171875 0.3297526046875 0.842529296875 0.330078125 0.84375 0.33203125 0.843017578125 0.3414713546875 0.845947265625 0.345703125
2 0.31396484375 0.6790364578125 0.31787109375 0.6783854171875 0.324462890625 0.6793619796875 0.32958984375 0.6819661453125 0.33544921875 0.6829427078125 0.337158203125 0.6852213546875 0.369140625 0.6878255203125 0.37060546875 0.689453125 0.368896484375 0.6917317703125 0.368896484375 0.693359375 0.372802734375 0.6940104171875 0.3798828125 0.6998697921875 0.392822265625 0.7047526046875 0.399658203125 0.708984375 0.42138671875 0.7174479171875 0.4462890625 0.7291666671875 0.4853515625 0.7399088546875 0.4979248046875 0.7392578125 0.505859375 0.7405598953125 0.509033203125 0.7421875 0.52734375 0.7431640625 0.53271484375 0.7457682296875 0.53759765625 0.7454427078125 0.540771484375 0.744140625 0.5419921875 0.7399088546875 0.545166015625 0.736328125 0.544677734375 0.7320963546875 0.54736328125 0.7262369796875 0.559814453125 0.7203776046875 0.565673828125 0.7210286453125 0.571533203125 0.7236328125 0.583984375 0.7236328125 0.594970703125 0.7288411453125 0.599609375 0.728515625 0.603271484375 0.7262369796875 0.607177734375 0.7259114578125 0.634765625 0.7301432296875 0.654052734375 0.7373046875 0.658203125 0.7412109375 0.66943359375 0.7431640625 0.672119140625 0.7421875 0.674560546875 0.7386067703125 0.681640625 0.7389322921875 0.68603515625 0.7408854171875 0.686767578125 0.7477213546875 0.690673828125 0.7591145828125 0.68994140625 0.7639973953125 0.69140625 0.7698567703125 0.696044921875 0.7750651046875 0.700927734375 0.7783203125 0.70849609375 0.78125 0.714111328125 0.7822265625 0.725830078125 0.7819010421875 0.736083984375 0.7854817703125 0.74853515625 0.7877604171875 0.761962890625 0.7932942703125 0.76708984375 0.7965494796875 0.783203125 0.8017578125 0.79931640625 0.8024088546874999 0.80615234375 0.7994791671875 0.810546875 0.7994791671875 0.816162109375 0.7945963546875 0.82177734375 0.7919921875 0.82373046875 0.7874348953125 0.828125 0.7835286453125 0.829833984375 0.7779947921875 0.836669921875 0.7766927078125 0.857666015625 0.7776692703125 0.859619140625 0.775390625 0.861083984375 0.7705078125 0.86669921875 0.7701822921875 0.9033203125 0.7760416671875 0.911865234375 0.7796223953125 0.928955078125 0.7799479171875 0.935546875 0.78125 0.93896484375 0.7838541671875 0.9384765625 0.794921875 0.939208984375 0.7965494796875 0.94482421875 0.7975260421875 0.947021484375 0.7958984375 0.94580078125 0.7903645828125 0.9423828125 0.7841796875 0.943359375 0.7783203125 0.939697265625 0.7731119796875 0.93603515625 0.7587890625 0.935546875 0.7506510421875 0.923095703125 0.7477213546875 0.92041015625 0.7490234375 0.91552734375 0.748046875 0.912109375 0.7503255203125 0.900390625 0.7486979171875 0.897216796875 0.7496744796875 0.87353515625 0.7503255203125 0.86865234375 0.7493489578125 0.86083984375 0.7522786453125 0.8583984375 0.7506510421875 0.84521484375 0.75 0.83984375 0.7477213546875 0.83349609375 0.7470703125 0.8271484375 0.7438151046875 0.822021484375 0.7438151046875 0.806396484375 0.7379557296875 0.80322265625 0.73828125 0.802734375 0.740234375 0.7991536453125 0.7405598953125 0.785400390625 0.7373046875 0.779541015625 0.7386067703125 0.772705078125 0.7379557296875 0.763671875 0.7337239578125 0.759765625 0.7330729171875 0.74755859375 0.7337239578125 0.744140625 0.7327473953125 0.740234375 0.7294921875 0.730224609375 0.7288411453125 0.717041015625 0.7249348953125 0.708984375 0.7255859375 0.701416015625 0.724609375 0.685546875 0.7190755203125 0.6728515625 0.7177734375 0.66162109375 0.712890625 0.65380859375 0.7109375 0.648193359375 0.7073567703125 0.646240234375 0.7047526046875 0.63818359375 0.7027994796875 0.634033203125 0.69921875 0.630126953125 0.6943359375 0.625732421875 0.6852213546875 0.62451171875 0.6686197921875 0.621826171875 0.6617838546875 0.620849609375 0.6500651046875 0.615478515625 0.6266276046875 0.61376953125 0.609375 0.61083984375 0.5970052078125 0.609619140625 0.5836588546875 0.60595703125 0.5686848953125 0.60546875 0.5621744796875 0.60302734375 0.5563151046875 0.60205078125 0.544921875 0.59912109375 0.533203125 0.597412109375 0.5162760421875 0.594970703125 0.5078125 0.59326171875 0.4899088546875 0.591552734375 0.4873046875 0.59033203125 0.482421875 0.585205078125 0.443359375 0.58154296875 0.435546875 0.582275390625 0.4319661453125 0.58154296875 0.4241536453125 0.573974609375 0.3779296875 0.572021484375 0.3733723953125 0.5634765625 0.3727213546875 0.556396484375 0.3707682296875 0.55419921875 0.3688151046875 0.54833984375 0.3681640625 0.541015625 0.365234375 0.523681640625 0.3649088546875 0.52099609375 0.3684895828125 0.51806640625 0.3766276046875 0.517578125 0.3811848953125 0.518310546875 0.3834635421875 0.517333984375 0.388671875 0.518798828125 0.3919270828125 0.5185546875 0.4013671875 0.516357421875 0.4150390625 0.515869140625 0.4244791671875 0.51708984375 0.4365234375 0.51806640625 0.4391276046875 0.517822265625 0.4430338546875 0.519287109375 0.4469401046875 0.5185546875 0.4514973953125 0.519775390625 0.4554036453125 0.522216796875 0.4586588546875 0.521728515625 0.462890625 0.52587890625 0.4752604171875 0.523681640625 0.4856770828125 0.518798828125 0.4860026046875 0.517578125 0.4873046875 0.517578125 0.4977213546875 0.525634765625 0.498046875 0.529296875 0.5026041671875 0.530029296875 0.5205078125 0.529296875 0.525390625 0.530517578125 0.5299479171875 0.529052734375 0.533203125 0.531982421875 0.5367838546875 0.530517578125 0.5413411453125 0.53369140625 0.5524088546875 0.5322265625 0.5611979171875 0.53564453125 0.5673828125 0.534912109375 0.57421875 0.537353515625 0.5768229171875 0.5400390625 0.591796875 0.542236328125 0.5960286453125 0.54248046875 0.599609375 0.54541015625 0.6064453125 0.545166015625 0.6083984375 0.54248046875 0.6103515625 0.542236328125 0.6129557296875 0.54541015625 0.6220703125 0.544189453125 0.626953125 0.545654296875 0.6302083328125 0.546875 0.6383463546875 0.546630859375 0.642578125 0.548095703125 0.6494140625 0.547607421875 0.6546223953125 0.549560546875 0.658203125 0.55029296875 0.6647135421875 0.548583984375 0.669921875 0.551025390625 0.6735026046875 0.550048828125 0.677734375 0.553466796875 0.6832682296875 0.55517578125 0.693359375 0.5546875 0.701171875 0.54833984375 0.7005208328125 0.54541015625 0.7024739578125 0.531005859375 0.7027994796875 0.52587890625 0.7021484375 0.520751953125 0.6995442703125 0.51025390625 0.69921875 0.506103515625 0.6962890625 0.502197265625 0.6956380203125 0.49560546875 0.6901041671875 0.485595703125 0.6904296875 0.48291015625 0.6891276046875 0.476025390625 0.6897786453125 0.475341796875 0.6875 0.477294921875 0.685546875 0.474365234375 0.6832682296875 0.466796875 0.6796875 0.4638671875 0.6803385421875 0.462890625 0.6770833328125 0.455810546875 0.6754557296875 0.453857421875 0.67578125 0.453125 0.6774088546875 0.453369140625 0.6790364578125 0.4560546875 0.6813151046875 0.455810546875 0.6839192703125 0.4541015625 0.6858723953125 0.45166015625 0.6865234375 0.435791015625 0.6861979171875 0.431884765625 0.6845703125 0.4287109375 0.6861979171875 0.4228515625 0.6861979171875 0.406982421875 0.6813151046875 0.400390625 0.6822916671875 0.397216796875 0.6800130203125 0.394775390625 0.6800130203125 0.3935546875 0.6813151046875 0.390869140625 0.6787109375 0.387939453125 0.6783854171875 0.381103515625 0.6735026046875 0.373779296875 0.6728515625 0.368896484375 0.6748046875 0.364990234375 0.671875 0.35302734375 0.6725260421875 0.345947265625 0.6695963546875 0.340576171875 0.6708984375 0.3310546875 0.6663411453125 0.32861328125 0.6673177078125 0.326171875 0.6712239578125 0.32275390625 0.6692708328125 0.318603515625 0.6715494796875 0.314453125 0.6692708328125 0.310302734375 0.669921875 0.305908203125 0.6735026046875 0.3046875 0.67578125 0.304443359375 0.6774088546875 0.306396484375 0.6787109375 0.310791015625 0.6754557296875 0.31396484375 0.6790364578125
2 0.6471701515625 0.3596369484375 0.5967207109375 0.348433909375 0.5558806984375 0.33723086874999997 0.52224775 0.32656130625 0.44698328125 0.3127933796875 0.4041413109375 0.3250633734375 0.42656326718750004 0.34693595781250003 0.559884621875 0.366038684375 0.5807050140625 0.366038684375 0.6067305296875001 0.3809760578125 0.628351703125 0.3735073703125 0.6475705296875 0.3740408484375 0.6535764093750001 0.3772417234375 0.6695921078125 0.391645621875 0.698420375 0.40178170937499996 0.7200415484375 0.414585178125 0.7540748875000001 0.4188529890625 0.787707846875 0.414585178125 0.8041239499999999 0.41351822499999996 0.8181376515625001 0.4071164734375 0.817737275 0.396446928125 0.80772745625 0.38310998125 0.7784988390625001 0.3900451921875 0.7412623453125 0.3836434578125 0.6936156546875 0.3665721609375 0.6471701515625 0.3596369484375
2 0.658203125 0.3131510421875 0.66455078125 0.3154296875 0.669677734375 0.3199869796875 0.68017578125 0.3232421875 0.685302734375 0.3277994796875 0.699951171875 0.3274739578125 0.72021484375 0.33203125 0.731689453125 0.33203125 0.736572265625 0.3346354171875 0.749267578125 0.3369140625 0.759521484375 0.3424479171875 0.772705078125 0.3408203125 0.779541015625 0.3385416671875 0.783203125 0.3427734375 0.787353515625 0.3434244796875 0.791015625 0.3515625 0.796630859375 0.3551432296875 0.804443359375 0.3570963546875 0.808349609375 0.3610026046875 0.81591796875 0.3610026046875 0.810302734375 0.3336588546875 0.80859375 0.3304036453125 0.79638671875 0.3235677078125 0.79248046875 0.318359375 0.788330078125 0.3157552078125 0.786865234375 0.3134765625 0.7861328125 0.3147786453125 0.77783203125 0.3170572921875 0.7744140625 0.3154296875 0.771728515625 0.3108723953125 0.75146484375 0.3111979171875 0.748046875 0.3079427078125 0.74365234375 0.30859375 0.7412109375 0.3076171875 0.73583984375 0.3092447921875 0.732421875 0.3072916671875 0.72802734375 0.3069661453125 0.722900390625 0.302734375 0.719482421875 0.3014322921875 0.716796875 0.2975260421875 0.70458984375 0.2975260421875 0.700927734375 0.3004557296875 0.697265625 0.3014322921875 0.694580078125 0.296875 0.6923828125 0.2965494796875 0.689453125 0.2981770828125 0.685546875 0.2975260421875 0.682861328125 0.3014322921875 0.676513671875 0.3030598953125 0.670166015625 0.2972005203125 0.662353515625 0.2991536453125 0.65869140625 0.2978515625 0.6416015625 0.2972005203125 0.64111328125 0.2985026046875 0.642578125 0.30078125 0.651611328125 0.3046875 0.658203125 0.3131510421875
2 0.51806640625 0.291015625 0.517578125 0.2945963546875 0.521484375 0.2952473953125 0.531494140625 0.2936197921875 0.532958984375 0.2958984375 0.53076171875 0.298828125 0.5341796875 0.30078125 0.54052734375 0.30078125 0.544921875 0.2952473953125 0.546875 0.2958984375 0.548828125 0.2994791671875 0.5498046875 0.298828125 0.549560546875 0.2942708328125 0.552978515625 0.291015625 0.55029296875 0.2877604171875 0.550537109375 0.2858072921875 0.552490234375 0.283203125 0.55126953125 0.2819010421875 0.55029296875 0.2776692703125 0.547607421875 0.2750651046875 0.54248046875 0.2731119796875 0.540771484375 0.2708333328125 0.5224609375 0.2662760421875 0.517333984375 0.2662760421875 0.51318359375 0.2672526046875 0.511474609375 0.2711588546875 0.51171875 0.2838541671875 0.513916015625 0.2858072921875 0.51513671875 0.2897135421875 0.51806640625 0.291015625
1 0.268108275 0.2654465515625 0.27691690625 0.28998653750000003 0.294133790625 0.307057834375 0.3609993078125 0.321995209375 0.4050424640625 0.32412915 0.41985697499999997 0.31292609374999997 0.4190561921875 0.2937208890625 0.43627304999999994 0.2782500203125 0.4779138328125 0.288919584375 0.5063417234375 0.2931874125 0.5111464156250001 0.28038394375000003 0.502337784375 0.2707813328125 0.48191777187499996 0.2633126453125 0.46830444687500006 0.2553104828125 0.4538903125 0.24037309062499998 0.4306675484375 0.230237003125 0.41104834375 0.23397135468750002 0.401038525 0.248375253125 0.39543305 0.25691091093749996 0.355794209375 0.24997569999999997 0.3401788890625 0.24624134843749998 0.3169561515625 0.24730829999999998 0.27611612343749997 0.230237003125 0.2693094609375 0.23130397343750003 0.2665067109375 0.245707871875 0.268108275 0.2654465515625
2 0.279541015625 0.216796875 0.289306640625 0.22037760468749998 0.290771484375 0.22688802031250002 0.29150390625 0.2255859375 0.29541015625 0.22819010468749998 0.296630859375 0.232421875 0.30224609375 0.23567708281250002 0.324462890625 0.23795572968749998 0.32763671875 0.23697916718749998 0.329833984375 0.23470052031250002 0.333984375 0.23372395781250002 0.337158203125 0.240234375 0.34228515625 0.24055989531250002 0.345458984375 0.23470052031250002 0.34912109375 0.23600260468749998 0.35791015625 0.23470052031250002 0.360595703125 0.23600260468749998 0.358642578125 0.24381510468749998 0.361083984375 0.24641927031250002 0.36376953125 0.2470703125 0.36767578125 0.24674479218749998 0.373046875 0.244140625 0.376953125 0.24674479218749998 0.382080078125 0.24739583281250002 0.384033203125 0.2451171875 0.38330078125 0.2392578125 0.384521484375 0.2373046875 0.386962890625 0.23697916718749998 0.38788713750000003 0.23574683749999997 0.38427734375 0.23307291718749998 0.384033203125 0.22819010468749998 0.3857421875 0.2255859375 0.388671875 0.22428385468749998 0.392578125 0.22623697968749998 0.397216796875 0.22330729218749998 0.3994140625 0.22493489531250002 0.40185546875 0.22428385468749998 0.399658203125 0.220703125 0.39697265625 0.21940104218749998 0.39404296875 0.2197265625 0.39013671875 0.22233072968749998 0.388427734375 0.21842447968749998 0.38916015625 0.21647135468749998 0.38232421875 0.21516927031250002 0.379638671875 0.212890625 0.365234375 0.21158854218749998 0.36083984375 0.20930989531250002 0.3505859375 0.20735677031250002 0.346435546875 0.205078125 0.3408203125 0.20540364531250002 0.333984375 0.20345052031250002 0.325927734375 0.203125 0.31689453125 0.205078125 0.306396484375 0.205078125 0.298828125 0.20182291718749998 0.29345703125 0.20279947968749998 0.291015625 0.20149739531250002 0.28759765625 0.20475260468749998 0.284423828125 0.20572916718749998 0.27880859375 0.20475260468749998 0.27587890625 0.2080078125 0.2727864578125 0.208984375 0.271484375 0.208984375 0.267822265625 0.20572916718749998 0.26708984375 0.20670572968749998 0.2666015625 0.20930989531250002 0.267333984375 0.21126302031250002 0.275390625 0.208984375 0.277099609375 0.2099609375 0.279296875 0.21256510468749998 0.279541015625 0.216796875
2 0 0.6458333328125 0.002197265625 0.6458333328125 0.005859375 0.6435546875 0.014404296875 0.646484375 0.013427734375 0.6487630203125 0.009765625 0.6487630203125 0.009521484375 0.650390625 0.013427734375 0.6513671875 0.014404296875 0.6539713546875 0.017578125 0.6572265625 0.02197265625 0.6575520828125 0.0302734375 0.6546223953125 0.032470703125 0.6500651046875 0.036865234375 0.6494140625 0.04443359375 0.6451822921875 0.04833984375 0.6451822921875 0.05615234375 0.6487630203125 0.064697265625 0.6481119796875 0.067626953125 0.6468098953125 0.07373046875 0.6484375 0.087646484375 0.6468098953125 0.09326171875 0.6432291671875 0.09814453125 0.642578125 0.115234375 0.6448567703125 0.118896484375 0.6471354171875 0.1259765625 0.6481119796875 0.139404296875 0.6481119796875 0.150146484375 0.65234375 0.154296875 0.6526692703125 0.157958984375 0.65625 0.162841796875 0.6552734375 0.166259765625 0.6569010421875 0.17041015625 0.6555989578125 0.180908203125 0.6585286453125 0.19384765625 0.6575520828125 0.20068359375 0.6588541671875 0.204833984375 0.6611328125 0.22509765625 0.6627604171875 0.228515625 0.6643880203125 0.24072265625 0.6643880203125 0.243896484375 0.6637369796875 0.245361328125 0.662109375 0.2451171875 0.6461588546875 0.243896484375 0.642578125 0.237548828125 0.6399739578125 0.236083984375 0.6383463546875 0.236083984375 0.6363932296875 0.234619140625 0.6376953125 0.228271484375 0.638671875 0.2265625 0.6376953125 0.224609375 0.6341145828125 0.2197265625 0.6331380203125 0.216552734375 0.6305338546875 0.2080078125 0.6321614578125 0.203857421875 0.6298828125 0.200927734375 0.6266276046875 0.185302734375 0.6276041671875 0.177734375 0.6253255203125 0.170166015625 0.626953125 0.16015625 0.6259765625 0.154296875 0.6236979171875 0.14453125 0.6220703125 0.13818359375 0.6188151046875 0.1318359375 0.6171875 0.0732421875 0.6139322921875 0.068359375 0.615234375 0.060825892187499994 0.615234375 0.054443359375 0.6136067703125 0.034912109375 0.6126302078125 0.013427734375 0.6097005203125 0 0.6097005203125 0 0.6458333328125
2 0 0.28125 0.01953125 0.283203125 0.0302734375 0.2854817703125 0.03271484375 0.287109375 0.04541015625 0.2890625 0.0498046875 0.291015625 0.059814453125 0.2923177078125 0.064453125 0.2945963546875 0.08447265625 0.2972005203125 0.091796875 0.30078125 0.100341796875 0.30078125 0.10302734375 0.3037109375 0.107421875 0.3024088546875 0.1083984375 0.3043619796875 0.11181640625 0.3056640625 0.1142578125 0.3092447921875 0.119873046875 0.3082682296875 0.126708984375 0.3128255203125 0.130615234375 0.3141276046875 0.138671875 0.3115234375 0.1396484375 0.3069661453125 0.13916015625 0.3020833328125 0.14013671875 0.2942708328125 0.142333984375 0.2903645828125 0.14697265625 0.2861328125 0.15087890625 0.2880859375 0.154296875 0.2936197921875 0.1572265625 0.2952473953125 0.157958984375 0.3072916671875 0.16015625 0.3108723953125 0.165771484375 0.31640625 0.16943359375 0.31640625 0.173583984375 0.318359375 0.177490234375 0.3170572921875 0.18115234375 0.3190104171875 0.185302734375 0.318359375 0.18896484375 0.3219401046875 0.199951171875 0.3238932296875 0.20458984375 0.3271484375 0.208984375 0.3258463546875 0.2158203125 0.3196614578125 0.221435546875 0.296875 0.222900390625 0.294921875 0.239990234375 0.2958984375 0.240966796875 0.2945963546875 0.241455078125 0.28515625 0.24072265625 0.2789713546875 0.241455078125 0.2734375 0.240234375 0.2620442703125 0.236083984375 0.2600911453125 0.23095703125 0.2600911453125 0.228515625 0.2568359375 0.22705078125 0.2578125 0.2236328125 0.2574869796875 0.220703125 0.2548828125 0.211669921875 0.25390625 0.209228515625 0.251953125 0.20166015625 0.251953125 0.199951171875 0.2535807296875 0.19580078125 0.25390625 0.19384765625 0.2522786453125 0.194091796875 0.248046875 0.193115234375 0.24772135468749998 0.18408203125 0.248046875 0.177490234375 0.2451171875 0.1670735671875 0.24479166718749998 0.162109375 0.24251302031250002 0.154541015625 0.2421875 0.142822265625 0.23958333281250002 0.1376953125 0.240234375 0.130615234375 0.23795572968749998 0.118408203125 0.23860677031250002 0.115478515625 0.23567708281250002 0.110595703125 0.23795572968749998 0.107177734375 0.2412109375 0.10400390625 0.2373046875 0.099853515625 0.23600260468749998 0.09765625 0.23795572968749998 0.091064453125 0.23958333281250002 0.0751953125 0.23763020781250002 0.068359375 0.23470052031250002 0.064208984375 0.23502604218749998 0.054931640625 0.23177083281250002 0.052490234375 0.22981770781250002 0.047607421875 0.2294921875 0.041015625 0.224609375 0.038818359375 0.22591145781250002 0.03515625 0.22493489531250002 0.033447265625 0.22298177031250002 0.034912109375 0.21842447968749998 0.037841796875 0.216796875 0.0322265625 0.21516927031250002 0.029052734375 0.21061197968749998 0.025634765625 0.2080078125 0.021240234375 0.21028645781250002 0.01953125 0.20865885468749998 0.020263671875 0.205078125 0.002197265625 0.203125 0 0.203125 0 0.28125
1 0.558793078125 0.27771654375 0.55558995 0.2910535078125 0.549984446875 0.302256546875 0.5619962609375 0.30492392968750004 0.565199390625 0.3027900234375 0.5716056484375 0.299589146875 0.5892229109375 0.2947878421875 0.6052386078125 0.2894530609375 0.6276605640625 0.2921204609375 0.643275884375 0.2947878421875 0.6452778265625 0.2926539375 0.6406747484374999 0.283623025 0.612846053125 0.278783515625 0.59002371875 0.26971438124999997 0.572806834375 0.2654465515625 0.558793078125 0.27771654375
1 0.703125 0.357421875 0.703857421875 0.3528645828125 0.70556640625 0.3522135421875 0.707275390625 0.353515625 0.70703125 0.357421875 0.708984375 0.3597005203125 0.713134765625 0.3600260421875 0.716552734375 0.3658854171875 0.724609375 0.3623046875 0.72705078125 0.3665364578125 0.734130859375 0.3701171875 0.736083984375 0.3733723953125 0.744384765625 0.3736979171875 0.74755859375 0.3756510421875 0.75146484375 0.3746744796875 0.755859375 0.3756510421875 0.758544921875 0.3740234375 0.76953125 0.3782552078125 0.779296875 0.3841145828125 0.791259765625 0.384765625 0.79541015625 0.3863932296875 0.798583984375 0.3821614578125 0.80615234375 0.376953125 0.803955078125 0.3717447921875 0.799560546875 0.369140625 0.802490234375 0.3629557296875 0.80517578125 0.3610026046875 0.799560546875 0.3531901046875 0.798828125 0.34765625 0.796875 0.3499348953125 0.794677734375 0.3505859375 0.7900390625 0.3427734375 0.786376953125 0.3427734375 0.783447265625 0.3404947921875 0.77880859375 0.3411458328125 0.77587890625 0.3401692703125 0.76416015625 0.3427734375 0.755615234375 0.3421223953125 0.75244140625 0.3388671875 0.743408203125 0.3346354171875 0.73095703125 0.3313802078125 0.719970703125 0.3313802078125 0.708984375 0.328125 0.69091796875 0.3277994796875 0.686279296875 0.3297526046875 0.68505859375 0.34375 0.685546875 0.3522135421875 0.697021484375 0.3590494796875 0.703125 0.357421875
2 0.76806640625 0 0.76806640625 0.001953125 0.77490234375 0.0061848953125 0.779541015625 0.0052083328125 0.780517578125 0.007161457812499999 0.78662109375 0.010091145312499999 0.790283203125 0.009440104687500001 0.798583984375 0.013020832812499999 0.803955078125 0.013346354687500001 0.808349609375 0.015625 0.8095703125 0.017578125 0.814208984375 0.0192057296875 0.818603515625 0.01953125 0.825439453125 0.0221354171875 0.83837890625 0.0234375 0.847900390625 0.0263671875 0.8720703125 0.0283203125 0.876708984375 0.0315755203125 0.880859375 0.0322265625 0.88427734375 0.0302734375 0.88525390625 0.02734375 0.8857421875 0.017578125 0.88427734375 0.013997395312499999 0.885009765625 0 0.76806640625 0
2 0.810302734375 0.21712239531250002 0.814453125 0.21516927031250002 0.829833984375 0.21809895781250002 0.833984375 0.21712239531250002 0.841064453125 0.21809895781250002 0.844970703125 0.22786458281250002 0.849365234375 0.2314453125 0.857421875 0.23600260468749998 0.872802734375 0.24153645781250002 0.874755859375 0.2412109375 0.876708984375 0.23893229218749998 0.881103515625 0.23893229218749998 0.884033203125 0.2412109375 0.88916015625 0.24088541718749998 0.894287109375 0.232421875 0.895751953125 0.22526041718749998 0.894287109375 0.22135416718749998 0.892333984375 0.21940104218749998 0.889892578125 0.22037760468749998 0.880859375 0.21940104218749998 0.872802734375 0.21419270781250002 0.869140625 0.21647135468749998 0.86328125 0.2158203125 0.833251953125 0.208984375 0.814453125 0.20638020781250002 0.810546875 0.20279947968749998 0.806884765625 0.20475260468749998 0.80126953125 0.20442708281250002 0.79931640625 0.20638020781250002 0.798828125 0.208984375 0.802734375 0.2138671875 0.806396484375 0.21647135468749998 0.810302734375 0.21712239531250002
2 0.623291015625 0.1767578125 0.626708984375 0.18359375 0.630859375 0.185546875 0.6357421875 0.185546875 0.637939453125 0.1891276046875 0.646728515625 0.1888020828125 0.6572265625 0.1907552078125 0.665771484375 0.1940104171875 0.669921875 0.1943359375 0.67333984375 0.197265625 0.688720703125 0.197265625 0.7158203125 0.1940104171875 0.72802734375 0.1979166671875 0.73876953125 0.1988932296875 0.744873046875 0.201171875 0.7534993484375 0.20052083281250002 0.755126953125 0.20247395781250002 0.755126953125 0.205078125 0.7646484375 0.20540364531250002 0.77099609375 0.20703125 0.77392578125 0.205078125 0.7685546875 0.1930338546875 0.76416015625 0.1728515625 0.75927734375 0.1702473953125 0.7509765625 0.1686197921875 0.75 0.166015625 0.74853515625 0.1653645828125 0.73876953125 0.1653645828125 0.73828125 0.1673177078125 0.739501953125 0.1702473953125 0.735107421875 0.1761067703125 0.732421875 0.1774088546875 0.7265625 0.1774088546875 0.721923828125 0.1767578125 0.712646484375 0.1728515625 0.705078125 0.1728515625 0.700439453125 0.1702473953125 0.694091796875 0.1686197921875 0.682373046875 0.1686197921875 0.657470703125 0.1647135421875 0.653564453125 0.162109375 0.646484375 0.16015625 0.63330078125 0.1588541671875 0.62646484375 0.1552734375 0.6103515625 0.1552734375 0.604736328125 0.1565755203125 0.604736328125 0.158203125 0.609375 0.1604817703125 0.619384765625 0.173828125 0.623291015625 0.1767578125
