2 1 0.1360526609375 0.9954642281250001 0.1191586640625 0.9931624593749999 0.1164302921875 0.989370225 0.1048226859375 0.9873463359375 0.10145694218750001 0.9780669671875 0.07326338906249999 0.9743311390624999 0.06524438125000001 0.9706857890625 0.0601638234375 0.9683393562499999 0.0489579546875 0.9680679218750001 0.040142606250000004 0.9648420390625001 0.036387901562500005 0.9630684 0.023582214062500002 0.9135757734375 0.020988415625 0.9098270562499999 0.031874849999999996 0.9094469578125001 0.0344626703125 0.9115901031250001 0.035552890625 0.9134042609374999 0.0382557078125 0.9118274640624999 0.045018390625 0.9108851640625 0.058333674999999995 0.908106375 0.064707396875 0.9109116437500001 0.0811527921875 0.9138479078125 0.0904337671875 0.9211268671875 0.10548378124999999 0.923462709375 0.107562003125 0.9268695484375 0.11719360781249999 0.9328166671875 0.1250025359375 0.9339217375000001 0.13190576874999999 0.9422781406249999 0.14505644374999999 0.94155201875 0.1495819359375 0.9462119609374999 0.158627278125 0.9501287453125 0.1725231859375 0.9502532953125 0.174811484375 0.9488127921875 0.1789735703125 0.9450364468749999 0.1810574328125 0.9471114453125 0.1834479515625 0.9485795781249999 0.1880884390625 0.9500764859374999 0.187514953125 0.9522025953125001 0.18893025000000002 0.95394860625 0.19293336562500002 0.9498262359374999 0.1969548984375 0.9512038890625 0.1986569359375 0.954566065625 0.19981104375 0.9572191546875001 0.205165565625 0.9569976812500001 0.2093915375 0.9588852796875 0.21535787812499999 0.9598881312499999 0.22421155937499998 0.9594845515625 0.2365771765625 0.9602383031249999 0.24085425625 0.9649493546875 0.2489243734375 0.966734734375 0.2568411625 0.974332090625 0.261150934375 0.9756245625 0.264478346875 0.9794913859375001 0.2653329328125 0.9822020296874999 0.2602595109375 0.9839597812499999 0.25937372812500004 0.9850936296875 0.2610629890625 0.9853768031250001 0.264989440625 0.9893564375 0.27302122500000003 0.9943230359375 0.27621522187499997 0.9967716890625 0.285470640625 1 0.2920891625 1 0.1360526609375
2 1 0.3780664734375 0.9979209750000001 0.3754979203125 0.9936006125000001 0.37396762968749997 0.9913382125 0.37515293125000004 0.989393059375 0.3796145375 0.9855262359375001 0.37875994999999996 0.98353641875 0.37474405625 0.9776339640625 0.375412625 0.9747764374999999 0.37395899843749997 0.9701441234375 0.37371622968749996 0.9663848140625 0.3754750171875 0.938642034375 0.373043178125 0.9344579640624999 0.3689122890625 0.932711953125 0.36490917343749996 0.9273311828124999 0.36495314687499997 0.92351546875 0.363123334375 0.9198871546875 0.357717703125 0.9118585921875001 0.3569709765625 0.9045220796875 0.35234890625 0.8967543578124999 0.35128988437499997 0.88957646875 0.348305965625 0.8841957 0.3483499390625 0.8811625125000001 0.3455832359375 0.8767740046875 0.34535324375 0.8773861671875001 0.3476670984375 0.8762916875 0.3498915125 0.8694310453125 0.350183896875 0.8661540531249999 0.347404415625 0.8559141984374999 0.3468677671875 0.8517013499999999 0.347950853125 0.8509528968750001 0.3482375953125 0.8520697078125 0.3502519296875 0.8508442328125 0.35964076562499997 0.8535484312499999 0.3640200640625 0.8540754125 0.36795929374999997 0.8570234171875001 0.37235136875 0.856427140625 0.38372898437499997 0.8586096546875 0.3887328796875 0.8592664828125001 0.39952423125 0.863121565625 0.4052677171875 0.8657799515625 0.4151860640625 0.869617996875 0.4212546234375 0.8703206390625 0.42650692812499996 0.8694294484375 0.438846990625 0.8709657249999999 0.442187178125 0.8721272015625001 0.45267901093749996 0.8759088437500001 0.45515897031249997 0.8781765390625 0.45853749062500004 0.8786694468749999 0.46312686875000003 0.8912451421875 0.46574173906249994 0.8967281296875 0.46374731718750006 0.9011166390625001 0.463977309375 0.9065878859375 0.466871784375 0.9139138078125001 0.46236620625 0.9182852796875001 0.46292127499999997 0.9199014453125001 0.46007226562500003 0.9305948374999999 0.46128461718749997 0.9345862125 0.46442750468750005 0.939405928125 0.461094453125 0.9450816124999999 0.46008803125000003 0.9545730109375 0.4609114234375 0.9574135015625 0.46269012343749993 0.9625845375000001 0.4619832234375 0.9654420640625 0.4634368515625 0.97111775 0.4624304296875 0.9719396453125 0.4654072125 0.9698699421875 0.4675805171875 0.9700849703125 0.4728072671875 0.96895641875 0.4756818296875 0.9762758953124999 0.480628975 0.9802960468749999 0.47855788749999995 0.9819345437500001 0.47994762812499997 0.9809986890625 0.48381019375 0.983368603125 0.48523826562499994 1 0.48489611093749996 1 0.3780664734375
2 0.359489934375 0.6807194609375 0.3608675890625 0.6824215 0.35904169218750004 0.68460758125 0.358956509375 0.6862329546875 0.3628233328125 0.6870875421875 0.3695870515625 0.6933094296875 0.38225322500000003 0.6988627484375 0.3888583203125 0.7034464859375 0.4101141109375 0.7130356109375 0.4343690140625 0.7260415890624999 0.47281577812500003 0.7388134281250001 0.48540586250000006 0.7388213109375 0.4932614125 0.7405368718750001 0.496345709375 0.7423283515625 0.514580053125 0.7442618765625 0.51980749375 0.7471435750000001 0.5247006515625 0.747074046875 0.527938275 0.745939853125 0.5293787796875 0.74177776875 0.532735659375 0.7383680515625 0.5324695203124999 0.7341165265625 0.5354580421875 0.7284057328125 0.5481988062500001 0.7232060312499999 0.5540160796875 0.7241628359375001 0.5597311328125001 0.727070090625 0.572165240625 0.727721734375 0.5828639296875 0.733497909375 0.5875132796875 0.7334156046875 0.591289625 0.7313317421875001 0.595207559375 0.7312111031249999 0.6225361671874999 0.7368809140625 0.6414220421875 0.7450419671875 0.6453623078125 0.749160078125 0.6564751671875 0.751698284375 0.6592081421875 0.7508636109375 0.6618336046875 0.7474155609375 0.6688869421875 0.7481111796875 0.6731732328125 0.7502916203125001 0.6735468859375 0.7571565203125 0.67685150625 0.7687385718749999 0.6758645421875 0.7735763609374999 0.6770207218750001 0.7795043703125 0.681380453125 0.7849483359375 0.6860862109375 0.7884546296875 0.69349086875 0.7917763984375 0.6990472984375 0.7930455015625 0.710767025 0.7933337390624999 0.7208194781249999 0.7974462078125 0.7331343312499999 0.8003733765625001 0.74625404375 0.8066023984375 0.75120360625 0.810121471875 0.767022221875 0.8161659703125 0.7830793468749999 0.8176594234375001 0.79005924375 0.8150915171875001 0.7944477531249999 0.8153215093749999 0.8003108375 0.8107392671874999 0.8060546687500001 0.808432546875 0.8082436265625 0.80398371875 0.8128365734375 0.8003128140625 0.814832834375 0.7948759875 0.82172755 0.793933453125 0.842643759375 0.7960075265625 0.8447134640625 0.7938342234375 0.846431846875 0.7890347671875 0.852056421875 0.7890035703125 0.888320671875 0.7967715156249999 0.8966664812499999 0.80079454375 0.91371586875 0.8020140328125 0.9202304859374999 0.80365931875 0.9235074781250001 0.8064387999999999 0.9224406265624999 0.817465784375 0.9230868624999999 0.8191294906250001 0.9286432921875001 0.82039859375 0.9309227296874999 0.8188882156249999 0.92999331875 0.8132980578125 0.9269037265625 0.80694275625 0.9281856062499999 0.8011425203125 0.9248010984375 0.795749665625 0.9218936125000001 0.7812547171875 0.9218319109375 0.7731022953125 0.90955113125 0.7695249796875 0.90680111875 0.7706847265625 0.9019761078125 0.76945395625 0.8984435671875 0.7715505968749999 0.8868260609374999 0.7693119109375 0.883605471875 0.7701210296875 0.8599222140625 0.769531778125 0.8550972031249999 0.76830100625 0.84714208125 0.7708178046875 0.8447892031249999 0.7690646578125 0.83165775 0.7677245328125 0.826413271875 0.765167909375 0.8201083875 0.7641855484375 0.8139397953125 0.760602590625 0.80881986875 0.7603342671875 0.7935229374999999 0.753665171875 0.7903364234375 0.7538241421875 0.7897465921875 0.755749034375 0.7861537328125 0.7558867078125 0.7725896921875 0.751916171875 0.7666702015625 0.7529098140625 0.7598777046875 0.7519019 0.7510783546875001 0.7472031671875 0.74721153125 0.74634858125 0.73498715625 0.7463598625000001 0.73162498125 0.7452057562500001 0.7278944484375 0.741750571875 0.717932475 0.7405765515625 0.7049713859375 0.7359856796875001 0.6968917140625 0.7362141765625 0.6893848359375 0.7348428546875 0.6738270625 0.7284860578125001 0.6612172937499999 0.7265213390625 0.6502577625 0.7210574609375 0.6425581890625 0.7186981375 0.63713805 0.7148284359375 0.63532389375 0.7121256203125 0.6273805125 0.7097535203125 0.6234232109375 0.7059604828125 0.6197778609375 0.700879925 0.6158663734375 0.6915478421875 0.6155162015625 0.67490514375 0.6131921 0.667938025 0.6128301890625 0.656184225 0.6086930796875001 0.63249774375 0.60788936875 0.6151793421875 0.60561108125 0.602673175 0.6050905453125 0.589281225 0.60221713125 0.5741361281249999 0.6020702484375 0.5676090796875 0.5999388437500001 0.5616299609375 0.5995598953125 0.5502012359374999 0.597247534375 0.53834521875 0.5964267875 0.5213518921875 0.5944316749999999 0.5127721765625 0.5936620359375 0.494803625 0.5920916859375 0.4921135859375 0.5911282015625 0.487173578125 0.5880526484375 0.4478962875 0.5848044328124999 0.43990283437500005 0.5857232515625 0.4363653453125 0.5854007078125 0.42852521875000005 0.580261896875 0.38196851249999997 0.5785499578125 0.377315246875 0.5700508203125 0.3762178921875 0.5630826625 0.3738969015625 0.560990628125 0.37183145624999997 0.55517335625 0.3708746515625 0.548012503125 0.3675656578125 0.530719309375 0.36633339375 0.5278500421875 0.36976866406250003 0.524498459375 0.37774220468749997 0.5237723375 0.38226769531250004 0.5243845 0.3845815515625 0.5231366921875 0.3897316375 0.5244291640625 0.39305904687500004 0.5236913015625 0.40247343750000003 0.5207815171875 0.4160115796875 0.519799846875 0.42541319218750007 0.5203885296874999 0.43750484375000004 0.5212274625 0.4401565515625 0.52077921875 0.44404467031249995 0.5220376171875001 0.44802223124999996 0.5210676890625 0.45253494375000003 0.52208228125 0.45649972656250004 0.524349978125 0.45987824843749997 0.5236408921875 0.4640786640625 0.527138209375 0.47664871875000003 0.5243987890625 0.4869361125 0.5195056328125001 0.4870056421875 0.51821845625 0.48824205468750004 0.517673290625 0.4986444453125 0.525701853125 0.499391171875 0.5291204328125 0.504133878125 0.528914846875 0.52205131875 0.52792788125 0.5268891078125 0.5289084015625 0.531504040625 0.5272752015625 0.5346781234375 0.5300134734374999 0.538407275 0.5283121265624999 0.5428816546874999 0.530902365625 0.5541003015625 0.5289795453125 0.5628006562500001 0.5320691375 0.5691559578125001 0.5309799546875 0.57594419375 0.5332817234375 0.578672565625 0.5351799125000001 0.593766553125 0.53715269375 0.5981075203125 0.5372090984375 0.6016961203125 0.53977700625 0.6086760171875001 0.53943098125 0.6106136875 0.536646896875 0.6124235859375 0.5362667984375 0.6150114062500001 0.53895925625 0.624279603125 0.5374846796875 0.6290918375000001 0.5387771515625001 0.6324192484375 0.5395702703125 0.640610003125 0.5391049906250001 0.644823196875 0.5402100625 0.6517264296875 0.5394498671875 0.6569020703125 0.5412129140624999 0.6605801125 0.541603603125 0.6671199390625 0.539624378125 0.6722316921875 0.5418750375 0.6759352875 0.5406783390625 0.68011015 0.5438020046875 0.6858153031249999 0.5449805171875 0.695982059375 0.5440840296875 0.7037582984374999 0.537779146875 0.7027759375 0.5347512546875001 0.7045730578125 0.5203496624999999 0.704144271875 0.5152638078125 0.703225796875 0.5102801734375 0.700356875 0.49981355 0.699482375 0.495822175 0.6963394890625 0.49195535156250003 0.6954849015625 0.48566220781249997 0.68961364375 0.4756491234375 0.689414846875 0.47303540312500003 0.6879739984375 0.46612600000000004 0.6882638265625001 0.4655625984375 0.6859525265624999 0.467615265625 0.684104296875 0.46480884843750003 0.681675446875 0.4574382609375 0.6777035265625 0.45447851562499997 0.6782003484375 0.45367365625 0.6748984921875001 0.44668846406249996 0.6729025765625 0.444720978125 0.67312543125 0.44390437812499994 0.6747124734375001 0.444063003125 0.6763506234375 0.4466256140625 0.6787666984375 0.446245515625 0.68135451875 0.4444366546875 0.6832155249999999 0.441964521875 0.6837379015625 0.426134165625 0.6825823015625 0.42231845156250003 0.6807524890625001 0.419063790625 0.6822117578125 0.4132124453125 0.6819051015625 0.3976206 0.6761984546875001 0.390986728125 0.6768286906250001 0.38793650468749996 0.6743870609375 0.38549844375000003 0.6742592875 0.3842112671875 0.6754957015625 0.3816656921875 0.672754553125 0.37875705625 0.67227615 0.372186034375 0.6670422640625 0.3649059265625 0.66600879375 0.3599275859375 0.6677036953125 0.35618001875 0.6645735859374999 0.34419944999999996 0.664597646875 0.3372824015625 0.66130143125 0.3318505234375 0.662320628125 0.3225805984375 0.657271265625 0.320091428125 0.6581187171875 0.31744893125 0.661891840625 0.314137865625 0.6597625093749999 0.3098739078125 0.66182081875 0.305848459375 0.6593280796875 0.301669684375 0.659761015625 0.297093775 0.6631068453125 0.2957554890625 0.66531848125 0.2954265015625 0.666931078125 0.297308803125 0.6683335953125 0.3018676765625 0.665312840625 0.30484975468750003 0.6690547671875 0.30878472343749996 0.66860905625 0.315316378125 0.6699292671875 0.3203000125 0.6727981890625 0.3261002484375 0.67408006875 0.3276876359375 0.676445034375 0.359489934375 0.6807194609375
2 0.4346746625 0.34330234531250003 0.5668135453125001 0.3693563921875 0.5876054046875 0.3704460484375 0.612813490625 0.3867250203125 0.6347959140625 0.3803981328125 0.6539604828125001 0.381936715625 0.659790609375 0.385447528125 0.6750305171875 0.4006698828125 0.7032887953125 0.412300834375 0.72421025625 0.42621832031249995 0.75797359375 0.43226145000000005 0.7917838203125 0.4297597015625 0.808233265625 0.4295533625 0.8225628031250001 0.4238938046875 0.8227213765625001 0.413217928125 0.813423278125 0.3993753859375 0.78387175625 0.40477138437500004 0.7470213343750001 0.396429615625 0.700333384375 0.3768880796875 0.6543144937500001 0.3675316015625 0.604520515625 0.353703596875 0.5643227937499999 0.3403785078125 0.5312943406249999 0.3279633546875 0.4568535765625 0.310275259375 0.4134281578125 0.3202862625 0.4346746625 0.34330234531250003
2 0.7287038515625001 0.3437866 0.7401627359375 0.344387134375 0.744902565625 0.3472432796875 0.7574612234375 0.3501832234375 0.7674114578125 0.3562461421875 0.7806621671875 0.35531074375 0.787607990625 0.3533929859375 0.7910436078124999 0.3578106171875 0.7951542375 0.35867798125 0.7983854171875 0.366996509375 0.8038055546875 0.3708662109375 0.8115051296875 0.3732255328125 0.8152015890625 0.37733086718750003 0.8227595750000001 0.3777269640625 0.8185830984375 0.35012680937499996 0.8170468203125001 0.34678662031249996 0.805214284375 0.33932118437500003 0.8015859703125001 0.33391555156249997 0.797577559375 0.3310977390625 0.796233978125 0.328745553125 0.7954344140625 0.33000751875 0.787025753125 0.3318486140625 0.7836976515625 0.33004435781249997 0.7812542953125 0.32535275937499997 0.7610013578125 0.32461731718750003 0.7577584374999999 0.32118768593749997 0.75333585625 0.32160784375 0.7509489046875 0.32050484687499997 0.7454999890625 0.32184911875 0.7421889234375 0.3197197890625 0.7378174515625 0.3191647203125 0.7329189984375 0.314670425 0.7295738593750001 0.3131912453125 0.72709643125 0.309149796875 0.714906128125 0.30851093125 0.711095709375 0.31124494375 0.7073875109375 0.31202850781249997 0.7049441546875 0.30733691093750004 0.7027669359375001 0.306896840625 0.69975608125 0.308368884375 0.6958892578125 0.3075142984375 0.6930029531249999 0.31127464531250004 0.6865788140625 0.31256780625 0.6805465140625 0.30638425156250004 0.6726425015624999 0.307925825 0.66905355625 0.30643386562499997 0.6520212078125 0.304889303125 0.65146545 0.3061640484375 0.6528090296875 0.308516234375 0.6616254171875 0.31288989218749996 0.66776523125 0.3216868234375 0.6739849343750001 0.3242945578125 0.6788663500000001 0.329113928125 0.6891796453125 0.3329141 0.6940610625 0.3377334703125 0.7087064609375 0.33817503437499996 0.7287038515625001 0.3437866
2 0.5445591484375 0.3028430984375 0.55089810625 0.303175309375 0.5555762343749999 0.29787903125000004 0.557492609375 0.2986314 0.5592556578125001 0.302309440625 0.5602649546875 0.3017104 0.5602596578125 0.2971465765625 0.5638433078125 0.2940747125 0.56133180625 0.2906834140625 0.5616778296875 0.28874574375 0.5637645703125 0.2862473640625 0.5626136859375 0.2848831796875 0.5618599359374999 0.28060609687500004 0.5593143609375 0.27786495 0.5542966515625001 0.27564617812500003 0.552709265625 0.27328121250000004 0.534662321875 0.2677718671875 0.5295423953125 0.26750354375 0.5253465828125 0.268261553125 0.5234355046875 0.2720730078125 0.5230148890625 0.2847637 0.525106925 0.28682914375 0.5261215171875 0.2907939265625 0.5289790437499999 0.292247553125 0.52830403125 0.29579782187500003 0.5321708546874999 0.29665240625 0.542252084375 0.2955509046875 0.5435956656250001 0.2979030921875 0.5412480828125 0.30071376875 0.5445591484375 0.3028430984375
1 0.42996293750000003 0.289767315625 0.44796588281250005 0.275218709375 0.488991196875 0.2880529625 0.5171567671874999 0.2938027421875 0.5226249562499999 0.281268278125 0.514330959375 0.27121781875 0.4943298125 0.262690665625 0.48115394375 0.2539870046875 0.4675413265625 0.23831570625 0.44488087031249995 0.22697812343749998 0.42509311250000004 0.22968056718750002 0.41434317031249995 0.24354085312499998 0.40829865468750004 0.2517714453125 0.3690771 0.2427712015625 0.3536786203125 0.23822472499999997 0.33043186874999997 0.2380748296875 0.290541253125 0.2188895265625 0.283688078125 0.21959880156249997 0.2801353265625 0.2338362765625 0.280701653125 0.25363172343749996 0.2882138890625 0.2785990859375 0.3045137359375 0.29654805 0.3705058546875 0.314964425 0.41437696874999996 0.31940048125 0.4297575 0.3089881109375 0.42996293750000003 0.289767315625
2 0.3163507015625 0.22568968906250003 0.3384177953125 0.22912795 0.3416383828125 0.22831883125000002 0.3439518921875 0.226158303125 0.3481477046875 0.22540029375 0.3509764546875 0.23206789374999998 0.3560793453125 0.23266129218749998 0.3595554796875 0.22697605156249998 0.3631444234375 0.22846801249999998 0.3719895875 0.227627696875 0.3746033078125 0.229068546875 0.372243984375 0.23676812187500001 0.3745457546875 0.23949649062499997 0.377193546875 0.2402871921875 0.38111147968750003 0.24016655468749998 0.3866115046875 0.23784705781249998 0.390376109375 0.24065209375 0.3954619640625 0.241570565625 0.3975316671875 0.23939726249999999 0.3971069046875 0.23350758593749998 0.39842815468750004 0.23162102343750002 0.40088325156250004 0.2314237234375 0.4018707265625 0.23024145312500002 0.398405821875 0.227382275 0.39841756250000004 0.22249337812499997 0.400260496875 0.2199822203125 0.4032543140625 0.21883525 0.4070529921875 0.2209901359375 0.411838634375 0.21830723281250003 0.4139477078125 0.2200476015625 0.416419840625 0.2195252265625 0.4144129875 0.2158344078125 0.41179926718750004 0.21439355937500001 0.4088565578125 0.2145653046875 0.40481936875 0.216961465625 0.40331716406250007 0.21297112812500002 0.40415080156250005 0.21105901093749999 0.397392378125 0.209400946875 0.39482976718749996 0.2069848734375 0.38051335625 0.2049307125 0.376244103125 0.202425196875 0.3661064671875 0.1999381 0.3620810203125 0.1974453625 0.3564564453125 0.1974765578125 0.34973209375000003 0.1951683453125 0.34170353124999997 0.19442161875 0.33258048906250004 0.1958993046875 0.32209682968750003 0.1953498796875 0.31470920625 0.1917030359375 0.3092943640625 0.192397159375 0.30692445 0.1909690859375 0.3033408015625 0.1940409515625 0.3001202125 0.19485007031249998 0.294563784375 0.1935809671875 0.291467746875 0.1966783859375 0.2883284265625 0.1974917640625 0.287028128125 0.19742361875 0.283541403125 0.1939812109375 0.28275887499999997 0.194918103125 0.28213497187500003 0.1974931453125 0.2827641703125 0.1994819265625 0.290929025 0.1976280546875 0.29258455781250003 0.19869272031250002 0.2946425203125 0.201408315625 0.294664853125 0.20564706250000003 0.30422969375000003 0.20973397968750002 0.30535180156249997 0.21631213593749998 0.306151365625 0.2150501703125 0.3099159703125 0.21785520625000002 0.3109135265625 0.22214506250000002 0.3163507015625 0.22568968906250003
2 0 0.6178896640625 0.0074033890625 0.6208695078125 0.006308909375 0.6230939203125 0.00265181875 0.6229022609375 0.00232283125 0.6245148578124999 0.00617261875 0.62569451875 0.0070115515625 0.6283462265625 0.010010665625 0.631763078125 0.0143821375 0.6323181453125 0.022824870312500002 0.6298269015625 0.025257634374999997 0.625390853125 0.029680217187500003 0.6249706953125 0.037459678125 0.621140821875 0.0413605734375 0.621345259375 0.0489749671875 0.6253299546875 0.0575422515625 0.6251270124999999 0.060536068750000005 0.623980040625 0.0665460375 0.6259248484375 0.08052816406249999 0.62502778125 0.0863231046875 0.6217458390624999 0.0912332984375 0.6213512359375 0.10818046562500001 0.624521171875 0.1117183 0.6269883562499999 0.11873756718749999 0.6283341234375001 0.1321468984375 0.6290368765625 0.142652890625 0.63382505 0.14678055625 0.6343673390625 0.150250246875 0.638134821875 0.1551774765625 0.63741514375 0.1585055796875 0.6392194 0.16271842812499998 0.638136315625 0.173048759375 0.6416114125 0.1860215890625 0.6413133875 0.19278001250000001 0.642971453125 0.196805459375 0.645464190625 0.216956178125 0.6481500828125 0.22028428125000002 0.6499543375 0.23247458281250002 0.6505932046875 0.235678134375 0.6501091609375 0.237226153125 0.6485604515625 0.2378171328125 0.6326190140625 0.236785503125 0.6289793046875001 0.2305828375 0.6260464953125 0.2292051828125 0.6243444593749999 0.22930740156249999 0.6223940109375 0.22777642031249998 0.6236176453125 0.221386353125 0.6242606578125 0.2197308203125 0.6231959921875 0.21796777343749998 0.6195179515625 0.21314276250000003 0.61828718125 0.210109575 0.615520478125 0.20149118124999998 0.6166986453125001 0.19746573437499998 0.6142059078125001 0.194710425 0.6108018328125 0.1790557296875 0.6109593078125 0.1716169984375 0.6082876859375 0.163973828125 0.6095169625 0.154028890625 0.60801786875 0.1482968 0.605435690625 0.138629740625 0.603299221875 0.1324611484375 0.5997162656249999 0.1262073734375 0.5977586796875001 0.0678642890625 0.5914413734374999 0.062920021875 0.592486125 0.055396864062499995 0.592091853125 0.049108260937499995 0.59013244375 0.029654885937499997 0.5881350328125 0.0083532828125 0.5840849546875 0 0.583647178125 0 0.6178896640625
2 0.0712869640625 0.269564796875 0.0758000234375 0.27208309062499997 0.0956558265625 0.27573142968750003 0.10278260624999999 0.279690571875 0.11131581875 0.28013777812499996 0.11384435625 0.28320400156250003 0.1183010109375 0.2821336953125 0.11917401718750001 0.284135253125 0.12251915625000001 0.2856144328125 0.124769815625 0.2893180296875 0.1304284625 0.288636684375 0.137016521875 0.29354549375 0.1408492734375 0.29505023124999996 0.1490311640625 0.292871284375 0.1502448984375 0.2883713484375 0.1500128328125 0.283469671875 0.15139693125 0.2757189890625 0.1537956234375 0.2719330875 0.1586494125 0.2679498859375 0.1624480890625 0.270104771875 0.16557175468750002 0.275809925 0.16841224531250001 0.2775886265625 0.1685133140625 0.2896547234375 0.17052016875 0.29334554062499996 0.17583808750000002 0.299165690625 0.179495178125 0.29935735 0.1835376625 0.3015250125 0.1875067046875 0.3004291515625 0.1910615765625 0.30257125937499996 0.1952403515625 0.302138325 0.1987100421875 0.3059058078125 0.2095790953125 0.3084312359375 0.21404104531249998 0.3119247515625 0.2184977 0.3108544453125 0.2256479609375 0.3050357890625 0.23244805156249998 0.2825744390625 0.23401310625 0.2807006546875 0.25102841875 0.2825702921875 0.2520717890625 0.28132110312499997 0.2530534578125 0.271919490625 0.25264573281249997 0.2657047390625 0.2536667703125 0.26021679999999997 0.253044015625 0.24877529843750001 0.24900153125000002 0.24660763437500002 0.2438816046875 0.2463393109375 0.241613909375 0.24296079062499998 0.24009996249999999 0.2438593515625 0.23670371562499998 0.24335539375 0.233914334375 0.24060146875 0.2249446203125 0.2391534828125 0.222608778125 0.23707526093750003 0.21505079062500002 0.23667916406249997 0.21325896718749998 0.238215096875 0.209097228125 0.23832295625 0.20723196093750001 0.2365953625 0.207697240625 0.23238217031250002 0.20673905312500002 0.23200598593750002 0.19770119375 0.2318582984375 0.1912717578125 0.2285876390625 0.18088640312499998 0.2277173984375 0.1760482703125 0.22518206875 0.16850731875 0.224460896875 0.1569409203125 0.2212469859375 0.15178692031250002 0.22162881250000002 0.1448358015625 0.218982746875 0.1326114265625 0.2189940296875 0.12983908125000002 0.21591502812500002 0.12484370625 0.21793500625 0.12126005625 0.22100687031250002 0.118295015625 0.21693986875000001 0.114218459375 0.21542235468749998 0.1119219859375 0.21725780781249998 0.10525404062499999 0.21853819218749998 0.0895088671875 0.21575721718750002 0.082835625 0.21247377968749998 0.0786738859375 0.21258164062499998 0.069579621875 0.208845353125 0.0672437796875 0.20676713124999999 0.0623846953125 0.20618651093749998 0.056057478125000004 0.20096540156249998 0.05379507812499999 0.20215070468750002 0.050189096875000005 0.2009838203125 0.048584673437499996 0.19894393125 0.0502860203125 0.19446955 0.053296875 0.192997503125 0.04777451875 0.19107825 0.044843549999999996 0.1863611 0.0415665578125 0.18358161875 0.03705879375 0.18562715000000002 0.0354373328125 0.1839123359375 0.0363561515625 0.1803748453125 0.018416723437499997 0.17747887499999998 0.0162224703125 0.177363878125 0.0121337234375 0.2553818109375 0.0315359875 0.258354446875 0.0421441984375 0.261192171875 0.0444970765625 0.26294531875 0.057072771875 0.2655601890625 0.0613590609375 0.267740628125 0.0712869640625 0.269564796875
1 0.5998406078125 0.2997386453125 0.6161135578125 0.295249371875 0.638365184375 0.299086590625 0.6538195046874999 0.302567559375 0.6559303828124999 0.3005413515625 0.6518062546875 0.291281909375 0.624268978125 0.28499259062500004 0.6019525625 0.2747414578125 0.584982634375 0.2695784140625 0.570345921875 0.2810981671875 0.5664491796875 0.294249215625 0.5602650375 0.30514353125000004 0.572120790625 0.30843590781249997 0.575431209375 0.30647256562499997 0.581996209375 0.303611353125 0.5998406078125 0.2997386453125
1 0.7201683421875 0.3713724828125 0.723274971875 0.3774027109375 0.7315079718749999 0.374248540625 0.7337245578125 0.378602284375 0.7406075328124999 0.38254865 0.742387615625 0.385901615625 0.750659984375 0.3866611203125 0.7537272453125 0.3887776734375 0.7576792515624999 0.3880068875 0.76201665 0.389212103125 0.7647836984375 0.3877272796875 0.775533496875 0.39252823124999997 0.7849790828125001 0.39889066875 0.7968915046875 0.40016690781250003 0.8009510265625 0.402009496875 0.804341978125 0.3979496296875 0.8121725484375 0.3931445328125 0.8102508765625 0.387828340625 0.805998659375 0.3849977515625 0.8092480249999999 0.37897465937499997 0.812032109375 0.3771647625 0.8068334453125001 0.369069090625 0.806391646875 0.36350448750000003 0.80432194375 0.365677790625 0.8020936171875 0.3662129453125 0.7978701765625 0.3581683828125 0.7942130859375001 0.35797672343750003 0.79140666875 0.355547871875 0.78674028125 0.3559552515625 0.7838657171875 0.35482669843750003 0.7720267359374999 0.3568139859375 0.7635275984375001 0.355716628125 0.760528484375 0.3522997765625 0.751729134375 0.34760104531249997 0.739465390625 0.34369865312500003 0.72849411875 0.34312367187500004 0.7176932109374999 0.3392979453125 0.6996686015625 0.3380273484375 0.6949340671875001 0.339735028125 0.6929824703125 0.353649353125 0.6930271343750001 0.3621268515625 0.704128253125 0.3695539546875 0.7103085874999999 0.3682480140625 0.711278515625 0.3637353 0.7130192296875 0.3631745921875 0.7146577265625 0.3645643328125 0.7142094828125 0.3684524515625 0.7160406765625 0.37083019375 0.7201683421875 0.3713724828125
2 0.8155593015625 0.0253046484375 0.82366130625 0.029314898437499997 0.8290080015625 0.0299210765625 0.83327725625 0.032426590625 0.8343940671875 0.034440925 0.8389412 0.03630906875 0.8433126718749999 0.0368641359375 0.85000295 0.0398224984375 0.8628565234375 0.0417999953125 0.8722116312500001 0.045223984375 0.8962462109375 0.0484393890625 0.9007081609375 0.0519329046875 0.904818790625 0.052800268750000004 0.90833429375 0.051028703125 0.9094628453125001 0.048154140625 0.9104615515625 0.038427453125 0.909186115625 0.0347749671875 0.9106501015624999 0.0208350875 0.793867009375 0.01471474375 0.7937647906249999 0.0166651921875 0.8003698859374999 0.021248928125 0.805053309375 0.0205164734375 0.805926315625 0.02251803125 0.8118681375 0.025763137499999998 0.8155593015625 0.0253046484375
2 0.8629415078125 0.2500977203125 0.870748596875 0.2550704203125 0.8858187578125 0.2614016609375 0.8877862421874999 0.2611788046875 0.8898559453124999 0.2590055015625 0.8942444546875 0.25923549375 0.8970508718750001 0.26166434375000003 0.9021878359375 0.26160759375 0.907750709375 0.25342397499999997 0.9095883468749999 0.24634899531249999 0.9083299484375 0.242371434375 0.9064817187499999 0.2403187671875 0.9039925500000001 0.24116621875000002 0.8950228359375 0.2397182328125 0.88724981875 0.234095384375 0.8834734734374999 0.2361792484375 0.8776562015625 0.2352224421875 0.8480258234375 0.22682426093750002 0.82938905 0.22323980781250002 0.8256755546875001 0.21945955 0.8219162453125 0.2212183390625 0.81632574375 0.22059938437499998 0.8142730765625 0.22244761406250002 0.813649171875 0.2250226578125 0.817294521875 0.23010321562499997 0.8208153218750001 0.2328954734375 0.8246821453125 0.233750059375 0.8289290671874999 0.2320168265625 0.8441355187499999 0.23574747031249998 0.84833133125 0.2349894609375 0.855350596875 0.23633522812500002 0.8587404 0.24629190625000003 0.8629415078125 0.2500977203125
2 0.6731957109375 0.19940762031249998 0.6815585578125 0.203105575 0.6856862234375 0.2036478640625 0.68894618125 0.20675241875 0.7043059609375 0.20755739062499998 0.7315387953125 0.20572492812499998 0.7435246609374999 0.210264690625 0.7542010171875 0.21180211718750003 0.7601769125 0.21439707343749997 0.768825465625 0.21419838906250002 0.7703486203125001 0.2162340203125 0.770212328125 0.21883461875000002 0.779703728125 0.21965800781249997 0.785957503125 0.22161559375 0.78898539375 0.2198184734375 0.7842520093750001 0.2075096078125 0.7809197609375 0.1871249828125 0.77617993125 0.1842688375 0.7679757078125 0.18220903593749999 0.767136775 0.179557328125 0.7657080125 0.1788305140625 0.7559557703124999 0.1783194203125 0.7553659390624999 0.18024431406250002 0.7564316421874999 0.1832338734375 0.7517364765625 0.1888552265625 0.748986465625 0.190014975 0.7431351203125 0.1897083203125 0.738536878125 0.18881540000000002 0.7294766859374999 0.184428965625 0.7219186984375 0.1840328671875 0.717422675 0.1811895 0.7111689015625 0.1792319171875 0.6994662109374999 0.1786186046875 0.6748024328125 0.1734144203125 0.671037828125 0.170609384375 0.6640696703125 0.16828839375 0.6509722906250001 0.1662981203125 0.644333121875 0.16236453125 0.6282419234375001 0.161521228125 0.6225662390625 0.16252764687500001 0.62248105625 0.164153021875 0.6269941171875 0.1666713140625 0.6362916703125 0.1805232484375 0.6400392390625 0.1836533578125 0.6430947578125 0.190658809375 0.6471372421875 0.192826471875 0.6520133625 0.19308201875 0.654020215625 0.19677283750000002 0.6628142703125001 0.1969077453125 0.6731957109375 0.19940762031249998
