0 0.1428312484375 0.70424228125 0.1756383078125 0.703721584375 0.1072902796875 0.7162185062499999 0.1072902796875 0.7235083906249999 0.1830589265625 0.7141356953125 0.198290778125 0.7047629796875 0.22172438749999998 0.7089286390625 0.2310978375 0.7063251125 0.245157996875 0.6959110015625 0.30139869375 0.696952396875 0.32248891875 0.6995559234375001 0.3494375453125 0.7094493374999999 0.36505995156250004 0.7094493374999999 0.39122752968749996 0.7016387546875 0.4041159671875 0.7141356953125 0.4240345578125 0.7156978078125 0.4482492765625 0.7115321671875 0.46272981875 0.708407921875 0.48186730312500003 0.70268016875 0.5111593140624999 0.7089286390625 0.5205327343749999 0.7047629796875 0.5369362484375 0.7104907515625001 0.550605853125 0.703721584375 0.59591085625 0.7255912015625 0.616219971875 0.727153334375 0.647464784375 0.7125735625 0.668624825 0.7235083906249999 0.674483228125 0.7203841453125001 0.6994790828124999 0.727153334375 0.724474909375 0.7203841453125001 0.7303333125 0.7255912015625 0.757672521875 0.71934275 0.7647026171875 0.7229876734375 0.7772005296875 0.721946278125 0.7904796109375 0.733401784375 0.8322695359375001 0.731318975 0.851406959375 0.731318975 0.8760122609375 0.7396502546875 0.8904629749999999 0.72923614375 0.8967119609375 0.7339225015624999 0.93889246875 0.71934275 0.92639455625 0.7156978078125 0.8885101734375 0.71934275 0.87484056875 0.72611191875 0.8498447421875 0.71934275 0.8185999296875 0.7188220328125 0.7963380140625 0.7240290890625001 0.7674365265625 0.707887225 0.7525952890625 0.708407921875 0.7318955875 0.7156978078125 0.7252560781249999 0.7104907515625001 0.7088525328124999 0.7115321671875 0.6975262828125001 0.715177090625 0.67487378125 0.7089286390625 0.6651097781249999 0.71101145 0.6467534625 0.6995559234375001 0.6174614515625 0.7146563921875 0.6018390453125 0.7156978078125 0.5471606234374999 0.690183228125 0.5358343734375 0.6974731140625 0.5237270140625 0.69434886875 0.5159158125000001 0.69434886875 0.511229071875 0.6985145296875 0.47022027031249997 0.68966253125 0.46670522343750004 0.6974731140625 0.45303561875 0.6933074734375 0.42882088593749995 0.7032008671875001 0.4038250453125 0.7000766421875 0.3901554390625 0.68810041875 0.36417432031249997 0.6959110015625 0.3415218203125 0.6959110015625 0.32550884375 0.687059003125 0.2962168328125 0.6839347578125 0.266300815625 0.685496890625 0.24247663749999998 0.684455475 0.22216752031250003 0.6979938109375 0.2014678203125 0.6927867562500001 0.1811587046875 0.69434886875 0.1486348703125 0.6959110015625 0.1197334125 0.6891418125000001 0.094347003125 0.6865382859375 0.081458521875 0.691745340625 0.067398346875 0.6933074734375 0.0355376578125 0.70268016875 0.011816396875 0.718880209375 0.0295688046875 0.7172599203125001 0.04480065625 0.7089286390625 0.0959640296875 0.6964316984375001 0.1428312484375 0.70424228125
3 0.997314453125 0 0.9951171875 0.013346354687500001 0.99560546875 0.017578125 0.993896484375 0.0205078125 0.992919921875 0.0286458328125 0.99267578125 0.0413411453125 0.9912109375 0.044921875 0.99169921875 0.0491536453125 0.98974609375 0.06022135468749999 0.989013671875 0.080078125 0.986083984375 0.0908203125 0.986083984375 0.1041666671875 0.984375 0.1227213546875 0.985107421875 0.1263020828125 0.9833984375 0.1305338546875 0.982177734375 0.1461588546875 0.978759765625 0.1617838546875 0.979736328125 0.1663411453125 0.978271484375 0.1692708328125 0.977294921875 0.1848958328125 0.978515625 0.1943359375 0.92529296875 0.5625 0.901123046875 0.5608723953125 0.875732421875 0.5615234375 0.866455078125 0.5598958328125 0.82373046875 0.5615234375 0.814697265625 0.5602213546875 0.79736328125 0.560546875 0.775146484375 0.5572916671875 0.769287109375 0.5524088546875 0.76513671875 0.5517578125 0.735107421875 0.5504557296875 0.71923828125 0.5530598953125 0.699462890625 0.5540364578125 0.659233940625 0.5530598953125 0.65673828125 0.5520833328125 0.656005859375 0.548828125 0.654296875 0.5478515625 0.641845703125 0.5494791671875 0.638671875 0.5478515625 0.62744140625 0.548828125 0.614990234375 0.5478515625 0.60595703125 0.5485026046875 0.60302734375 0.5501302078125 0.599609375 0.548828125 0.5943196609375 0.552734375 0.587158203125 0.5540364578125 0.57958984375 0.5524088546875 0.573486328125 0.5543619796875 0.5143694203125 0.5498046875 0.489501953125 0.55078125 0.4775390625 0.5498046875 0.474365234375 0.5481770828125 0.4619140625 0.5501302078125 0.453857421875 0.5491536453125 0.451171875 0.5475260421875 0.447021484375 0.5485026046875 0.443603515625 0.5472005203125 0.41357421875 0.5452473953125 0.3525390625 0.544921875 0.3427734375 0.5423177078125 0.342041015625 0.537109375 0.33935546875 0.537109375 0.337158203125 0.5423177078125 0.334228515625 0.5413411453125 0.329833984375 0.5423177078125 0.318359375 0.5406901046875 0.2900390625 0.5413411453125 0.28662109375 0.5397135421875 0.275146484375 0.5403645828125 0.270751953125 0.5390625 0.255126953125 0.5393880203125 0.24267578125 0.5419921875 0.234619140625 0.5393880203125 0.189208984375 0.5387369796875 0.185791015625 0.5361328125 0.170166015625 0.5358072921875 0.157958984375 0.5364583328125 0.15234375 0.5397135421875 0.140625 0.5390625 0.119873046875 0.541015625 0.06884765625 0.5358072921875 0.064208984375 0.5358072921875 0.05777994843749999 0.5390625 0.04833984375 0.537109375 0.040771484375 0.5380859375 0.037841796875 0.5367838546875 0 0.5364583328125 0 0.6643880203125 0.005615234375 0.6656901046875 0.02392578125 0.6643880203125 0.05517578125 0.6653645828125 0.142333984375 0.669921875 0.71826171875 0.6780598953125 0.7548828125 0.6809895828125 0.77978515625 0.6806640625 0.7861328125 0.6819661453125 0.884521484375 0.6852213546875 0.8896484375 0.6842447921875 0.891845703125 0.685546875 0.908203125 0.6871744796875 0.941162109375 0.6884765625 0.95947265625 0.6875 0.987060546875 0.6907552078125 0.999755859375 0.6904296875 0.999755859375 0 0.997314453125 0
0 0.6707632765625 0.5987633484375 0.6578747796875 0.5883492375 0.669591584375 0.5867870859375001 0.6813083890625 0.5867870859375001 0.6938063015625 0.5904320281250001 0.705913690625 0.5888698953125 0.7199738499999999 0.5826214453125 0.729737853125 0.583662840625 0.7582487265625 0.5810593125 0.7758239328125 0.5794971999999999 0.7875407671875 0.5815800296875 0.8090215765625001 0.5852249734375 0.8246439828125001 0.585745709375 0.832845709375 0.5914734234375 0.8449530984375 0.5847042546875 0.8605755046875 0.583662840625 0.8730734171875 0.583662840625 0.8941637015625 0.591994140625 0.915644509375 0.5893906125 0.9246273453124999 0.5847042546875 0.8933825343749999 0.5841835578125 0.8812752046875 0.5794971999999999 0.892601425 0.5774143890625 0.8758073265625 0.5732487296875 0.877760128125 0.5617932234375 0.8722923093749999 0.5617932234375 0.8703395078125 0.5690830890624999 0.8695584000000001 0.5758522562499999 0.8496398078125 0.5758522562499999 0.8383135875000001 0.5794971999999999 0.8078498843749999 0.5774143890625 0.797695296875 0.5732487296875 0.8406569125000001 0.5732487296875 0.864871690625 0.5701245046875 0.8625283046875 0.56283461875 0.844171990625 0.5654381468749999 0.8265967828124999 0.5675209765625 0.7965236640625 0.567000278125 0.773090025 0.572207334375 0.7457508140625 0.5748108609375 0.7285661609375 0.5732487296875 0.7172399109375001 0.5659588640625 0.712162646875 0.5576275625 0.7113815078125 0.5659588640625 0.7160682484375 0.5748108609375 0.6973213484375 0.582100728125 0.6707632765625 0.5774143890625 0.65435973125 0.5789765015625 0.6336600625 0.5716866171875 0.6215526734375 0.572207334375 0.6442051734375001 0.5862663671874999 0.659046471875 0.6039704046875001 0.683691396875 0.617317709375 0.6973213484375 0.6159465875000001 0.6832611890625 0.60657393125 0.6707632765625 0.5987633484375
0 0.48307268593749997 0.614907728125 0.47330868125 0.603972959375 0.4752614828125 0.5956416390625 0.474870928125 0.5815825859375 0.47018418906250004 0.5758548125 0.501038446875 0.5732512843750001 0.532283259375 0.5638785890625 0.5248626093750001 0.5591922515625 0.501038446875 0.5654407015625 0.47135588124999994 0.567002834375 0.4662785875 0.567002834375 0.45378067343749995 0.55763011875 0.443626115625 0.55138166875 0.4518278734375 0.56596141875 0.4674502796875 0.5831446984374999 0.4674502796875 0.5977244500000001 0.463544678125 0.603452221875 0.4705747734375 0.61594914375 0.47760483750000005 0.6195941265625 0.47877652968750006 0.6341738375 0.48072933124999995 0.6482329109375 0.47877652968750006 0.6544813625 0.485416040625 0.6628126421875 0.489355459375 0.6615885421875001 0.48580659531250003 0.6529192296875 0.48814997968749996 0.645108646875 0.4834632390625 0.6216769171875 0.48307268593749997 0.614907728125
0 0.395977759375 0.6378188203125 0.39324385 0.6570848890625001 0.4002739453125 0.663854078125 0.4033984078125 0.6352152921875 0.4033984078125 0.626883971875 0.410742178125 0.593880209375 0.4037889625 0.5998072796875 0.39832114375 0.6190733890625 0.394024959375 0.626883971875 0.395977759375 0.6378188203125
0 0.0722469671875 0.563108725 0.09997676093749999 0.56258800625 0.1374705296875 0.563108725 0.1437194859375 0.5730021171875 0.1366893921875 0.5881025859375 0.140985578125 0.5912268125 0.15074958125 0.5761263624999999 0.1448911796875 0.563108725 0.1624663859375 0.5615465921875 0.17066814375 0.5662329500000001 0.2175353609375 0.5677950625 0.239797278125 0.5646708375 0.2558102390625 0.5688364765625 0.27963443125 0.5756056453125 0.3026774859375 0.566753646875 0.32064321875 0.569357175 0.3425146109375 0.5672743640625 0.32532998750000003 0.5589430640625 0.3132225984375 0.56258800625 0.30189637812500003 0.55790166875 0.2749476921875 0.56415011875 0.25932528593750004 0.560505196875 0.251123528125 0.556860253125 0.202303509375 0.558422365625 0.18863390468750002 0.5599844796875 0.1652002953125 0.5552981406249999 0.15192124375 0.5537360078125 0.1249725875 0.5552981406249999 0.10349177812499999 0.5537360078125 0.084744909375 0.5537360078125 0.0710753046875 0.5552981406249999 0.0593585 0.5480082562499999 0.0456888796875 0.55113248125 0.0273325640625 0.556860253125 0.0179591140625 0.565191534375 0.0003839078125 0.5688364765625 0.00009764687500000001 0.576953125 0.0320192734375 0.5714400046875 0.0351437671875 0.563108725 0.0613113 0.5599844796875 0.0722469671875 0.563108725
0 0.0665794796875 0.46103189687499996 0.06579837031249999 0.4448900328125 0.060330523437500005 0.45322131250000003 0.056424921875 0.4849843640625 0.0466609171875 0.492794946875 0.0009653765624999999 0.514143865625 0.0025036140625000003 0.5203923359375 0.033357873437500005 0.5089368109375 0.0306239640625 0.536013503125 0.036718740625 0.533984375 0.0380685765625 0.5162266953125 0.043926978125 0.5032090578124999 0.06111163125 0.49591917187499995 0.0665794796875 0.46103189687499996
0 0.505419684375 0.891475225 0.506200821875 0.875333340625 0.4769088109375 0.87637475625 0.46519200625 0.8716884171875 0.4620675125 0.863877834375 0.45113181718749995 0.8633571171875 0.45074126249999996 0.8696055875 0.45777135781249995 0.8732505296875 0.462848621875 0.8800196984375 0.46792591562499997 0.883664640625 0.44917901562500007 0.893558034375 0.44761680000000004 0.9982198609375 0.452246084375 0.998828125 0.45542800312500004 0.907096390625 0.4612864046875 0.8966822796875 0.4827672140625 0.888871696875 0.505419684375 0.891475225
0 0.5907033078125 0.9199907140624999 0.5992956203124999 0.9272805984374999 0.6055445765624999 0.9225942406250001 0.6133557796875 0.92519776875 0.630149878125 0.92103216875 0.6461628375 0.9319669375 0.6578796421875001 0.9257184859375001 0.688343346875 0.9257184859375001 0.7000601515625 0.9199907140624999 0.721150375 0.9231149593750001 0.7500518328125 0.9168664890624999 0.7586441734375 0.92103216875 0.7910606484375 0.9231149593750001 0.8074641937499999 0.9179079031249999 0.8215243531249999 0.9199907140624999 0.8566747671874999 0.9179079031249999 0.891434596875 0.9246770718749999 0.9269755937499999 0.9205114312499999 0.9269755937499999 0.9100973203124999 0.8918251796875 0.9121801296875001 0.8570653500000001 0.9085351875000001 0.8137131500000001 0.9085351875000001 0.7852022468750001 0.9121801296875001 0.7566913734375 0.9100973203124999 0.743412321875 0.9038488499999999 0.720759821875 0.911138715625 0.697716765625 0.9100973203124999 0.6840471609375001 0.9147836578125 0.6742831578125 0.913221584375 0.6578796421875001 0.9158251125 0.646943946875 0.9189492984375001 0.632102678125 0.9106180578125 0.6137463328125 0.9153043750000001 0.6063257140625 0.911138715625 0.600076728125 0.9147836578125 0.5875788156249999 0.9085351875000001 0.555162325 0.9199907140624999 0.545398321875 0.9179079031249999 0.5282136687500001 0.9194700156250001 0.5059517375 0.9100973203124999 0.508886709375 0.9200520843750001 0.5250891906249999 0.927801296875 0.54657 0.9272805984374999 0.5567245578125 0.9298841265625001 0.5907033078125 0.9199907140624999
0 0.2273720484375 0.21170813437499997 0.26203425468749997 0.22798018281250002 0.2693572578125 0.22798018281250002 0.27863306875 0.22016959374999998 0.3074368875 0.2273293109375 0.325988471875 0.22863107968750002 0.3381934765625 0.2234240046875 0.37676129999999997 0.22863107968750002 0.4089825046875 0.2338381296875 0.427045896875 0.23644164218750002 0.44559751875 0.2299328234375 0.4685429140625 0.22016959374999998 0.4827007640625 0.2227731328125 0.4997877703125 0.2312345921875 0.5183393921875 0.2344890015625 0.545678559375 0.2318854890625 0.5588599484375 0.22928195156250003 0.579852571875 0.23318723281249998 0.5979159640625 0.2318854890625 0.6311135921875 0.2305837203125 0.6564999874999999 0.2266784140625 0.6677286062500001 0.22863107968750002 0.68188645625 0.2370925390625 0.700462321875 0.23644164218750002 0.7155965578125 0.2338381296875 0.7326835640625 0.239696053125 0.740982953125 0.239696053125 0.7702749640625 0.22798018281250002 0.7888265859375 0.2318854890625 0.8039608218750001 0.22407490000000002 0.8195832140625001 0.22798018281250002 0.8345006921874999 0.2318854890625 0.8486584671875 0.24034694843749999 0.8886908671875 0.2383943078125 0.9091952609374999 0.23253636093750002 0.924329496875 0.24099782187500002 0.929699728125 0.24099782187500002 0.9428811187499999 0.2383943078125 0.9580152796875 0.24034694843749999 0.9692439 0.25076105000000004 0.9711967453125 0.2227731328125 0.9550861234375001 0.22928195156250003 0.935558115625 0.22602754218749999 0.9277468828125001 0.22928195156250003 0.9121244921875 0.22147136406249998 0.8989431015625 0.222122259375 0.889667253125 0.22798018281250002 0.8501230828124999 0.2299328234375 0.8301068453125 0.216915184375 0.8110670671875001 0.213660775 0.7988620625 0.21235903125000002 0.7822632109375001 0.222122259375 0.7695700515625 0.21756608125 0.7612706625000001 0.21756608125 0.7432071953125 0.2273293109375 0.7290494203125 0.2273293109375 0.71830903125 0.2227731328125 0.7070804109375 0.22147136406249998 0.6934107921875 0.2266784140625 0.6782765937499999 0.22472577343750003 0.6631423953125 0.214311671875 0.6548429687499999 0.21496254375 0.6367795765625 0.21886785 0.6167633765625 0.218216953125 0.5986999468749999 0.21626431250000003 0.58551855625 0.222122259375 0.561108546875 0.21951872187500002 0.552809159375 0.21626431250000003 0.535233921875 0.22147136406249998 0.520587915625 0.218216953125 0.5132649140625001 0.2234240046875 0.486413903125 0.21496254375 0.46444489375 0.20845372499999998 0.43954669218750003 0.218216953125 0.425388878125 0.22082049062500003 0.399514290625 0.22082049062500003 0.37559247500000004 0.213660775 0.3502060609375 0.21496254375 0.33018986093749997 0.21300990312499998 0.30870904375 0.215613440625 0.287716440625 0.21300990312499998 0.2711176265625 0.20715195625 0.2627145984375 0.215613440625 0.229028778125 0.2025958015625 0.220241159375 0.2012940328125 0.20803615468749997 0.20845372499999998 0.18411435625 0.19803962343749998 0.1694683515625 0.20910462187499998 0.1504285359375 0.216915184375 0.1411132703125 0.233723959375 0.18099303125 0.21496254375 0.1917334203125 0.21300990312499998 0.20930861875 0.21951872187500002 0.2273720484375 0.21170813437499997
0 0.35986644375 0.119583196875 0.4072218484375 0.1228376078125 0.460435675 0.1273937609375 0.5063265015625 0.1332517078125 0.49949169062500004 0.119583196875 0.4672704859375 0.11437612187499999 0.4374902453125 0.11047084062500001 0.4199150453125 0.11307437812500001 0.3994106515625 0.10851820000000001 0.37939445156249996 0.11047084062500001 0.3252042 0.10656555937500001 0.289565609375 0.10851820000000001 0.2758959890625 0.10526379062499999 0.259297175 0.10005673906250001 0.24123378281250002 0.109169071875 0.246020496875 0.1083984375 0.2685729859375 0.11502701875000002 0.2851718 0.1221867109375 0.327157009375 0.1221867109375 0.35986644375 0.119583196875
0 0.22713178437499998 0.0668617453125 0.23982498125 0.07271968125 0.2627704125 0.073370565625 0.28327480625 0.070767065625 0.301826428125 0.068163515625 0.315984240625 0.054495017187499994 0.3716390328125 0.061654695312499994 0.3731036484375 0.07532321875 0.40630123906250004 0.0870391140625 0.4272938625 0.08313379531250001 0.4048366984375 0.076624975 0.379450265625 0.069465271875 0.37700926562500003 0.0525423515625 0.313543240625 0.044731787499999995 0.30085000625 0.0577494265625 0.27253441718750004 0.0636073359375 0.23982498125 0.0636073359375 0.2276199765625 0.054495017187499994 0.2178559734375 0.054495017187499994 0.1973515796875 0.061003835937499994 0.183681959375 0.0603529265625 0.16805956875 0.047986196875 0.1643066296875 0.05387369843749999 0.1817291890625 0.0688144 0.20125719687500002 0.072068809375 0.21102120000000002 0.070767065625 0.22713178437499998 0.0668617453125
0 0.6692677953125 0.0961514328125 0.68196099375 0.0961514328125 0.6970951921874999 0.0922461390625 0.7073473890625 0.0935479328125 0.7185760078125 0.0928970234375 0.7332220140625 0.0987549703125 0.74200963125 0.0935479328125 0.7547028296875 0.1007076109375 0.7644668328125 0.0941987921875 0.7742308375 0.103962021875 0.78301841875 0.109169071875 0.7986408468749999 0.09940584218750001 0.8254918578125 0.10591466249999999 0.827444665625 0.0915952671875 0.8142632375 0.0935479328125 0.8020582328125 0.0902935234375 0.81133404375 0.079879384375 0.8079166578124999 0.07271968125 0.8210980484375 0.0636073359375 0.8127986593750001 0.059702042187500005 0.7996172328125 0.0688144 0.8035228484375001 0.07792674375 0.79131784375 0.0935479328125 0.782530225 0.0981040734375 0.7732544140625001 0.0863882046875 0.7805774171875 0.081181153125 0.7957116531249999 0.0863882046875 0.7957116531249999 0.077275884375 0.772766221875 0.075974090625 0.7644668328125 0.085086446875 0.7415214015625 0.08053029375000001 0.732245628125 0.0870391140625 0.7058828109374999 0.0818320375 0.6765907984374999 0.0876899734375 0.6595037921875 0.081181153125 0.651692596875 0.0818320375 0.660480178125 0.0915952671875 0.653157175 0.0928970234375 0.58483885625 0.08561197968749999 0.637046590625 0.0968023296875 0.6565745984375 0.10135848437499999 0.6692677953125 0.0961514328125
0 0.62874270625 0.1430149375 0.655105525 0.15212729375 0.68976773125 0.14692021875 0.7361467484374999 0.150174628125 0.7590921796875 0.15733434531249998 0.814747009375 0.155381703125 0.8347631734375 0.1599378578125 0.8655198000000001 0.152778165625 0.8767484187499999 0.1599378578125 0.9031112 0.154079934375 0.9192218203125 0.1644940359375 0.9480256765625 0.147571115625 0.9294740546875 0.14822198749999999 0.91726905 0.152778165625 0.9040876593749999 0.145618475 0.893835425 0.14431670624999998 0.8791894203125 0.150174628125 0.8635670281250001 0.14236406562499998 0.8303694015625 0.152778165625 0.8137706234375001 0.14692021875 0.7781319578125 0.147571115625 0.7610449515625 0.144967578125 0.7380995578125 0.1430149375 0.7078311609375 0.141062296875 0.685373921875 0.1397605265625 0.6526645234374999 0.1430149375 0.6302073218750001 0.1332517078125 0.60872650625 0.1397605265625 0.584316496875 0.1306481703125 0.5662531046875 0.13845875937500002 0.5350082859375 0.1332517078125 0.522582996875 0.1442057296875 0.5716233 0.147571115625 0.5848046890624999 0.14171316875 0.610191121875 0.14952375625 0.62874270625 0.1430149375
2 0.930419921875 0.1103515625 0.93505859375 0.07942708281250001 0.931640625 0.07421875 0.927978515625 0.07259114531250001 0.8904180390624999 0.072068809375 0.833740234375 0.07194010468749999 0.8251953125 0.09537760468749999 0.824951171875 0.103515625 0.830078125 0.1087239578125 0.927978515625 0.1119791671875 0.930419921875 0.1103515625
3 0.087646484375 0.3307291671875 0.094482421875 0.3225911453125 0.115234375 0.236328125 0.115478515625 0.21256510468749998 0.10888671875 0.2109375 0.05078125 0.21223958281250002 0.03271484375 0.21549479218749998 0.031005859375 0.21842447968749998 0.021728515625 0.251953125 0.005615234375 0.314453125 0.004150390625 0.3238932296875 0.009033203125 0.3346354171875 0.012939453125 0.337890625 0.087646484375 0.3307291671875
1 0.615234375 0.2750651046875 0.61572265625 0.2737630203125 0.61572265625 0.2701822921875 0.611572265625 0.2584635421875 0.607666015625 0.2545572921875 0.59912109375 0.25390625 0.5947265625 0.2555338546875 0.589111328125 0.2630208328125 0.589599609375 0.2682291671875 0.599365234375 0.2750651046875 0.608642578125 0.2757161453125 0.615234375 0.2750651046875
3 0.1872672890625 0.15118827031249998 0.24052679375000002 0.1420253453125 0.25427118125 0.122554128125 0.24396289062499998 0.1053736421875 0.1907033859375 0.0767395 0.185549240625 0.06299511249999999 0.1803950953125 0.0389424328125 0.170945828125 0.0389424328125 0.15806046406250002 0.07215803750000001 0.15376534375 0.09391998593749999 0.1434570515625 0.13171705312499998 0.149470221875 0.1397346140625 0.15290631875 0.14546144218749998 0.1872672890625 0.15118827031249998
