2 0.8601875734375 0.4105863796875 0.8626979968749999 0.43657935 0.86277379375 0.43954848125 0.8611572359374999 0.44227976875 0.8614307953125 0.46138396875 0.8649222218749999 0.4733798546875 0.865708934375 0.4853243359375 0.8642291562500001 0.49760772500000006 0.8650607375 0.5039702734375 0.8639582015625 0.510061 0.8612386750000001 0.513623434375 0.8623738734374999 0.5371220906249999 0.864172946875 0.54888013125 0.863962109375 0.557397215625 0.8627384734374999 0.5608411656250001 0.863948165625 0.5715302140625 0.8632233046875 0.576687859375 0.864326709375 0.581116290625 0.8633448390625 0.5845942187500001 0.8649474515625 0.5959959265625 0.8637238171874999 0.5994398765625 0.8632259093749999 0.6082453375 0.863217175 0.6854932890625001 0.8625071265625 0.6870370984374999 0.8661187859374999 0.6911606031249999 0.865001003125 0.6956055875 0.866088728125 0.6931286984375 0.8695792859375 0.6946054234375 0.8685673578124999 0.70005144375 0.8691724203125 0.7080257578125 0.8706988046875 0.7111987562500001 0.8742499125000001 0.7139988734375 0.8778763828124999 0.714508540625 0.88857414375 0.7120673734375 0.910287659375 0.715447728125 0.9279665375 0.7159600125 0.930686065625 0.712397578125 0.9333001718749999 0.7130936875 0.9421391781249999 0.7080902499999999 0.9451305265625001 0.7025936984375 0.9462178171875 0.6948572296875 0.943765771875 0.6438897515625001 0.9411812875000001 0.6359659671875 0.9406520203125 0.630960784375 0.9416778921875 0.6113817671875 0.94049041875 0.5952719625 0.940935615625 0.588595771875 0.9289175875 0.339051934375 0.92719474375 0.3355226046875 0.923205409375 0.3323321828125 0.9162700296875 0.3343159578125 0.911480040625 0.333314046875 0.9078688156249999 0.3344501234375 0.8879988093750001 0.3319862953125 0.8681592953124999 0.332813953125 0.8662256125000001 0.337801709375 0.86353614375 0.3393960484375 0.8661511187500001 0.3506113171875 0.8659097875 0.35583691875 0.864731890625 0.36421809375 0.86264705 0.3685271671875 0.8603369937500001 0.39022674375 0.8579650843750001 0.3948241921875 0.8607917671875001 0.40804153281250005 0.8601875734375 0.4105863796875
2 0.7792869125 0.7634381953125 0.789214509375 0.766477028125 0.8041281234375001 0.765614521875 0.8072558171875001 0.764410490625 0.813012865625 0.7655483109375 0.8178181015625 0.7681959625 0.8242851984374999 0.7677899734375 0.8283194015625 0.7653984640625 0.8352534781250001 0.74763595 0.8467667078125001 0.73939243125 0.842747315625 0.7381701046875 0.8386525625000001 0.739238221875 0.8365973453125 0.736319621875 0.83262325625 0.734774940625 0.7854037859375 0.730439715625 0.7806142296874999 0.7346973859375 0.7776978078125001 0.732643909375 0.7453618921875 0.7294142734375 0.733168240625 0.7319739265625 0.7294363515625 0.7357228015625 0.72827283125 0.7352305609374999 0.7263988296874999 0.7310225484374999 0.7242229484375 0.730716746875 0.717907009375 0.7318014203125001 0.7149452828125 0.7300702968749999 0.706151146875 0.7294918 0.699034553125 0.7327649890625 0.6938063375 0.7313727703125 0.691176984375 0.72903091875 0.6864928484374999 0.729030046875 0.6837728875 0.7273329015625001 0.6724552515625 0.7254135921875 0.6361757406249999 0.7239307578124999 0.6325192125 0.7253891859375 0.6334261546875 0.7294612875 0.641389578125 0.7341963921875 0.670401771875 0.743533309375 0.6767634484375 0.7473858640625 0.6872651828125 0.749847946875 0.6951227515625 0.7535820140625 0.7290002953125 0.7616303921875 0.761593221875 0.7665397484375001 0.768543846875 0.7662017171875 0.7792869125 0.7634381953125
1 0.21549431718749998 0.715759425 0.2185165921875 0.7188139390625 0.223548346875 0.719849825 0.2355908421875 0.7166114890624999 0.237177775 0.721107878125 0.2361052984375 0.725230509375 0.2487376109375 0.72832074375 0.26038718437499997 0.724369746875 0.2694374609375 0.716108803125 0.276372840625 0.714125028125 0.2888086921875 0.7168589328125 0.3045835109375 0.7151313 0.312863625 0.7123503546875 0.47809300937500004 0.7155199156250001 0.47993651875000004 0.7164364437499999 0.48123595 0.7159616265625 0.484604975 0.7095319953125 0.48611524375000004 0.700540090625 0.486476371875 0.6821825296874999 0.4853882140625 0.6793998390625 0.48374116562499997 0.6788396421875 0.4791480703125 0.68345364375 0.47586921875000004 0.683978990625 0.4726352359375 0.6789224046875 0.4650194328125 0.6752223140625 0.41946269062499997 0.6783526078125 0.38443516875 0.6757308515625 0.37804557031249997 0.6748328531250001 0.374600315625 0.6730337734375 0.371472621875 0.6742378046875 0.364325534375 0.6742195062499999 0.35127024218749997 0.6723847046875 0.3472360390625 0.6747762140625 0.3347701296875 0.6740104031249999 0.3237853 0.6767399453125 0.309355215625 0.6776704078125 0.30258580625 0.6767190296875001 0.2991710421875 0.6782114359375 0.2535990546875 0.6796959874999999 0.200683084375 0.675546334375 0.19234242031249998 0.6770038875 0.157241675 0.6776590390624999 0.1512428609375 0.6764872421875 0.14525929531249998 0.676961184375 0.1406962578125 0.679607090625 0.1374927671875 0.677841990625 0.1340178890625 0.6832705859375 0.1316607921875 0.684254196875 0.1291825953125 0.6825910296875 0.128472546875 0.6841348390624999 0.1276570796875 0.6899371921874999 0.128458603125 0.6982678359375 0.1298490765625 0.7024078921875 0.1321308125 0.7037147296875 0.1474072890625 0.7055329796875001 0.18195924531250002 0.7064443015624999 0.1886279484375 0.7086964046875 0.195866075 0.7133295765625001 0.208740153125 0.7164537890625 0.21549431718749998 0.715759425
1 0.6094156578125001 0.723128353125 0.6134049921875 0.7263187765625 0.6246167734375 0.72723705 0.62729143125 0.7292565468750001 0.6366296453125 0.7312263875 0.6422207249999999 0.7352993624999999 0.65752769375 0.7404090953125 0.67319709375 0.74294000625 0.6769442296875 0.740836871875 0.6834871203125 0.743400015625 0.6832305453124999 0.746979875 0.6820822703125 0.7481333765625 0.6874616437500001 0.7502042765625 0.6914657890625 0.7497808625 0.692795278125 0.74733795 0.7004411390625 0.749069946875 0.70255690625 0.7533119375 0.702088621875 0.7548897234374999 0.703010378125 0.7553479875 0.732475609375 0.761461375 0.7651591421874999 0.7657260265625 0.770704484375 0.7648617734375 0.7722304328125 0.76277519375 0.7796645875 0.762505115625 0.7928710375 0.7650186 0.8007434171875 0.76513883125 0.8066664343750001 0.7633414984375 0.8131487765625 0.764581253125 0.8183922375 0.7676192125 0.8229252171875 0.7669414015625 0.8272011859375 0.7645838703125001 0.8301772890624999 0.7574415765625 0.8325343859375 0.756457965625 0.8350117140625001 0.747601971875 0.8369153390624999 0.7445823109374999 0.84240013125 0.74239466875 0.846373784375 0.7386797703125 0.8559986343749999 0.73510165625 0.8615291640624999 0.737851240625 0.8687821031249999 0.738870575 0.8822298828124999 0.7361584578125 0.8984433609375 0.7400807140625 0.9185847562499999 0.73535084375 0.9441360156249999 0.7359833609375 0.9708359812499999 0.74072195625 0.9745508890625001 0.71428901875 0.9690356046874999 0.7131851765625 0.9657110156250001 0.708773296875 0.9495580859375 0.70617443125 0.9467627640625 0.706767734375 0.944496709375 0.71236621875 0.9418072390625 0.7139605578125 0.9422759562499999 0.7176423515625 0.9393144484375 0.7185410171875 0.9158634921875001 0.7178749609375 0.912494034375 0.7190450125 0.9093811515624999 0.71663520625 0.8905235062499999 0.7139849375 0.8879246453125 0.714934571875 0.8138853015624999 0.717677815625 0.802613078125 0.7167510484374999 0.7995306875 0.7176327265625 0.7992815171875 0.7194056671875 0.7972090109375001 0.7215797937499999 0.7909635046875 0.7207020453124999 0.78673240625 0.7174776453125 0.7715160437499999 0.7117232062500001 0.7588536734375 0.7106010656249999 0.7553330578125 0.711092434375 0.7541394796875001 0.7125682875 0.6892110734375 0.7096888734375 0.6852069265625 0.7101122875 0.6801603609375 0.7126902375 0.6735116156250001 0.7091260578125 0.668736871875 0.7097698921875 0.6357362125 0.7077617093749999 0.5891209359375 0.700881640625 0.5757485171875001 0.701303309375 0.562980728125 0.7044397124999999 0.552720759375 0.7020116078124999 0.546600846875 0.69819303125 0.543518021875 0.693815128125 0.5260203578125 0.6920134328125 0.5223032796875 0.6921484718750001 0.5210190953125 0.69426903125 0.5188140234375 0.706450484375 0.518829703125 0.71335580625 0.5224714203125 0.7155112156250001 0.5388961703125 0.716175965625 0.54206916875 0.71464958125 0.554308559375 0.7170271546875 0.55722498125 0.71908063125 0.5617126578125 0.7187251734375 0.570476734375 0.7212717625 0.6094156578125001 0.723128353125
1 0.1423271921875 0.6680023875 0.141312225 0.6366313515625001 0.1379859 0.611181153125 0.138499053125 0.604021434375 0.137015803125 0.574228184375 0.13429497343750002 0.5620118796875 0.12870476250000001 0.568458065625 0.12429418437499999 0.5875613937499999 0.1224667890625 0.5988097671875 0.12305660624999999 0.6051383390625 0.1222276296875 0.6303332671875 0.1260675421875 0.653883325 0.126038353125 0.6663705796875 0.1277921234375 0.6784509734374999 0.133700328125 0.6802674765625001 0.139169875 0.6764340921875001 0.141980009375 0.672226953125 0.1423271921875 0.6680023875
2 0 0.6166931515625 0.0053346296875 0.6165347875 0.0074499625 0.6155171968750001 0.01471728125 0.6076631140625001 0.0203379828125 0.6045084140625 0.02432645 0.5971796781250001 0.029220990625 0.5834038859375 0.036381151562500005 0.558770028125 0.0182640484375 0.5578674328125001 0.0124316390625 0.5590200609375 0.0076869515625 0.5576958000000001 0 0.557393278125 0 0.6166931515625
2 1 0.2132189359375 0.9898614890624999 0.21415675625000002 0.9705804312499999 0.207502340625 0.9487310046875 0.2050890453125 0.9432762703125 0.20530859218750003 0.9337873328124999 0.20791964687500003 0.9266254343749999 0.2115151875 0.9150664687500001 0.2148214796875 0.90950588125 0.2140399890625 0.8979612921875001 0.20847286406249999 0.879314921875 0.20256508750000002 0.8579037203125001 0.2005421 0.8435794890625001 0.20247359843749999 0.8387746875 0.205085528125 0.831144071875 0.20499927499999998 0.8275480937499999 0.2077810921875 0.8194792515625 0.20730453125 0.8150068234375001 0.2093057296875 0.8044297265625 0.209134096875 0.7994432765624999 0.20777585625 0.7958316187500001 0.2036523515625 0.7874604625 0.2018184234375 0.780071178125 0.19650656718749998 0.7721835515625 0.19474059531250001 0.7666835140625 0.19528249375 0.757390603125 0.19299030156250002 0.57757954375 0.18481293906250001 0.5746186859375 0.1936009765625 0.5638220171875 0.2791943796875 0.5619811125 0.3098353296875 0.5637344484375 0.31665614375 0.5664997140625 0.3180309359375 0.5745685546875 0.318507496875 0.5775908296875001 0.32156201093750003 0.58597723125 0.32504168125 0.58715643125 0.3324392453125 0.5856461625 0.3414311484375 0.5865078015625 0.3458256015625 0.634286596875 0.3531979140625 0.6552595734375 0.3548305953125 0.6624972671875 0.35420418593749997 0.6826695890625001 0.35802538125 0.6881696265625 0.35748348124999996 0.71489965 0.36025398124999997 0.7256579609375 0.359136203125 0.757736865625 0.36068612031249997 0.7619827765625 0.360296684375 0.7665005093749999 0.35797313124999997 0.7752192828125 0.360842075 0.7858869859375 0.36036900312500003 0.8331970656250001 0.364059521875 0.840812434375 0.3625000328125 0.8446048734374999 0.360074546875 0.8493343140625 0.359753065625 0.8527486421875 0.35300108125 0.858958728125 0.3509153734375 0.8600765109375 0.34647038750000003 0.8592754203125 0.343399321875 0.86037795625 0.3373085953125 0.8625534046875 0.332354815625 0.864472275 0.330980896875 0.875155225 0.332153565625 0.881607075 0.3301018359375 0.8919424062499999 0.3302394921875 0.9003135609375 0.332073421875 0.9079289312500001 0.3305139328125 0.91572595 0.33292461093750003 0.9241572218749999 0.33082235 0.9309418781250001 0.333419471875 0.934885909375 0.3369322484375 0.9394794375 0.3375778265625 0.9426376234375 0.33966527968750004 0.9467476234375001 0.34024290156250003 0.9504947578125 0.33813977031250003 0.9659829437499999 0.341960090625 0.9754113312499999 0.3380256453125 0.9793845515624999 0.3290511671875 0.980592940625 0.323961478125 0.9856242609375 0.319737784375 0.9949176046874999 0.32728955625 0.9960366890625 0.3386233125 0.9973213078125 0.3417623328125 1 0.341994196875 1 0.2132189359375
2 0.26187970781250003 0.3172955359375 0.26629245625000003 0.3244901046875 0.2742706890625 0.325611371875 0.27990750625 0.3346215734375 0.2964986609375 0.337610746875 0.3235005078125 0.3384471296875 0.3310705734375 0.33720999375 0.3329894453125 0.3358360734375 0.3488248140625 0.33543183125 0.3711277125 0.339881178125 0.3784107109375 0.3389324171875 0.3795890421875 0.3358108234375 0.3812208453125 0.3347252765625 0.3946538125 0.3356269984375 0.3961797625 0.3335404171875 0.39729754375000004 0.32909543281250003 0.4011251859375 0.3270036140625 0.4042329234375 0.32711165625 0.4080096828125 0.3177808484375 0.4109409171875 0.3162204875 0.4133585625 0.316560265625 0.41530792656250004 0.3184778296875 0.4201589 0.3260627078125 0.420763528125 0.32877744375 0.426445215625 0.3322057109375 0.43856350624999996 0.33193650625000004 0.44187285000000004 0.33470264375 0.4578293171875 0.3369451796875 0.4604734828125 0.33567319218749997 0.466955825 0.3369129453125 0.47789578437499997 0.3397653375 0.48017752031249994 0.3410721734375 0.48038922812499996 0.343074246875 0.48138634375 0.3412420625 0.49057340156249996 0.3425332203125 0.49149515624999995 0.34299148281249997 0.49148034375 0.346605321875 0.495922715625 0.346572215625 0.499065221875 0.34175434843749997 0.5049581812499999 0.341925109375 0.5098975921875 0.322567384375 0.5229367703125 0.3122372828125 0.528300896875 0.3126624421875 0.532606921875 0.30833681562500004 0.533347028125 0.30482491093749997 0.5321682625 0.30268692812500003 0.5340113390625 0.2983438765625 0.5340562078125 0.29276194375000003 0.535763371875 0.2893859515625 0.5348864875 0.2833457546875 0.5366385218749999 0.27438782968750003 0.5361545578125 0.2690602953125 0.534734028125 0.2668883328125 0.5260152546875 0.2640193890625 0.49917981093749997 0.26550743125 0.4726458125 0.25783368281249996 0.4489380640625 0.2581176953125 0.444027409375 0.2597285859375 0.4341756078125 0.25965888593750003 0.4023985828125 0.2542067578125 0.399784909375 0.258770228125 0.3982293359375 0.2680844828125 0.396008584375 0.273360615625 0.3878338890625 0.2718830171875 0.38384498906250003 0.2739521734375 0.3826209203125 0.2721365421875 0.3823486640625 0.2688110796875 0.38407020625 0.2565616703125 0.3826949796875 0.25406735468749997 0.37912905937499997 0.254881078125 0.37513972500000003 0.251690653125 0.371029725 0.25111303125 0.3663608359375 0.2527579 0.3631573453125 0.2509928 0.3513714265625 0.2506512765625 0.34430013593750003 0.253602109375 0.343076065625 0.2517864796875 0.34025068593749996 0.25434787812500004 0.3398429515625 0.257249053125 0.3304751140625 0.2625068875 0.32249687968749996 0.26138561875 0.3209857421875 0.25985836406249996 0.32161999531249996 0.2553454234375 0.31967063125 0.253427859375 0.31755529843749997 0.2544454484375 0.2998158703125 0.2526097734375 0.2973228625 0.25456044375000003 0.2892087171875 0.254406234375 0.2728745734375 0.2530967796875 0.258610459375 0.2510920890625 0.256812253125 0.24985320781250003 0.250285040625 0.2541953859375 0.2469918109375 0.26359414999999997 0.2426705390625 0.2662740359375 0.240283384375 0.2692257421875 0.23915035625 0.272024984375 0.2399675609375 0.28726094999999996 0.2428839828125 0.2893144265625 0.2441084859375 0.2963896375 0.24844543749999998 0.3006150765625 0.250138225 0.3061125 0.2539764015625 0.30862423906249997 0.2567421 0.3152586109375 0.25893322812499997 0.3172101546875 0.26187970781250003 0.3172955359375
2 0.1401015 0.0641598265625 0.15250675 0.0622873515625 0.1573420421875 0.0629669078125 0.160243653125 0.06863422031250001 0.1596394578125 0.0711790671875 0.1524026328125 0.08232463281249999 0.16604730625 0.0852284265625 0.176549475 0.09295008906249999 0.18085550156250002 0.0886244625 0.1864613921875 0.0890836 0.188456059375 0.09067881093749999 0.1894379296875 0.0872008859375 0.1935927984375 0.08219657500000001 0.197187909375 0.06889559843750001 0.200556934375 0.062465965624999994 0.20280774375 0.0552217390625 0.205904946875 0.050726223437499995 0.20792967031249998 0.050353340625 0.20206676875000001 0.0482144828125 0.1939678703125 0.0497060171875 0.139420096875 0.04664190625 0.123645278125 0.0483695390625 0.0788587 0.046019835937499996 0.0589133328125 0.045846454687499996 0.0561951078125 0.065187628125 0.06281336093749999 0.0654603234375 0.0657750859375 0.067191446875 0.0751581703125 0.0635793546875 0.089558196875 0.06461698593750001 0.100346565625 0.0615311140625 0.1401015 0.0641598265625
2 0.26359734375 0 0.257240928125 0.134532765625 0.25532205625 0.1359066859375 0.2555943140625 0.13923214687500002 0.2538422796875 0.148190071875 0.2544320953125 0.15451864531249998 0.2529218265625 0.163510546875 0.2507764359375 0.16649623125 0.2476949140625 0.17789706875 0.2431471234375 0.182188715625 0.24094161718749998 0.18911059218749998 0.2383288125 0.2041932203125 0.23755951562500002 0.2201923796875 0.23881407812500002 0.2252994953125 0.2367161625 0.254260725 0.239451803125 0.2628631921875 0.24602431875000003 0.2581986609375 0.24848683437500002 0.25295650468750003 0.252368578125 0.23410757499999998 0.2629888078125 0.20765895781250002 0.2652544296875 0.19680089375 0.27409169843750003 0.1707591375 0.27702190312499997 0.15692653125 0.2865846265625 0.1327397953125 0.28924273437500003 0.1173348109375 0.2925965140625 0.10925943593750001 0.2964795609375 0.1061892453125 0.2965396765625 0.10225305468749998 0.2985792125 0.0982663328125 0.29780818125 0.0932271734375 0.2992435234375 0.0917852984375 0.30270402500000004 0.09523011875000001 0.303141815625 0.0903608484375 0.299620765625 0.0855926375 0.299846415625 0.0734617140625 0.304543628125 0.048810429687500004 0.3039991140625 0.04215950625 0.30520706875000003 0.0318102359375 0.30667246875 0.028400264062500003 0.30606784062500003 0.025685531249999997 0.30751799375 0.0206298171875 0.308166190625 0.00198388125 0.30844500625000004 0 0.26359734375 0
1 0.9201766750000001 0.06794443125 0.91815195 0.0683173140625 0.9162025874999999 0.06639975000000001 0.9152198484375 0.059358515625 0.9141469359375 0.058221568749999994 0.9105657703125001 0.05738954843750001 0.9072416140625 0.0582372484375 0.8833975203125 0.054228739062499996 0.8773233453125 0.055347389062499995 0.8718080625000001 0.05424354687500001 0.855292703125 0.054223503125 0.8532078625 0.058532578125 0.8433869875 0.067013940625 0.8392617421875 0.06479057656250001 0.83394291875 0.0640430640625 0.82357753125 0.065873503125 0.8157199625 0.062139434375000004 0.8037828859375 0.061119228125 0.8004282390625 0.05867544375 0.7966057421875 0.06306902656249999 0.7915892328125 0.06367888125 0.7886122609374999 0.060302015625000004 0.779561115625 0.0580438 0.7767353015625 0.055345618750000006 0.775073440625 0.05839925781250001 0.7681833640625 0.060060681250000005 0.7628035578125 0.052730200000000005 0.758467040625 0.0537643421875 0.7541906375 0.050862292187500005 0.7486605421875 0.053372287500000004 0.745653946875 0.057223096875000004 0.74137754375 0.0543210484375 0.7392321546875 0.057306732812500004 0.737690959375 0.057747571875 0.7375855390625 0.062006115625000004 0.7509431453125 0.0651982828125 0.7801361203125 0.067986209375 0.7870261968750001 0.06632478593749999 0.84612219375 0.070356828125 0.8727158734374999 0.0688348078125 0.9111712671875001 0.0706234421875 0.9201766750000001 0.06794443125
1 1 0.07139549687499999 0.99939925625 0.07086044062499999 0.987145053125 0.0720967046875 0.9750115156250001 0.070720165625 0.965023803125 0.0716175234375 0.9605661859374999 0.0700048875 0.9504425624999999 0.0718693046875 0.9502613468750001 0.07315871562500001 0.952059553125 0.074397596875 0.9639966296875 0.075417803125 0.973168875 0.080322796875 0.985634784375 0.08108860625 0.9942625156249999 0.0793426765625 1 0.0798265015625 1 0.07139549687499999
1 0.542257540625 0.0677552671875 0.548996025 0.06015558125 0.5602531109375 0.0607515015625 0.5631390406250001 0.059513492187499996 0.565405096875 0.053915006249999994 0.5658123953125 0.0457542515625 0.5641047968749999 0.043870664062499995 0.5541018390625 0.04312228125 0.53811618125 0.053367 0.5334925953125 0.0546895171875 0.52908028125 0.0527545265625 0.52104193125 0.0555694484375 0.5096641796875 0.05758632968750001 0.50100595625 0.056040776562500005 0.497349428125 0.057499204687500007 0.4929523609375 0.057209956250000006 0.48896346093750004 0.059279112499999995 0.4766034046875 0.0595143390625 0.471375190625 0.058122121875 0.4633668984375 0.0589689484375 0.4573680859375 0.0577971515625 0.4447815109375 0.059644142187500006 0.44420737343749994 0.0602208921875 0.447335503125 0.0642764421875 0.4486506140625 0.070706946875 0.4501617515625 0.0722342015625 0.462688209375 0.0743234015625 0.4986501609375 0.072803125 0.51088911875 0.06992111875 0.520317940625 0.0712462546875 0.5390392390625001 0.06960400312500001 0.542257540625 0.0677552671875
