0 1 0.38036345 0.98876874375 0.3667852921875 0.925562246875 0.3513608265625 0.8425580281249999 0.3512139390625 0.77601409375 0.359165778125 0.71655349375 0.3529200640625 0.6431756359375 0.3607529421875 0.6172932296875 0.3889432203125 0.5655293703125001 0.38934163437499997 0.5067496 0.40003291093750004 0.43548335624999995 0.398788953125 0.37086904375 0.40807642812499995 0.329888975 0.40605916249999996 0.27031502500000004 0.4063212515625 0.20974194218750003 0.40786785625000005 0.1295528875 0.4142795640625 0.0621463734375 0.415706890625 0.0064805765625 0.41813224218749995 0.003979528125 0.44723951093750003 0.04205331875 0.447904090625 0.1057141796875 0.437298015625 0.1555029828125 0.43816708281250005 0.1995478671875 0.43242643437500006 0.2346929046875 0.43303989375 0.292246365625 0.436648078125 0.3067538171875 0.44471304375000004 0.3204441328125 0.443650053125 0.334361384375 0.42957178906250004 0.40176814375000003 0.42814446562499997 0.45330506562500006 0.440761325 0.46867463281250005 0.511333278125 0.4796631265625 0.49720421718749996 0.471558659375 0.458005046875 0.4829106484375 0.4230513578125 0.5386023953125 0.42141954843749996 0.5757000156250001 0.422067090625 0.5791735375 0.4468642359375 0.6030572140625 0.477225140625 0.605418725 0.4538318015625 0.6069855671875 0.42000926875 0.6393154390625 0.41406413437499995 0.7223650968750001 0.411607903125 0.7107863921875001 0.4035943859375 0.644651140625 0.38811879843749997 0.7051331046875 0.39177842812499997 0.826370140625 0.3834793046875 0.9482880109374999 0.39211684375 1 0.3829696296875 1 0.38036345
0 0.5105847234375 0.571953175 0.49877930781249996 0.520972125 0.49352282968749994 0.49337553125 0.4889267140625 0.47002548749999995 0.4759626734375 0.48542202031250004 0.4800715875 0.5297592734375 0.485383859375 0.5610979687500001 0.4663808078125 0.5868047390625 0.46944515625000005 0.6350293015624999 0.49192148593749996 0.634119671875 0.493465853125 0.601598703125 0.5105847234375 0.571953175
0 0.6796182140625 0.06324924062500001 0.6899026921875 0.08946722812499999 0.7269773500000001 0.09141632499999999 0.757218575 0.09324614375 0.7596025609375 0.068551240625 0.7332665015625001 0.06678958593749999 0.7039789703125 0.0662783703125 0.6796182140625 0.06324924062500001
0 0.4726294859375 0.1169206796875 0.47322015781250004 0.0830811078125 0.4839135625 0.08587167500000001 0.517855003125 0.099483359375 0.5423977484375 0.09210034375000001 0.5339295468749999 0.0737254703125 0.510499521875 0.0733164984375 0.47857857187499997 0.0558345375 0.45880357343749995 0.0698102296875 0.437507634375 0.059023184375 0.4168246171875 0.069077484375 0.41385042656250004 0.07162948125 0.4096047328125 0.0910840625 0.41337334375 0.09896158125 0.43092314375 0.1005698703125 0.446543321875 0.10084252187500001 0.436235415625 0.131908565625 0.43473672968750005 0.1618264203125 0.449471365625 0.15687611562499998 0.4726294859375 0.1169206796875
0 0.591755621875 0.0617155921875 0.55463945 0.0695729296875 0.5578586578125 0.10148358125000001 0.60989538125 0.0854667828125 0.617047109375 0.06736488125 0.591755621875 0.0617155921875
0 0.9936565843749999 0.8537885203125001 0.994201825 0.8225517421875 0.959271790625 0.8258479046874999 0.9260790921875 0.8252685234375001 0.88337386875 0.810201909375 0.8526785218749999 0.8344026343750001 0.8058866281249999 0.8296800109375001 0.75487175625 0.843110734375 0.7150271265625 0.8319999203125 0.6663508015625 0.8233388609375 0.628798821875 0.848721534375 0.5749003874999999 0.8594980124999999 0.5726754281249999 0.8750823234375 0.6137234109375 0.87319490625 0.671526765625 0.8624865890625 0.7233133390625001 0.8607869406249999 0.79267268125 0.8593937 0.8474112203124999 0.856443296875 0.8935674765625 0.8416258093750001 0.9685571359375 0.8533504078125 0.9936565843749999 0.8537885203125001
0 0 0.8820113421875 0.015916515625 0.882289165625 0.10094147499999999 0.8785654562499999 0.1780197875 0.8825147765624999 0.2493998671875 0.8772509390625001 0.3158756453125 0.8732037796875 0.39200075 0.8758345046875 0.3562655078125 0.853078140625 0.321302215625 0.84205253125 0.2783925265625 0.8386996265625 0.22742309062500002 0.84952723125 0.19509321875000002 0.855472365625 0.162808778125 0.8588147078124999 0.121805990625 0.8580990015625 0.091724034375 0.8471585968750001 0.047542839062499995 0.8607086015625001 0.0233411078125 0.8485688796874999 0 0.850444959375 0 0.8820113421875
1 0.7915841 0.753919184375 0.7695548609375 0.7667892843749999 0.77046968125 0.78870246875 0.7996890624999999 0.7931180375 0.8060688390624999 0.7632853828124999 0.7915841 0.753919184375
1 0.4711913890625 0.8147245171874999 0.47566426406250006 0.782254665625 0.42505807500000004 0.7722579640625 0.3634861078125 0.7750887640624999 0.37488306250000003 0.7935147578125 0.407689553125 0.8162200000000001 0.4711913890625 0.8147245171874999
1 0.3744659359375 0.683383934375 0.37380748124999996 0.6791400249999999 0.37067958437500004 0.6764808640625 0.3693342671875 0.6696204031249999 0.37034476875 0.66768461875 0.369924734375 0.6637704421875 0.36735890000000004 0.6568886765624999 0.3593773421875 0.6525169421875 0.330266540625 0.655590084375 0.3244874078125 0.6649307531249999 0.3239594328125 0.6672005296875 0.3270702859375 0.6708361046875 0.339718215625 0.6736614390625 0.34063923906250004 0.6768518265625 0.3405412390625 0.68246620625 0.34222155781249997 0.6841233875 0.354648109375 0.6856425765624999 0.3623912453125 0.689684578125 0.36951001250000004 0.6875298421875 0.3744659359375 0.683383934375
0 0.41264068906249995 0.6444531 0.371270421875 0.6426318531249999 0.37713216250000003 0.6646639421875 0.4551641703125 0.669931865625 0.538418290625 0.6557619234375001 0.6497790640625001 0.6537998640625 0.661880284375 0.6318784890625 0.6051442125000001 0.6373979375000001 0.5406432484375 0.6401776124999999 0.47614252500000004 0.6429576171875 0.41264068906249995 0.6444531
0 0.1962530203125 0.677129834375 0.26860927343749996 0.6718830359375 0.326435346875 0.6598731578125 0.3208958921875 0.6415497328125 0.25155927031249997 0.6416414140625 0.1746251234375 0.6473386578125 0.1681915609375 0.6623188265625 0.1962530203125 0.677129834375
3 0 0.6368440078125001 0.0026287765625 0.638801753125 0.022645259374999997 0.6391511421875 0.028793293749999997 0.6366538921875 0.04665829375 0.6343611640625 0.05322068125 0.6361035625 0.06031104375 0.6355761859375 0.0894957 0.628271915625 0.090750303125 0.6263403921874999 0.09690970156249999 0.6231922 0.1015249421875 0.6245750421875 0.1077127453125 0.61979949375 0.10878005625 0.614608996875 0.1129298140625 0.61468143125 0.1202983671875 0.6122054875 0.11986697187499999 0.6089422515625 0.1226373265625 0.6041070515625 0.12398282812500001 0.5969679890624999 0.12308026875 0.5927198203125 0.12460738125 0.5891652 0.150715271875 0.576272528125 0.15166328125 0.577916928125 0.154092953125 0.5786104796875 0.15653966875 0.578327615625 0.15976414375 0.5754537656250001 0.162205178125 0.5754963734375 0.1646007625 0.5781427531250001 0.1666217640625 0.574271184375 0.1624890484375 0.5732223359375 0.1603375671875 0.57058021875 0.1618703609375 0.566700128125 0.1606952921875 0.5640750546875 0.160757784375 0.5604948703125 0.1635451828125 0.5546832578124999 0.17290065 0.550288571875 0.1770560890625 0.550035534375 0.19252550468750002 0.545096428125 0.21225261875 0.5340458015625 0.2164137390625 0.5334672921875 0.22395822187499997 0.5349012640625 0.227693628125 0.53073405 0.23162200781250003 0.5295003390625 0.23365437031249997 0.524977828125 0.2320195015625 0.520716875 0.2318435703125 0.516806959375 0.24031920312500002 0.5068622203125 0.24484391562500002 0.4854535515625 0.2524736140625 0.48200545312500004 0.257542975 0.4853496421875 0.2601656203125 0.488976696875 0.26108522343749996 0.4922484515625 0.2637533171875 0.49327173437500005 0.27161575781249997 0.49047884062499997 0.27491976875 0.48304839375 0.279569096875 0.48247840625 0.27979634062500003 0.46945955625 0.280869334375 0.4639435890625 0.280602690625 0.45124168750000004 0.282135484375 0.4473615984375 0.2818245296875 0.4371983734375 0.286779315625 0.43311755781250005 0.296055246875 0.43327946875 0.3087145390625 0.4354538609375 0.310355090625 0.43938934218750003 0.3154244515625 0.44273353281250005 0.31692883906249997 0.4404807984375 0.317008375 0.4359242015625 0.3195914375 0.427830028125 0.3240193859375 0.42595389531250005 0.32757299687499997 0.4322017625 0.3281577828125 0.42667727187500004 0.33259709375 0.424150196875 0.336031584375 0.423233434375 0.33966473124999996 0.42492470468750004 0.350700515625 0.4221872015625 0.3585970421875 0.4174414796875 0.366919284375 0.4162844625 0.3700528609375 0.418618153125 0.37495765468750003 0.417401484375 0.3866405328125 0.4195588328125 0.401786309375 0.41917206250000005 0.40989285156250005 0.41638342812499995 0.421291859375 0.4208148140625 0.435983515625 0.4184666953125 0.4535476 0.4194244171875 0.45453537656250004 0.41879051875 0.45435376562499996 0.41520607343749993 0.455863834375 0.41262786875 0.46425425000000003 0.407565196875 0.46111499218749996 0.405556978125 0.46758703593749995 0.37050834374999997 0.47269616406250003 0.37157423437500003 0.4773511734375 0.37067877656250003 0.48801218906250005 0.3754228515625 0.49241741250000004 0.37484860468750003 0.49874137812499997 0.3762612703125 0.502090653125 0.380226578125 0.5029818500000001 0.385125690625 0.5024311499999999 0.388697353125 0.503384840625 0.3900162796875 0.511939821875 0.38951446875 0.514176521875 0.38727451562500004 0.5156411421875 0.38730008125 0.517911928125 0.38310730312499996 0.5213521 0.3818650703125 0.525325928125 0.3780275890625 0.5253884203125 0.37444740468750004 0.5239806109375 0.3711671265625 0.5242531203125 0.36954403125 0.523043965625 0.368871784375 0.5216986484375 0.36201132187499996 0.5281248734374999 0.3575655078125 0.531400478125 0.351762415625 0.533631496875 0.3498479359375 0.5354311187499999 0.344670221875 0.5398704296875 0.34214314687499997 0.542771265625 0.3438216328125 0.5515589890625 0.34397502343749997 0.5559926187500001 0.3417734203125 0.5591489203125 0.342805225 0.56408211875 0.33996119999999996 0.5675847843749999 0.3351387828125 0.566438121875 0.33088635312500003 0.5699407859375001 0.3260639359375 0.5697421312500001 0.32345590468749996 0.5634352109375 0.321066825 0.543174625 0.32071317499999996 0.5080010046875 0.3214014984375 0.4977316171875 0.32219895625 0.493547771875 0.32407935 0.48917095312500003 0.323026240625 0.43958386718750003 0.3241141171875 0.4303193 0.3233012625 0.0548368921875 0.3336768546875 0.04870021875 0.3355231625 0.0269750125 0.33514394687500004 0.019623503125 0.33664347656250004 0.007168546874999999 0.336751646875 0.0027633234375 0.33732589218750003 0 0.49563657031249997 0 0.6368440078125001
3 0 0.8244867421875 0.0044996656250000005 0.825386259375 0.014808821875 0.822310503125 0.0192538140625 0.81945795625 0.0236192703125 0.8211620078124999 0.030499615624999997 0.8186775421875 0.039275976562499995 0.8194818734375 0.046400425 0.81700166875 0.051282495312499995 0.8170868859375 0.0556422703125 0.8191164078125001 0.057299864062500004 0.8220754749999999 0.0662521546875 0.8267897234375001 0.07020894062500001 0.8239286546875 0.0765499484375 0.824364909375 0.082675259375 0.8231695453125001 0.0860699828125 0.8245310828125 0.088056896875 0.8226123421875 0.099518396875 0.8234635421875 0.104364628125 0.8209435718750001 0.107131053125 0.8209918593750001 0.10929957812499999 0.8226575625000001 0.1137161640625 0.8214323734375 0.11711656875000001 0.8224684390625001 0.11938167343749999 0.81860113125 0.1748327375 0.8312895687499999 0.1769614953125 0.8352335703125 0.1813439953125 0.835961209375 0.19506491718750002 0.833270575 0.19978241875 0.8287949328125 0.20228594531250002 0.8252573562500001 0.203109153125 0.8200626 0.20681615468749998 0.8175227421875 0.20792891562500002 0.809728475 0.2026268125 0.80572908125 0.19789245312499998 0.7971816125 0.19161961875 0.7928397046875 0.1843362828125 0.7904335796875 0.153800628125 0.791202859375 0.03964525 0.7983262437499999 0.019810378125 0.801561296875 0.0170968359375 0.8031417859375001 0 0.8040810734375 0 0.8244867421875
