2 0.4573567703125 0.668701171875 0.4596354171875 0.67333984375 0.4596354171875 0.6827392578125 0.4576822921875 0.703125 0.4560546875 0.70849609375 0.453125 0.712646484375 0.4482421875 0.773681640625 0.4440104171875 0.802490234375 0.4436848953125 0.8193359375 0.4404296875 0.837646484375 0.4397786453125 0.852783203125 0.4309895828125 0.876953125 0.4303385421875 0.885986328125 0.4280598953125 0.893798828125 0.4261067703125 0.91845703125 0.4264322921875 0.935791015625 0.4280598953125 0.939208984375 0.4296875 0.99072265625 0.4371744796875 0.999755859375 0.4501953125 0.999755859375 0.4537760421875 0.9813640140625 0.4609375 0.962890625 0.4638671875 0.940185546875 0.5087890625 0.84912109375 0.5107421875 0.843017578125 0.5169270828125 0.833740234375 0.521484375 0.792236328125 0.5205078125 0.767333984375 0.5003255203125 0.71630859375 0.501953125 0.70849609375 0.4964192703125 0.701416015625 0.5003255203125 0.681884765625 0.5003255203125 0.673095703125 0.5026041671875 0.666259765625 0.5016276046875 0.65625 0.505859375 0.642333984375 0.5074869796875 0.626708984375 0.5026041671875 0.615966796875 0.5006510421875 0.603271484375 0.5003255203125 0.560546875 0.4986979171875 0.556884765625 0.4938151046875 0.554931640625 0.4928385421875 0.55224609375 0.4951171875 0.541748046875 0.4947916671875 0.51611328125 0.494140625 0.51318359375 0.4860026046875 0.500244140625 0.4781901046875 0.493896484375 0.4733072921875 0.500732421875 0.4697265625 0.510498046875 0.4625651046875 0.537353515625 0.4612630203125 0.54638671875 0.4615885421875 0.568603515625 0.447265625 0.60302734375 0.4453125 0.630126953125 0.4466145828125 0.662109375 0.4508463546875 0.666015625 0.4557291671875 0.666259765625 0.4573567703125 0.668701171875
2 0.4778645828125 0.388671875 0.4833984375 0.4013671875 0.4977213546875 0.39794921875 0.5 0.37744140625 0.5026041671875 0.37353515625 0.5055338546875 0.37255859375 0.5071614578125 0.369140625 0.5061848953125 0.361083984375 0.5013020828125 0.35693359375 0.4986979171875 0.348876953125 0.50390625 0.33837890625 0.5126953125 0.33544921875 0.5139973953125 0.333251953125 0.5159505203125 0.32666015625 0.5152994796875 0.31640625 0.525390625 0.2724609375 0.5279947921875 0.2666015625 0.5283203125 0.25927734375 0.5315755203125 0.245849609375 0.5315755203125 0.243408203125 0.5276692703125 0.2373046875 0.51953125 0.2314453125 0.5152994796875 0.220458984375 0.5055338546875 0.203125 0.5065104171875 0.197265625 0.5110677078125 0.188232421875 0.5205078125 0.177978515625 0.5234375 0.171875 0.52734375 0.14599609375 0.5182291671875 0.1328125 0.517578125 0.1171875 0.5139973953125 0.1015625 0.5139973953125 0.091064453125 0.5100911453125 0.084716796875 0.5055338546875 0.08154296875 0.501953125 0.08056640625 0.4954427078125 0.100341796875 0.490234375 0.10888671875 0.4879557296875 0.1220703125 0.4879557296875 0.1457297359375 0.4794921875 0.2578125 0.4759114578125 0.2900390625 0.4778645828125 0.388671875
2 0.359375 0.115234375 0.3932291671875 0.07470703125 0.3974609375 0.07177734375 0.3990885421875 0.068603515625 0.3974609375 0.05712890625 0.388671875 0.04248046875 0.3837890625 0.039306640625 0.3766276046875 0.031494140625 0.373046875 0.03125 0.3577473953125 0.025146484375 0.3518880203125 0.032958984375 0.3440755203125 0.063720703125 0.3430989578125 0.079833984375 0.3421223953125 0.111572265625 0.3447265625 0.1162109375 0.353515625 0.11767578125 0.359375 0.115234375
2 0 0.9716796875 0.0032552078125 0.9755859375 0.0042317703125 0.98388671875 0.005859375 0.984619140625 0.007486979687500001 0.983154296875 0.012369792187500001 0.986572265625 0.011067707812499999 0.99072265625 0.01171875 0.999755859375 0.06705729218749999 0.999755859375 0.06868489531250001 0.986328125 0.06803385468749999 0.98486328125 0.06412760468749999 0.98291015625 0.044921875 0.908935546875 0.0465494796875 0.901611328125 0.05338541718749999 0.888916015625 0.0546875 0.880126953125 0.05013020781250001 0.85302734375 0.048828125 0.851318359375 0.0481770828125 0.852294921875 0.0377604171875 0.89013671875 0.0354817703125 0.89306640625 0.0319010421875 0.90380859375 0.0247395828125 0.9345703125 0.0218098953125 0.939697265625 0.0192057296875 0.94970703125 0.009765625 0.959716796875 0.0048828125 0.962646484375 0.0042317703125 0.965576171875 0 0.96923828125 0 0.9716796875
2 0.1087239578125 0.56884765625 0.107421875 0.572265625 0.1100260421875 0.577392578125 0.115234375 0.577880859375 0.1171875 0.576171875 0.1217447921875 0.564453125 0.1194661453125 0.560546875 0.1204427078125 0.548583984375 0.1357421875 0.533203125 0.1409505203125 0.49951171875 0.1393229171875 0.486083984375 0.1373697921875 0.482666015625 0.142578125 0.452880859375 0.1477864578125 0.443359375 0.1510416671875 0.42333984375 0.1555989578125 0.408447265625 0.1555989578125 0.40380859375 0.154296875 0.402099609375 0.1389973953125 0.396484375 0.1360677078125 0.398681640625 0.1318359375 0.40869140625 0.1292317703125 0.419677734375 0.12890625 0.431884765625 0.1253255203125 0.43896484375 0.1087239578125 0.521484375 0.1025390625 0.53759765625 0.1031901046875 0.544677734375 0.1067708328125 0.546875 0.1083984375 0.550354003125 0.1087239578125 0.56884765625
2 0 0 0 0.21337890625 0.001953125 0.213134765625 0.0029296875 0.20849609375 0.0087890625 0.200927734375 0.007486979687500001 0.1982421875 0.007486979687500001 0.194396971875 0.009765625 0.18994140625 0.0087890625 0.18017578125 0.012044270312499999 0.174072265625 0.011067707812499999 0.169189453125 0.013020832812499999 0.165771484375 0.011393229687500001 0.162353515625 0.011393229687500001 0.157958984375 0.008138020312499999 0.151123046875 0.0078125 0.146240234375 0.0087890625 0.142822265625 0.0126953125 0.140380859375 0.0162760421875 0.13037109375 0.0185546875 0.119140625 0.0218098953125 0.111083984375 0.0218098953125 0.1025390625 0.0270182296875 0.095703125 0.0260416671875 0.088134765625 0.0289713546875 0.0869140625 0.0338541671875 0.08984375 0.0367838546875 0.090087890625 0.0452473953125 0.087890625 0.05143229218749999 0.09033203125 0.05729166718749999 0.088134765625 0.06022135468749999 0.08837890625 0.06575520781250001 0.090087890625 0.072265625 0.097412109375 0.0771484375 0.096435546875 0.083984375 0.097900390625 0.08723958281250001 0.09619140625 0.08365885468749999 0.092529296875 0.07942708281250001 0.091064453125 0.07747395781250001 0.0869140625 0.05891927031250001 0.0771484375 0.06315104218749999 0.05712890625 0.06217447968749999 0.049072265625 0.07194010468749999 0.033203125 0.076171875 0.033203125 0.07975260468749999 0.031005859375 0.08723958281250001 0.029296875 0.09440104218749999 0.029052734375 0.09147135468749999 0.025146484375 0.0908203125 0.015380859375 0.09928385468749999 0.013916015625 0.1012369796875 0.0087890625 0.1048177078125 0.005859375 0.1028645828125 0 0 0
2 0.21744791718749998 0 0.216796875 0.02099609375 0.20670572968749998 0.036865234375 0.205078125 0.036376953125 0.20377604218749998 0.038818359375 0.20442708281250002 0.052978515625 0.20182291718749998 0.06396484375 0.20149739531250002 0.073486328125 0.1962890625 0.087646484375 0.1940104171875 0.106201171875 0.1923828125 0.109619140625 0.1901041671875 0.11083984375 0.1845703125 0.109619140625 0.181640625 0.111328125 0.1822916671875 0.11279296875 0.185546875 0.1142578125 0.1949869796875 0.132568359375 0.1881510421875 0.16650390625 0.1878255203125 0.17431640625 0.189453125 0.1787109375 0.1923828125 0.177490234375 0.1949869796875 0.1796875 0.1959635421875 0.181640625 0.1946614578125 0.185791015625 0.1966145828125 0.187255859375 0.201171875 0.185302734375 0.203125 0.1796875 0.20638020781250002 0.175537109375 0.20963541718749998 0.173828125 0.208984375 0.168701171875 0.20572916718749998 0.1669921875 0.20442708281250002 0.16455078125 0.20377604218749998 0.15771484375 0.228515625 0.116455078125 0.232421875 0.11669921875 0.23600260468749998 0.109619140625 0.24055989531250002 0.10791015625 0.24381510468749998 0.1015625 0.24772135468749998 0.098388671875 0.2490234375 0.095703125 0.24772135468749998 0.093505859375 0.23828125 0.0927734375 0.23502604218749998 0.08837890625 0.23307291718749998 0.074462890625 0.23502604218749998 0.060546875 0.234375 0.04931640625 0.23567708281250002 0.034240721875000005 0.2412109375 0.029296875 0.24593098906250002 0.0162353515625 0.2506510421875 0.013427734375 0.24869791718749998 0 0.21744791718749998 0
2 0.3544921875 0.088623046875 0.3606770828125 0.0927734375 0.3649088546875 0.09033203125 0.3688151046875 0.09130859375 0.373046875 0.08154296875 0.3766276046875 0.0771484375 0.384765625 0.076416015625 0.3893229171875 0.072509765625 0.3889973953125 0.06396484375 0.390625 0.060302734375 0.3860677078125 0.0517578125 0.380859375 0.047119140625 0.3649088546875 0.0458984375 0.3629557296875 0.0478515625 0.359375 0.0478515625 0.3570963546875 0.04541015625 0.3492838546875 0.048828125 0.3460286453125 0.060302734375 0.3453776046875 0.076171875 0.3531901046875 0.082763671875 0.3515625 0.087890625 0.3544921875 0.088623046875
2 0 0.295166015625 0.0045572921875 0.294189453125 0.013671875 0.298828125 0.013997395312499999 0.297607421875 0.0221354171875 0.294921875 0.0224609375 0.285400390625 0.0305989578125 0.278076171875 0.0345052078125 0.271240234375 0.0302734375 0.26611328125 0.0244140625 0.264404296875 0.0211588546875 0.260009765625 0.012369792187500001 0.25439453125 0.0087890625 0.25390625 0.0032552078125 0.255126953125 0 0.254638671875 0 0.295166015625
2 0.171875 0.2744140625 0.1875 0.244873046875 0.1888020828125 0.220458984375 0.1852213546875 0.2158203125 0.181640625 0.21533203125 0.1731770828125 0.230712890625 0.1705729171875 0.232177734375 0.169921875 0.24658203125 0.1676432296875 0.260986328125 0.1650390625 0.267578125 0.1643880203125 0.279296875 0.166015625 0.282470703125 0.1712239578125 0.279296875 0.171875 0.2744140625
2 0.259765625 0.083984375 0.2594401046875 0.08251953125 0.2766927078125 0.056640625 0.2734375 0.0498046875 0.2789713546875 0.0458984375 0.2789713546875 0.02880859375 0.267578125 0.033935546875 0.2652994796875 0.062744140625 0.251953125 0.065673828125 0.2509765625 0.06884765625 0.2503255203125 0.084716796875 0.2513020828125 0.08740234375 0.2526041671875 0.087646484375 0.259765625 0.083984375
2 0.109375 0.560302734375 0.1070963546875 0.564208984375 0.107421875 0.572021484375 0.1097005203125 0.5771484375 0.1149088546875 0.577880859375 0.1204427078125 0.565185546875 0.1188151046875 0.56005859375 0.142578125 0.5146484375 0.1455078125 0.51318359375 0.1461588546875 0.5107421875 0.1363932296875 0.478759765625 0.13671875 0.47412109375 0.1399739578125 0.46337890625 0.1409505203125 0.454833984375 0.1474609375 0.442626953125 0.1507161453125 0.42333984375 0.1552734375 0.408203125 0.1539713546875 0.40380859375 0.146484375 0.399658203125 0.1442057296875 0.3953449703125 0.1468098953125 0.388671875 0.1487630203125 0.375732421875 0.1520182296875 0.369384765625 0.1533203125 0.3486328125 0.1630859375 0.306640625 0.162109375 0.302978515625 0.1578776046875 0.304931640625 0.1549479171875 0.313720703125 0.1552734375 0.317138671875 0.1380208328125 0.343505859375 0.1337890625 0.345703125 0.1370442703125 0.3515625 0.1376953125 0.3561198734375 0.1344401046875 0.361328125 0.134765625 0.3746745609375 0.1311848953125 0.400634765625 0.1048177078125 0.53173828125 0.1028645828125 0.5361328125 0.1031901046875 0.54345703125 0.1061197921875 0.54541015625 0.1090494796875 0.552490234375 0.109375 0.560302734375
3 0.07552083281250001 0.1357421875 0.07975260468749999 0.140380859375 0.08203125 0.146484375 0.083984375 0.148193359375 0.1002604171875 0.147216796875 0.1025390625 0.145263671875 0.1067708328125 0.1455078125 0.1100260421875 0.147705078125 0.111328125 0.150146484375 0.1171875 0.1201171875 0.119140625 0.1162109375 0.1181640625 0.11083984375 0.107421875 0.10302734375 0.103515625 0.103759765625 0.09993489531250001 0.1015625 0.091796875 0.100341796875 0.08235677031250001 0.1025390625 0.0771484375 0.10693359375 0.0791015625 0.112060546875 0.0751953125 0.12158203125 0.07649739531250001 0.133056640625 0.07552083281250001 0.1357421875
