1 0.7542852890625 0.920057003125 0.7576757828125 0.9211735609374999 0.7602561999999999 0.9270394828124999 0.7617793609375 0.9384172078124999 0.76055001875 0.9547484546874999 0.7616969375 0.9750031984374999 0.8989616781249999 0.9605760921875 0.9003426703124999 0.955030265625 0.897596034375 0.9226693875 0.8950426031250001 0.9077176671875 0.8919853296875001 0.9004289515625 0.8895405296875 0.8989675125 0.8917345328125 0.8700151203125 0.8849193203124999 0.814515265625 0.881997665625 0.811631034375 0.8812145734374999 0.807294603125 0.8756614624999999 0.7980588421875 0.8669555499999999 0.7930822203125001 0.8430244890624999 0.7958429609375 0.8392927562500001 0.7977080937500001 0.8350557140625 0.8165648328125 0.8283082625 0.8177649890625001 0.81752284375 0.8179166406249999 0.8102555171875 0.8203988640625001 0.802485815625 0.8212154937499999 0.7943748734375 0.8250138124999999 0.7882924 0.8231982515625 0.7835143609374999 0.8151084546874999 0.7754048859375 0.8095781734375 0.76864941875 0.8075878624999999 0.7668185546874999 0.8026251 0.76477405 0.8018580453125 0.7629592234375 0.8032762171875 0.7603598390624999 0.809686559375 0.7470005546875 0.81649135625 0.7420074078125001 0.821925865625 0.7357863859375 0.834363021875 0.7364844203125 0.837890190625 0.7329813781250001 0.8481595375 0.732102759375 0.8553709609375 0.731547878125 0.862548359375 0.740569509375 0.8643004875000001 0.744113121875 0.8668738640625 0.7494525921874999 0.88030533125 0.7551303703125 0.9094123078124999 0.7535452203124999 0.9130157109375 0.747998659375 0.9162990171875001 0.7467372453125 0.9198683921875 0.750127740625 0.92098495 0.7542852890625 0.920057003125
1 0.847037125 0.578657590625 0.8452558359375001 0.583509034375 0.8475810562499999 0.586946925 0.8492763015625 0.587505203125 0.8531276171875 0.58366361875 0.855591384375 0.5728487921875 0.8579260890624999 0.5701485515625 0.8585145078125 0.566404425 0.8561462656250001 0.5656713953125 0.8551925546874999 0.562825809375 0.8534717875 0.562024728125 0.8519391421875 0.5567851359375 0.8556708765625001 0.554920003125 0.8578269437499999 0.5505201390625001 0.8507572218749999 0.5424257203125 0.8492675984375 0.5344812671875 0.8452041093749999 0.533189959375 0.8412857203125 0.530165003125 0.84229995625 0.5273580625000001 0.8462278281250001 0.5242448875 0.850785675 0.5240113234375 0.8470298875 0.5163050546875 0.8587194437500001 0.5091847828125 0.8634909328125 0.5047555125 0.8772760312500001 0.49888790156249996 0.8806209624999999 0.4917854859375 0.890048365625 0.48649863125000004 0.8937976000000001 0.481685834375 0.90446490625 0.47418203437499995 0.905649759375 0.4698842484375 0.903222459375 0.4654751453125 0.8947717453124999 0.4629265546875 0.8808524953125 0.45506108125000005 0.873731734375 0.4464810578125 0.8651198828125001 0.43928518125 0.8559706546875001 0.43631903593750004 0.8477941031249999 0.4239222140625 0.8391932046875 0.4012596046875 0.8430445171875001 0.3974180203125 0.8502112328125 0.38463598125 0.8558088328125001 0.38183828124999997 0.8613218546875 0.3751217046875 0.8748007203125001 0.36634045625 0.8761897328125 0.3639850953125 0.8761051546875 0.36006621875 0.8739760734375001 0.35538028593750004 0.8703814234375 0.352321303125 0.858889471875 0.34886493281250003 0.843120390625 0.3483129609375 0.8392450234375 0.34258314375 0.8340061640625 0.3394514875 0.8171375859375001 0.2879541109375 0.8179476625 0.2832047453125 0.8147277890625 0.2805973421875 0.8182043265625 0.2763041765625 0.816628659375 0.273769446875 0.8152826687499999 0.2734199453125 0.814464575 0.27497884375 0.80529784375 0.2749603640625 0.8047699500000001 0.2730519640625 0.801353934375 0.271692603125 0.7997017093750001 0.2684294640625 0.7968981687500001 0.2728973796875 0.7938824515625 0.27223240312499997 0.7915061921875 0.26830890625000003 0.788335890625 0.275515709375 0.7911044281249999 0.276943121875 0.7931059109375 0.2804150390625 0.7992394234375 0.28271620625 0.8004563484375 0.2911802921875 0.797201471875 0.29446821875 0.7944584531250001 0.29328360937500003 0.7913741953125 0.295080690625 0.7861688734375 0.29538230625 0.7783386484375 0.3018514609375 0.7765318375 0.30646010156250003 0.7774170078125 0.3117677453125 0.7793419312500001 0.314511253125 0.8085765874999999 0.49923491249999996 0.8096564296875 0.5126231156250001 0.8140946953125001 0.5143660031249999 0.8183193203125001 0.5203045984375 0.8174071640625 0.5240827515625 0.8129083765624999 0.5279923890625 0.8175427796875001 0.528487234375 0.847037125 0.578657590625
1 0.72501593125 0 0.717038028125 0.005119921875 0.716270971875 0.0071644265624999995 0.71716269375 0.0249911375 0.7201769437500001 0.034984715625 0.739324103125 0.0614485765625 0.74894216875 0.06264704531250001 0.7570771656249999 0.0684201296875 0.7551587921875 0.07819568906249999 0.7559593859375 0.07958445625 0.7603976515624999 0.0813273453125 0.7649394609375 0.0747128453125 0.76725813125 0.06563166875000001 0.774252759375 0.06366907656250001 0.7778824140625 0.060832729687499996 0.7776877421874999 0.052752171875 0.7801865140625 0.0360420171875 0.776720928125 0.02486845 0.763564478125 0 0.72501593125 0
1 0.7759807640624999 0.12682269375 0.7817570015624999 0.1257246171875 0.786869728125 0.11831365468749999 0.7851074062500001 0.110888834375 0.7829608234375 0.1091505671875 0.777926121875 0.1079613375 0.77520060625 0.10382906249999999 0.775661425 0.0988709203125 0.7805860296875 0.09589846875 0.7823162796875 0.09056141875 0.780970290625 0.0902119171875 0.777264078125 0.09231985312499999 0.77335370625 0.09248536562500001 0.769920190625 0.09407366874999999 0.7659077421875 0.0932679671875 0.7598172515625 0.0882619390625 0.7585398031249999 0.0854503796875 0.7564952984375 0.0846833234375 0.7531718796875 0.0904333078125 0.74933806875 0.0913272296875 0.7411666015625 0.100778075 0.7378512015625 0.1097185265625 0.7314099859375001 0.113832321875 0.7296972375 0.1162217078125 0.7284868640625 0.1202766890625 0.7301135703125 0.1232970265625 0.7248557421874999 0.1324416359375 0.7274616796875 0.1385503625 0.7585900609375 0.1450980546875 0.766854121875 0.142756553125 0.76948704375 0.13977948281250002 0.7690021703125 0.135166221875 0.77227455 0.12893063124999998 0.7759807640624999 0.12682269375
1 0.7960224828125 0.261451603125 0.798995178125 0.26482144218750003 0.8124390390625 0.2619355234375 0.8167241859375001 0.2622215921875 0.8177559234375 0.25646698749999997 0.8100292421875 0.2545787546875 0.8104645421875001 0.249377809375 0.808217346875 0.23733972812499998 0.8091389875000001 0.22742344218750002 0.8069843859375 0.22249470625 0.8053846671875 0.2103885734375 0.8008188031250001 0.20743166875000002 0.793798653125 0.2091514578125 0.7933983578125 0.20845707343750003 0.7923586046875 0.21102121093749998 0.78987078125 0.21226463281250002 0.778369346875 0.2149463953125 0.77544475625 0.2307193640625 0.7761082671875 0.237032246875 0.77920054375 0.2384256328125 0.783850984375 0.24530141562500002 0.788340290625 0.247529909375 0.7882622640625 0.25613009999999997 0.7866005546875 0.2590050921875 0.7898284453125 0.2648029625 0.79152369375 0.265361240625 0.79343258125 0.2617238125 0.7960224828125 0.261451603125
1 0.401892440625 0.2267758609375 0.4061775890625 0.2270619296875 0.4095250609375 0.2308833484375 0.4110066671875 0.23563733281250002 0.4156410703125 0.2361321796875 0.417650571875 0.2427945640625 0.4121470328125 0.243373009375 0.4122491109375 0.244344221875 0.41866381874999997 0.246206609375 0.419489453125 0.25094779375 0.4275398703125 0.252802 0.429217615625 0.25630794375 0.43069266875 0.2485428609375 0.4346205421875 0.24542968593749998 0.43599205156250004 0.246021990625 0.43917037187499997 0.24200565468750002 0.4333956 0.2337751328125 0.4371623359375 0.22601467031250003 0.44204392031250006 0.2257470796875 0.4449145375 0.22814570625 0.449199684375 0.228431775 0.46502928906249996 0.22333122031250002 0.4804410953125 0.220483946875 0.48868765312500007 0.2210901109375 0.523054878125 0.21796894218750001 0.534819528125 0.22090567968750002 0.5522758375000001 0.2188254609375 0.56153663125 0.2166246859375 0.5704306640625 0.21716279843750003 0.5897018015625 0.21366440781249998 0.5959468765625 0.21079865468749998 0.6090159609375 0.20746115468749998 0.6158829921875 0.204284546875 0.6241805890625 0.2053763171875 0.6294544515625 0.20261264375 0.6294209140625 0.1991793734375 0.63739770625 0.18164796875 0.63909441875 0.1728776484375 0.6410288265624999 0.1694830234375 0.6407481109375001 0.1668121875 0.63935108125 0.1659770796875 0.6313852390625 0.1680417515625 0.6299196703125001 0.1696687015625 0.6315718953125 0.172931840625 0.6202060765625 0.1800180859375 0.61375684375 0.1809414140625 0.6060046421874999 0.178810378125 0.59362605625 0.1793749640625 0.589784225 0.1770784171875 0.587594621875 0.178045009375 0.575062915625 0.1771527765625 0.5693902234375 0.1698934671875 0.5603278625 0.1750192109375 0.5423063625 0.176913346875 0.5312562625 0.1807750984375 0.519464625 0.1869241578125 0.49976767187500004 0.1894853625 0.4964282171875 0.1888544109375 0.49162319375 0.1898504109375 0.4889312140625 0.1891514078125 0.47655262499999995 0.18971599374999998 0.4677526546875 0.1869586265625 0.46497609687499997 0.1823407453125 0.461236346875 0.1810154109375 0.46043575312499996 0.1796266453125 0.398166571875 0.19132659375 0.3828918484375 0.18924975 0.3750966265625 0.189823575 0.36088570937500003 0.19475399843750002 0.34670979687500003 0.19378909375 0.341112196875 0.19658679375000002 0.3438202125 0.2036667328125 0.33317695937499997 0.22074193593749997 0.3314211890625 0.2258361828125 0.3319476171875 0.23707318281249998 0.3331229875 0.23891352968750001 0.34413808437500004 0.24094710625000001 0.36485728906250003 0.23876942968749998 0.368239765625 0.2366955203125 0.38347293437499996 0.2321486234375 0.387451846875 0.2295210546875 0.3938500390625 0.22811212187500002 0.39910640000000003 0.22829611249999998 0.401892440625 0.2267758609375
0 0.60959929375 0.1818693609375 0.6182381312499999 0.179979440625 0.6144801906249999 0.131768303125 0.6095920546875 0.11951682500000001 0.600136590625 0.1136370421875 0.5928357265625 0.112685996875 0.5902888468749999 0.11025334375 0.5872986499999999 0.1098311703125 0.5842399109375 0.1118710546875 0.5763426109374999 0.1114736671875 0.57476694375 0.10893893750000001 0.5429385812499999 0.11130229062500001 0.53784335625 0.11576558749999999 0.5275158249999999 0.129616296875 0.52226748125 0.1326227734375 0.52147490625 0.13442447500000002 0.5275829 0.1364828390625 0.5349333359374999 0.14724809218749998 0.5419060640625 0.17621896406249998 0.5451514578125 0.1790691703125 0.559148734375 0.17833445312500001 0.56514663125 0.1762311359375 0.5681958859375 0.18032938437499998 0.5785124671874999 0.1819454078125 0.60959929375 0.1818693609375
0 0.6782253468749999 0.5264984484374999 0.682670334375 0.5532187734375 0.6868184 0.5584289578125 0.6925771359375 0.5602785453125 0.6927317203125 0.5524067640625 0.656841615625 0.21716360156249997 0.650659996875 0.195719628125 0.646681084375 0.198347196875 0.642021159375 0.1976095484375 0.6336564874999999 0.1896512359375 0.6354632984374999 0.18504259375 0.6324986203125 0.1848632234375 0.629192703125 0.18766554375 0.627990346875 0.19491099375 0.6232013578125 0.202287928125 0.62469098125 0.21023238125 0.6330636703125 0.2213811625 0.6362426765625 0.26719829375000004 0.634785125 0.2720157125 0.642416278125 0.28545180000000003 0.6673519031249999 0.5040133234375 0.675281275 0.51717258125 0.6782253468749999 0.5264984484374999
0 0.0904568734375 0.2595090578125 0.1010461515625 0.2606054484375 0.1139096140625 0.2646541234375 0.1237493390625 0.264847353125 0.127463571875 0.265929884375 0.13341042812499998 0.26334096093750003 0.13893948750000001 0.26300531875 0.1429359 0.25743008437500003 0.14602015937499999 0.255633003125 0.1559999 0.2322449171875 0.1542966359375 0.228496171875 0.1514770578125 0.2265831515625 0.141579740625 0.213385246875 0.1373201125 0.21334198125 0.13519905000000002 0.2118465171875 0.1298661296875 0.21093411718750002 0.1228459828125 0.2126539046875 0.11492316250000001 0.21201371562500002 0.0660132640625 0.2169088671875 0.061233759374999995 0.21814766875 0.056334675 0.2213629234375 0.0561385359375 0.222610965625 0.059929325 0.22442190625 0.0615720671875 0.23382317812500003 0.058613940625000006 0.246162875 0.07032755 0.2486140078125 0.07209935625 0.24990069531249998 0.07394772187500001 0.25191579375 0.0754373453125 0.259860246875 0.08761979375 0.260543703125 0.0904568734375 0.2595090578125
1 0.923980103125 0.7065694796875001 0.9471980796875 0.6876816484375 0.9402909609375 0.6749059187500001 0.9428218046874999 0.670957634375 0.9395253718750001 0.667621821875 0.9363900734374999 0.6689332968749999 0.9323615890625 0.661746659375 0.9339292390624999 0.6610909234375 0.9350885718749999 0.656550334375 0.931254759375 0.6574442546875 0.9271402328124999 0.655667340625 0.923264865625 0.649937521875 0.9204963265625 0.648510109375 0.9159640015624999 0.6489864765625 0.9002379406250001 0.64572964375 0.8935925687499999 0.6479010125 0.8869202125 0.659158178125 0.8844323890625001 0.6604016015624999 0.8777089921875 0.6711731609375 0.8759867609375 0.6797006796875 0.872382625 0.6827798281249999 0.8746393031249999 0.688679778125 0.8772292046875 0.6884075671875001 0.8814032703124999 0.6907509421875 0.8816754875000001 0.6933409234375 0.8830725156250001 0.6941760328125001 0.8893511296875 0.69474355 0.89184696875 0.6966905953125 0.923980103125 0.7065694796875001
