2 0.562744140625 0.462890625 0.564208984375 0.4723307296875 0.564208984375 0.4899088546875 0.56591796875 0.4860026046875 0.569580078125 0.484375 0.5712890625 0.48046875 0.57666015625 0.4775390625 0.589111328125 0.4794921875 0.59326171875 0.4833984375 0.599609375 0.4850260421875 0.601806640625 0.4827473953125 0.6122233890625 0.4781901046875 0.618408203125 0.4768880203125 0.630615234375 0.4798177078125 0.638427734375 0.4772135421875 0.6416015625 0.474609375 0.640869140625 0.470703125 0.64599609375 0.4625651046875 0.6494140625 0.4593098953125 0.65673828125 0.4573567703125 0.677978515625 0.4583333328125 0.681396484375 0.45703125 0.69775390625 0.4567057296875 0.70068359375 0.4547526046875 0.7041015625 0.458984375 0.70361328125 0.4645182296875 0.704833984375 0.4661458328125 0.706298828125 0.46484375 0.707275390625 0.4606119796875 0.709716796875 0.458984375 0.712890625 0.4622395828125 0.721435546875 0.451171875 0.7176513671875 0.4415690109375 0.732177734375 0.3961588546875 0.730224609375 0.3922526046875 0.73388671875 0.3896484375 0.737548828125 0.3779296875 0.7373046875 0.3583984375 0.738525390625 0.3492838546875 0.739013671875 0.3297526046875 0.737060546875 0.322265625 0.73388671875 0.3177083328125 0.72021484375 0.3147786453125 0.71826171875 0.3059895828125 0.716064453125 0.3024088546875 0.702880859375 0.2978515625 0.67626953125 0.2972005203125 0.6689453125 0.2978515625 0.651123046875 0.3030598953125 0.646728515625 0.3056640625 0.642822265625 0.3059895828125 0.638916015625 0.3089192703125 0.592041015625 0.326171875 0.58056640625 0.328125 0.572021484375 0.3277994796875 0.5703125 0.3336588546875 0.5634765625 0.4222005203125 0.562744140625 0.4361979171875 0.564697265625 0.4443359375 0.564697265625 0.4518229171875 0.562744140625 0.462890625
2 0.419677734375 0.4866536453125 0.44384765625 0.4833984375 0.533203125 0.4811197921875 0.54296875 0.4713541671875 0.543701171875 0.46484375 0.546875 0.4586588546875 0.547119140625 0.4466145828125 0.55029296875 0.4358723953125 0.552734375 0.3951822921875 0.552490234375 0.3834635421875 0.5546875 0.357421875 0.5546875 0.341796875 0.55322265625 0.3404947921875 0.55029296875 0.3411458328125 0.52978515625 0.3557942703125 0.523681640625 0.357421875 0.509765625 0.3551432296875 0.49365234375 0.34375 0.490234375 0.3395182296875 0.48193359375 0.3408203125 0.479736328125 0.341796875 0.4775390625 0.3453776046875 0.4287109375 0.373046875 0.423583984375 0.373046875 0.420166015625 0.3756510421875 0.41455078125 0.3850911453125 0.41357421875 0.388671875 0.41455078125 0.3948567703125 0.40478515625 0.4228515625 0.40185546875 0.4397786453125 0.40185546875 0.451171875 0.408203125 0.4658203125 0.413818359375 0.4733072921875 0.419677734375 0.4866536453125
1 0.534240721875 0.9967447921874999 0.58837890625 0.9977213546874999 0.62890625 0.9964192703125001 0.67138671875 0.9977213546874999 0.677734375 0.99609375 0.69091796875 0.9973958328125001 0.692626953125 0.9996744796874999 0.7177734375 0.9996744796874999 0.721923828125 0.9973958328125001 0.72314453125 0.998046875 0.72314453125 0.9996744796874999 0.72509765625 0.9996744796874999 0.732421875 0.9944661453125001 0.735107421875 0.77734375 0.734375 0.765625 0.734619140625 0.5657552078125 0.734375 0.5559895828125 0.732421875 0.5524088546875 0.6689453125 0.5556640625 0.656494140625 0.5592447921875 0.560302734375 0.5657552078125 0.556884765625 0.5667317703125 0.554931640625 0.5693359375 0.551025390625 0.5875651046875 0.551025390625 0.6002604171875 0.54833984375 0.6142578125 0.546630859375 0.6461588546875 0.539794921875 0.693359375 0.537353515625 0.736328125 0.535400390625 0.744140625 0.53515625 0.7529296875 0.533203125 0.7626953125 0.53369140625 0.7666015625 0.531005859375 0.7861328125 0.521484375 0.9173177078125001 0.51806640625 0.9391276046874999 0.515869140625 0.9739583328125001 0.515380859375 0.994140625 0.5205078125 0.9996744796874999 0.53076171875 0.9996744796874999 0.534240721875 0.9967447921874999
1 0.22412109375 0.8733723953125001 0.213134765625 0.9775390625 0.211181640625 0.978515625 0.2099609375 0.9840494796874999 0.2041015625 0.9876302078125001 0.203857421875 0.9938151046874999 0.20458984375 0.9944661453125001 0.234619140625 0.9996744796874999 0.384765625 0.9996744796874999 0.385009765625 0.9973958328125001 0.391845703125 0.9915364578125001 0.39306640625 0.994140625 0.3994140625 0.99609375 0.427734375 0.9970703125 0.43115234375 0.9947916671874999 0.443603515625 0.99609375 0.449462890625 0.9938151046874999 0.4501953125 0.9921875 0.451171875 0.986328125 0.45068359375 0.978515625 0.453125 0.974609375 0.452880859375 0.9664713546874999 0.45166015625 0.9632161453125001 0.4521484375 0.9602864578125001 0.45361328125 0.9586588546874999 0.45263671875 0.955078125 0.45751953125 0.9505208328125001 0.467041015625 0.9563802078125001 0.470947265625 0.951171875 0.46728515625 0.9482421875 0.4638671875 0.9430338546874999 0.445556640625 0.8896484375 0.445068359375 0.8844401046874999 0.44677734375 0.8802083328125001 0.44677734375 0.876953125 0.44921875 0.873046875 0.449951171875 0.8675130203125001 0.451904296875 0.8649088546874999 0.451171875 0.8590494796874999 0.4541015625 0.849609375 0.453369140625 0.8450520828125001 0.455810546875 0.8414713546874999 0.455078125 0.8408203125 0.455322265625 0.8336588546874999 0.45361328125 0.8294270828125001 0.454345703125 0.8255208328125001 0.452392578125 0.8219401046874999 0.449951171875 0.8209635421874999 0.445556640625 0.8203125 0.436279296875 0.8225911453125001 0.265625 0.8323567703125001 0.25146484375 0.83203125 0.2275390625 0.8414713546874999 0.224609375 0.8502604171874999 0.22021484375 0.8570963546874999 0.222900390625 0.8606770828125001 0.224365234375 0.8675130203125001 0.22314453125 0.8688151046874999 0.22412109375 0.8733723953125001
1 0.591796875 0.2522786453125 0.602294921875 0.2545572921875 0.60205078125 0.263671875 0.6044921875 0.263671875 0.607177734375 0.2591145828125 0.613037109375 0.2565104171875 0.733642578125 0.232421875 0.73583984375 0.23567708281250002 0.738037109375 0.234375 0.739013671875 0.232421875 0.73828125 0.22786458281250002 0.740234375 0.22037760468749998 0.7431640625 0.099609375 0.743896484375 0.0208333328125 0.74072265625 0.009765625 0.729736328125 0.0078125 0.720458984375 0.0087890625 0.603271484375 0.0335286453125 0.5947265625 0.0374348953125 0.593017578125 0.0406901046875 0.59326171875 0.0479329421875 0.591064453125 0.05631510468749999 0.588623046875 0.087890625 0.58935546875 0.0908203125 0.587646484375 0.09440104218749999 0.582763671875 0.15234375 0.5830078125 0.162109375 0.58154296875 0.1653645828125 0.5791015625 0.1985677078125 0.577392578125 0.2236328125 0.577880859375 0.24381510468749998 0.5810546875 0.248046875 0.591796875 0.2522786453125
1 0.504638671875 0.2610677078125 0.513916015625 0.2565104171875 0.546875 0.24869791718749998 0.552978515625 0.2490234375 0.561279296875 0.244140625 0.560546875 0.24055989531250002 0.5625 0.236328125 0.5654296875 0.1982421875 0.56494140625 0.1767578125 0.56689453125 0.1575520828125 0.564697265625 0.1552734375 0.565185546875 0.1520182296875 0.567626953125 0.1500651046875 0.572265625 0.103515625 0.5712890625 0.0986328125 0.5732421875 0.09212239531250001 0.573486328125 0.06510416718749999 0.576171875 0.060546875 0.575927734375 0.0478515625 0.55712890625 0.0465494796875 0.544677734375 0.0472005203125 0.54345703125 0.05208333281250001 0.542724609375 0.068359375 0.545166015625 0.0693359375 0.54736328125 0.07486979218749999 0.546630859375 0.080078125 0.550537109375 0.09375 0.554931640625 0.09635416718749999 0.55712890625 0.1002604171875 0.556640625 0.1402994796875 0.54833984375 0.1461588546875 0.54736328125 0.1500651046875 0.548095703125 0.1546223953125 0.541748046875 0.1569010421875 0.539794921875 0.1647135421875 0.535400390625 0.1653645828125 0.531494140625 0.1702473953125 0.5303547359375 0.175021809375 0.528564453125 0.1774088546875 0.528564453125 0.1822916671875 0.5263671875 0.1865234375 0.51953125 0.189453125 0.518310546875 0.1940104171875 0.5166015625 0.1959635421875 0.511962890625 0.197265625 0.509765625 0.20182291718749998 0.5068359375 0.20475260468749998 0.50537109375 0.2099609375 0.501708984375 0.212890625 0.4990234375 0.22786458281250002 0.5 0.2333984375 0.5 0.255859375 0.504638671875 0.2610677078125
1 0.29296875 0.29296875 0.294677734375 0.2965494796875 0.29638671875 0.2923177078125 0.295654296875 0.2880859375 0.308837890625 0.2750651046875 0.3056640625 0.2731119796875 0.3076171875 0.2685546875 0.310546875 0.2692057296875 0.3115234375 0.2679036453125 0.3115234375 0.2630208328125 0.33203125 0.236328125 0.33544921875 0.236328125 0.341796875 0.2294921875 0.3466796875 0.2275390625 0.34716796875 0.22330729218749998 0.352294921875 0.21842447968749998 0.353515625 0.21940104218749998 0.36376953125 0.21451822968749998 0.37158203125 0.21321614531250002 0.3798828125 0.20865885468749998 0.37890625 0.2021484375 0.38232421875 0.1949869796875 0.383544921875 0.189453125 0.3828125 0.1871744796875 0.3916015625 0.142578125 0.392822265625 0.1194661453125 0.390380859375 0.1064453125 0.390380859375 0.09700520781250001 0.388916015625 0.09244791718749999 0.38671875 0.09147135468749999 0.3837890625 0.08756510468749999 0.383056640625 0.07975260468749999 0.3818359375 0.07779947968749999 0.372802734375 0.0751953125 0.3701171875 0.07682291718749999 0.356689453125 0.07747395781250001 0.34619140625 0.08235677031250001 0.34423828125 0.08072916718749999 0.34326171875 0.0771484375 0.34130859375 0.07649739531250001 0.332763671875 0.080078125 0.32861328125 0.09505208281250001 0.309814453125 0.1861979171875 0.308837890625 0.1966145828125 0.3095703125 0.2021484375 0.302001953125 0.22819010468749998 0.302490234375 0.23860677031250002 0.298095703125 0.244140625 0.29833984375 0.24869791718749998 0.290283203125 0.2828776046875 0.29052734375 0.291015625 0.29296875 0.29296875
1 0.283203125 0.3798828125 0.286376953125 0.3763020828125 0.292724609375 0.3727213546875 0.294921875 0.3763020828125 0.30029296875 0.3544921875 0.305908203125 0.3548177078125 0.31005859375 0.3525390625 0.31494140625 0.3541666671875 0.318359375 0.3518880203125 0.3212890625 0.353515625 0.326416015625 0.3531901046875 0.3330078125 0.3636067703125 0.3359375 0.3645833328125 0.3369140625 0.3701171875 0.340576171875 0.3714192703125 0.341552734375 0.373046875 0.34228515625 0.3668619796875 0.341552734375 0.3616536453125 0.343017578125 0.3538411453125 0.341796875 0.3486328125 0.343017578125 0.3450520828125 0.341552734375 0.3424479171875 0.337646484375 0.3444010421875 0.3349609375 0.3430989578125 0.333984375 0.3395182296875 0.33642578125 0.3372395828125 0.330078125 0.3356119796875 0.328369140625 0.3365885421875 0.3251953125 0.33203125 0.326904296875 0.3304036453125 0.326904296875 0.3274739578125 0.32421875 0.3238932296875 0.324951171875 0.322265625 0.32275390625 0.3199869796875 0.322265625 0.3177083328125 0.32177734375 0.3196614578125 0.31396484375 0.3216145828125 0.307861328125 0.3346354171875 0.279296875 0.3346354171875 0.271484375 0.361328125 0.269775390625 0.3688151046875 0.271240234375 0.3753255203125 0.277587890625 0.375 0.283203125 0.3798828125
1 0.29736328125 0 0.29052734375 0.0048828125 0.2861328125 0.014322917187500001 0.281982421875 0.0182291671875 0.281982421875 0.0221354171875 0.283203125 0.0234375 0.284912109375 0.0227864578125 0.2900390625 0.037109375 0.2919921875 0.0380859375 0.29345703125 0.041015625 0.29736328125 0.04296875 0.29931640625 0.0498046875 0.302734375 0.05143229218749999 0.309326171875 0.0419921875 0.313720703125 0.0455729171875 0.318359375 0.0455729171875 0.322021484375 0.0432942703125 0.33056640625 0.012369792187500001 0.331787109375 0 0.29736328125 0
2 0.005126953125 0 0 0.00390625 0 0.1344401046875 0.0068359375 0.134765625 0.033203125 0.1311848953125 0.068359375 0.1246744796875 0.079345703125 0.1214192703125 0.200439453125 0.09928385468749999 0.208740234375 0.09114583281250001 0.21044921875 0.08072916718749999 0.218505859375 0.060546875 0.21923828125 0.05598958281250001 0.225830078125 0.052734375 0.228271484375 0.0491536453125 0.232666015625 0.0465494796875 0.236328125 0.029296875 0.232421875 0.0169270828125 0.2333984375 0.013671875 0.232421875 0.0078125 0.22802734375 0.007161457812499999 0.22509765625 0 0.005126953125 0
