1 0.48220173906249997 0.5778988890625001 0.478344340625 0.5785954734375001 0.46830599843750004 0.592069365625 0.4697048078125 0.6001196546875 0.49615637812499996 0.661106778125 0.5059274671875 0.67399080625 0.529091221875 0.699125465625 0.5430567140625 0.712570625 0.5475208 0.7150815203125 0.5490365078125 0.7113053484375 0.5395842765625 0.6845187203124999 0.484037925 0.5790919046874999 0.48220173906249997 0.5778988890625001
1 0.3960803828125 0.45269329375 0.3915489765625 0.4508744453125 0.3898647671875 0.4540217578125 0.389393528125 0.45886608281249996 0.3841107515625 0.5344224703125 0.3909040546875 0.5909038953125 0.4292064203125 0.755545865625 0.4519376609375 0.8441531624999999 0.462333990625 0.8801229296875 0.49894120624999994 0.9205276484375 0.5024954625 0.9205863000000001 0.512534615625 0.9165483 0.5222351421875 0.8923807984375 0.522621725 0.8825040984375001 0.47327923906249997 0.63892835625 0.42921678124999996 0.48391789375 0.3960803828125 0.45269329375
1 0.43533558437500003 0.3360186453125 0.42462201874999994 0.332823265625 0.42100044218750005 0.333456659375 0.41761509218750004 0.3387448125 0.41655450156249996 0.34610608125 0.41906915156249996 0.40171194374999997 0.4210911765625 0.40925823906250003 0.42688675312499996 0.4205114703125 0.437062165625 0.4339611671875 0.44535019374999996 0.4384804765625 0.45599562968749996 0.43293200781249996 0.457764090625 0.4300991234375 0.453396321875 0.3722937671875 0.4395134609375 0.34029125 0.43533558437500003 0.3360186453125
1 0.8430050296875 0.6311887046875 0.8304560890625 0.6362362015625 0.8230448375 0.64159208125 0.81536511875 0.6591520375 0.8026945046874999 0.8165579296875001 0.8034701 0.8251122140625 0.8104617171875 0.837055978125 0.871880603125 0.869127409375 0.8737333140624999 0.8666089515625 0.8785803359375001 0.816781625 0.8755916109375 0.7329944562499999 0.8675506625 0.663367178125 0.8626810359375 0.646136771875 0.8572728515625 0.6344427359375 0.8430050296875 0.6311887046875
1 0.5458773421875 0.8004468828125001 0.5510847828125 0.828370896875 0.5690959421875 0.8757804374999999 0.5820508281250001 0.8901703968750001 0.5852325984375 0.86808659375 0.572509078125 0.8017360296874999 0.565399346875 0.7874648859375 0.5561506953124999 0.7774739078125 0.5453367578125 0.7823935171875 0.5445285156249999 0.785980125 0.5458773421875 0.8004468828125001
0 0.07782824375 0.8379642 0.087632746875 0.8764414765625 0.090531025 0.8985755421875 0.10235584843750001 0.92573000625 0.10956520624999999 0.9413181609375 0.11916559374999999 0.94885338125 0.11626794062500001 0.93615295625 0.110305459375 0.928990675 0.09858145 0.8984399859375 0.092347771875 0.8657442828124999 0.08257706249999999 0.8292794984375 0.0718294078125 0.7910549390625 0.062192695312500004 0.7437727015625 0.059058973437499995 0.7264186515625 0.0475704484375 0.6910879609375 0.040022915625 0.6553751171875 0.035912214062499996 0.6362612999999999 0.037965700000000005 0.6175173421875 0.037492890625000004 0.59877641875 0.036716996875000005 0.580790603125 0.030036676562499996 0.57604970625 0.0324735203125 0.5913614078125 0.031969384375 0.6083425546875 0.028265120312499996 0.6228119609375 0.028670278124999997 0.6375279390624999 0.035442525 0.664688546875 0.040766276562499995 0.690215753125 0.048920003125 0.724418478125 0.0613184890625 0.7669176531249999 0.06670984375 0.796469765625 0.07782824375 0.8379642
0 0.0840088421875 0.7688395515625001 0.078269409375 0.7730727984375 0.07124938125 0.7747580640625 0.0717488984375 0.783445159375 0.0802909421875 0.7806172609375001 0.090934659375 0.77506989375 0.0979135734375 0.7694263968749999 0.10284440624999999 0.762175359375 0.1047031078125 0.7525130578125 0.09699674999999999 0.7599687109375 0.0904221328125 0.767121115625 0.0840088421875 0.7688395515625001
3 0.1869768734375 0.49368472499999994 0.282071846875 0.8832911187500001 0.15994986093750002 0.914935475 0.095070090625 0.6396027328125 0.0819165234375 0.6296841390625 0.152513521875 0.9309439546875 0.421062975 0.8557519078125001 0.39615683437500004 0.7492199390625001 0.388611790625 0.7512416265625 0.4072919921875 0.8405742406250001 0.29880519375 0.87179949375 0.2891023546875 0.8431330515625 0.2810723515625 0.8463628156249999 0.19150341875000002 0.4849248046875 0.1869768734375 0.49368472499999994
3 0.49463880937500004 1 0.4932256609375 0.991597678125 0.489687984375 0.9783948875 0.48645341562500005 0.964437084375 0.480995990625 0.9544440421875 0.47542110624999995 0.9515578546875 0.4717503625 0.9633229359375 0.46673129375 0.9606247078125 0.46395200625 0.9549679187500001 0.465466903125 0.9417589843749999 0.4677788734375 0.9268555453125 0.46498165937499997 0.9154729140625 0.463381296875 0.914216709375 0.4521795609375 0.914859178125 0.44321833593750004 0.91726033125 0.34267443124999997 0.948582040625 0.31749391875 0.977234396875 0.31459755 0.9881205953125001 0.31936776718750004 1 0.49463880937500004 1
3 0.5645685359375 1 0.5710773031249999 0.99825598125 0.583760478125 0.9871064421875 0.5864045 0.9799949046875 0.5878355515625 0.9711863546874999 0.5875485312500001 0.9635121718749999 0.5802033843750001 0.9540221624999999 0.5664072046874999 0.9506417546874999 0.559332553125 0.9525374015624999 0.52638685625 0.9842814437499999 0.5231361453125001 0.9881855046875 0.518966565625 1 0.5645685359375 1
0 0.264876134375 0.2156095515625 0.25946325937500003 0.2004384734375 0.2558694359375 0.1870261421875 0.2507258546875 0.169087525 0.24937775625 0.1577688171875 0.24322424374999999 0.1486361578125 0.238800003125 0.14218476093750002 0.2401234765625 0.12071639999999999 0.24126701874999998 0.09480396875 0.2359439015625 0.0787103875 0.23531681718750003 0.104035196875 0.233904003125 0.13271515312499998 0.23368021875 0.144455046875 0.2430902203125 0.15945355625 0.2444604546875 0.1658248296875 0.2509517171875 0.18879306093749998 0.25584812968750004 0.204551746875 0.26157538593749996 0.21963862031249998 0.2540979796875 0.2256852140625 0.24392559687499998 0.2279616546875 0.2274206078125 0.229239553125 0.21724783749999999 0.22522691250000001 0.20853506406250003 0.22666305000000003 0.2007654015625 0.22784646562500002 0.1981835703125 0.23707359375 0.1839017734375 0.2391034859375 0.1755480375 0.2368495796875 0.16791323281249998 0.23979377968749999 0.161221978125 0.24877437656249998 0.1459744796875 0.2497152953125 0.1437968140625 0.25793571875 0.1361841328125 0.255932434375 0.128667253125 0.26064195625000003 0.12303059218750001 0.2572107734375 0.11341935781250001 0.2552938125 0.107311753125 0.2614226234375 0.0985989796875 0.2628587609375 0.1075142375 0.2672083515625 0.11458750625 0.26216847187500003 0.125613659375 0.266850909375 0.1326647921875 0.266758465625 0.13785180625 0.262224009375 0.14726097656249998 0.2646443515625 0.1507859328125 0.255164496875 0.16688677031250002 0.254893353125 0.1729042078125 0.24339799062499998 0.182425678125 0.2462374296875 0.204050446875 0.24268923281250002 0.20501530625000003 0.23119999062500002 0.218376528125 0.2307644625 0.22783079218750002 0.23586806875000002 0.2484226671875 0.23349509531249998 0.26059361718749996 0.23113239531250002 0.2655559828125 0.225759634375 0.270160159375 0.23665511874999998 0.27404585937500003 0.24864157968749998 0.2806038875 0.263056575 0.28680252031250003 0.2748725078125 0.295853053125 0.287271975 0.304724065625 0.30151642968750003 0.302567290625 0.285922121875 0.288328890625 0.26547895 0.2811195453125 0.2498907921875 0.275302515625 0.23572646718749998 0.27022659375 0.2218128203125 0.2848891453125 0.2048563375 0.2912451359375 0.2197747078125 0.296523153125 0.23318500000000003 0.3057983015625 0.2464227421875 0.3005649734375 0.22940666875 0.2913566125 0.20761566875 0.2873811828125 0.196551728125 0.3000001046875 0.1769982671875 0.3110249859375 0.16281345 0.3123042171875 0.151239971875 0.31594314218749997 0.1673356 0.3218273796875 0.179235775 0.32791407499999997 0.1969216828125 0.3387398203125 0.227263821875 0.35713192031249996 0.23805866718750002 0.36523973125000003 0.256999940625 0.378422678125 0.2772766625 0.3856311921875 0.280286653125 0.4081348078125 0.32277350625 0.399711775 0.291338321875 0.3900771375 0.2755015578125 0.37684996875 0.2651196953125 0.3670579203125 0.24618049062499997 0.357625378125 0.229840371875 0.344488346875 0.22482505000000003 0.318030634375 0.15374864375 0.32773165 0.1547430890625 0.3465725625 0.1609253921875 0.363257484375 0.1640915671875 0.375338640625 0.1626513328125 0.3620667859375 0.155875265625 0.3505467 0.1531220984375 0.3394307890625 0.149362171875 0.3285394953125 0.14644052031250002 0.31540247187500003 0.1414252296875 0.313515409375 0.12935247656249999 0.31324528125 0.119541828125 0.3119869625 0.10730060156250001 0.300039803125 0.09792343437499999 0.3070865703125 0.115352084375 0.3074689796875 0.1255818671875 0.30928885781250004 0.139918765625 0.30605574999999996 0.1479727390625 0.3058991734375 0.15744848125 0.296603140625 0.168025453125 0.2900467484375 0.1787668 0.2815368421875 0.1922777328125 0.2758563546875 0.2050305234375 0.264876134375 0.2156095515625
1 0 0.18280981406250002 0.0083648484375 0.200972678125 0.025074406249999997 0.23692591875 0.07226538437499999 0.23573651562500003 0.097526365625 0.2074048375 0.0690639984375 0.2143574734375 0.03197818125 0.2155346390625 0.0186710328125 0.18473429375 0.025170895312500004 0.1674942859375 0.041438946875 0.1489845921875 0.040123215625 0.11766653593750001 0.0207326 0.11684729375 0.010921221875000001 0.14638029531250002 0 0.1561683421875 0 0.18280981406250002
1 0.4293322375 0.25836233124999997 0.41466020312499996 0.2168093171875 0.4133619859375 0.195931121875 0.39791558125000004 0.159976375 0.395402790625 0.10910069687499999 0.38659243125 0.0781062140625 0.3723931671875 0.055294128124999994 0.358295715625 0.043236212499999996 0.364677175 0.01895258125 0.340780084375 0.025109009375 0.3388600796875 0.0423793953125 0.3504988890625 0.0584653015625 0.3641079203125 0.0696433078125 0.3790145078125 0.0922658859375 0.37873110625 0.13647850625 0.3865986609375 0.172442503125 0.3958141796875 0.218152965625 0.41840203125000003 0.2609541546875 0.42409586718750003 0.2803176046875 0.4293322375 0.25836233124999997
1 0.45813885625 0.48910038437500003 0.46297318593750003 0.499597275 0.46964304375 0.5065700390625001 0.46789047968749997 0.4915412640625 0.46627258749999995 0.4751287125 0.4669285828125 0.46248685 0.46258423437499996 0.45964343281250003 0.4574305890625 0.47513949375 0.45813885625 0.48910038437500003
1 0.47713891875 0.52511371875 0.4752858546875 0.5181979890624999 0.47193415781250003 0.5160637765625 0.46781063125 0.51216365625 0.46967810156249995 0.52744978125 0.469072196875 0.5336767015625 0.475624021875 0.538322653125 0.4797509953125 0.549009078125 0.48512389218749996 0.553970925 0.4883237078125 0.551765846875 0.48749800624999995 0.54491175 0.4827817296875 0.5367416671874999 0.4772234609375 0.5301448843750001 0.47713891875 0.52511371875
1 0.5846163828125001 0.06572034375 0.6024350234375 0.064315065625 0.6310827625 0.058997353125 0.6552506328125001 0.0548800421875 0.6871821140625001 0.042954815625 0.7053373656249999 0.0380901296875 0.7147345328125 0.0288337421875 0.731575925 0.0209518921875 0.74400510625 0.0182953359375 0.7454022640625 0.0074764125 0.7417305765625 0.0050910265625 0.7334612578125 0.006296021875 0.7215036671874999 0.008826203125 0.709899928125 0.013620021874999999 0.7034329546875 0.0187220546875 0.693142765625 0.021816218749999998 0.6853115265625 0.0255992 0.6746678015625001 0.031146557812499996 0.6693628281249999 0.0349264609375 0.6595103734375 0.0358818109375 0.6441002828125 0.0396740421875 0.636151 0.041130175000000005 0.62405844375 0.040327307812500005 0.61445868125 0.0422257234375 0.6065094046875 0.04368188125 0.5980212359375 0.045956278125 0.580724559375 0.045537090625 0.5713439703125001 0.0510828953125 0.562670428125 0.051722357812499994 0.5557986125000001 0.0468252296875 0.552183721875 0.0417619375 0.5394281578125 0.0451470984375 0.52716746875 0.048432340625 0.5217447749999999 0.05460225 0.522806275 0.061393164062500005 0.5321708828125 0.0689915625 0.5445502484375 0.0774667671875 0.5541838171875 0.077580828125 0.5633120234375 0.0758087765625 0.572136803125 0.070074971875 0.5846163828125001 0.06572034375
0 0.6967916875 0.36717705624999997 0.6846321375 0.37178286250000003 0.6704682734375 0.37456730781249997 0.6558663453125 0.37477375468749996 0.64104554375 0.3760495953125 0.640405215625 0.3708304359375 0.631797128125 0.3424771484375 0.6270214875 0.342284240625 0.6358580218750001 0.3727226859375 0.6276563515625 0.3779526125 0.6297787109375 0.38210083125 0.64813624375 0.3798773015625 0.6632097375 0.379544525 0.681634590625 0.3766291234375 0.6928006124999999 0.3739741125 0.7162270093750001 0.3633170421875 0.7071492109374999 0.3633909921875 0.6967916875 0.36717705624999997
0 0.7040668265625001 0.3584892625 0.701624146875 0.3493730546875 0.6971101562500001 0.3438441484375 0.69608248125 0.33906569375 0.698186996875 0.3280572484375 0.6926797546875 0.3291959671875 0.6924276875 0.3376865421875 0.68377105625 0.339332234375 0.673430440625 0.344124515625 0.6582054046875 0.3448348390625 0.653573609375 0.348228525 0.6595530875 0.3498644640625 0.6670477171875 0.349540890625 0.6759570390625 0.34883825156250003 0.684714503125 0.34379634062500003 0.6920237593749999 0.34183783125 0.6960831015625 0.348499309375 0.69940126875 0.3533378859375 0.701052378125 0.3623292515625 0.7040668265625001 0.3584892625
1 0.7824551125 0.5878102515625 0.7833146359375001 0.5966768078125 0.7876777078125 0.6120168984375 0.7922765625 0.62729375 0.7984588687499999 0.6475370875 0.8049940937500001 0.6558936171874999 0.8112089796875 0.6592821625 0.8155200812500001 0.652736271875 0.8199316828125 0.6380773343749999 0.82759415 0.6289488421875 0.8378674453125001 0.62484843125 0.8479052734374999 0.6255280156249999 0.8566295515625001 0.6279072546875 0.8618004718750001 0.63494474375 0.8721082140625 0.6422904296875 0.8774294578124999 0.6300831375 0.86967995625 0.5964459468750001 0.8662434031249999 0.5845637484374999 0.863598146875 0.5680895625 0.8594376609375001 0.560107484375 0.854451784375 0.5499881296875 0.8516890953124999 0.540620753125 0.84759594375 0.5319467859375 0.8443619921875 0.5274225859375 0.8368673624999999 0.527746159375 0.8330945328125001 0.5240401828125 0.8315445609375001 0.51636938125 0.8281925734375 0.5095183578125 0.8230895968749999 0.511222625 0.8218943953125001 0.519965909375 0.8150566953125 0.521798065625 0.81076188125 0.5199165609375 0.8096496640625 0.510106940625 0.806718515625 0.50011085625 0.8023729859375001 0.49521065468750003 0.794114378125 0.5001354703125 0.79132564375 0.5096261171875 0.7955703578125 0.5179225375 0.800202403125 0.5257782609375 0.80399276875 0.5399240937500001 0.8026294140625 0.55275548125 0.8027145812500001 0.567220284375 0.7995153859374999 0.578858978125 0.7895451875 0.5822043296875 0.7824551125 0.5878102515625
3 1 0.763238096875 0.9929991484375 0.7625859796875 0.9873059328125 0.7526561453125 0.9723326531250001 0.7401590875 0.9698404843749999 0.7468914421874999 0.9665570578124999 0.7582157890625 0.9585238671875 0.7640744171875 0.9512487281249999 0.7727622109375 0.94784761875 0.7849941078125 0.9490554828125 0.8067050874999999 0.94978039375 0.8169554171875 0.9500170890625 0.8310426890624999 0.947188328125 0.8412344484375 0.9420183218749999 0.8483473968749999 0.9381111499999999 0.8507420109374999 0.9344397765625001 0.8530734437499999 0.9347266046874999 0.8607457859375 0.9344576218749999 0.86823011875 0.9288999796875 0.871066975 0.920966971875 0.8640957296874999 0.9065670171875 0.8622265328125 0.894946659375 0.8707309343749999 0.883292496875 0.8772228703125 0.8664003671874999 0.8820860187499999 0.863774184375 0.8996357671874999 0.86567799375 0.909570221875 0.878489365625 0.9158851671875 1 0.88316278125 1 0.763238096875
3 0.689980953125 0.8478278937500001 0.6849784765625 0.841419115625 0.6787805015624999 0.8390368 0.6727678828125 0.8382894249999999 0.669854578125 0.843450015625 0.67185950625 0.8547050421875 0.6735613375 0.8667151296875 0.6730402890625 0.8826900468750001 0.6725189296874999 0.89394814375 0.6754503890625 0.9086610343749999 0.6787522859374999 0.921926990625 0.681599515625 0.9363255359375 0.68141508125 0.94884105625 0.6836554921875 0.9553160828125 0.6901501171875 0.9663505156250001 0.7585891359375 0.9464958187500001 0.756006934375 0.9339080484375 0.749151696875 0.925300325 0.7380861921874999 0.9198422859375001 0.7309109703125001 0.9109834109375001 0.72188328125 0.9046424109375 0.7150953671875 0.895342828125 0.7077516828125 0.8858552453125 0.703422421875 0.87252764375 0.6959268609375 0.8587007828125 0.689980953125 0.8478278937500001
3 0.6083756328125001 0.914678128125 0.6133781093749999 0.9210869046875001 0.6166630921875 0.9333466312500001 0.612503546875 0.939515021875 0.6088493875000001 0.9475694671875001 0.6077218171875 0.9603376890625 0.6097940609375 0.9709008328125 0.6145444703125 0.9858001828124999 0.6627640109375 0.9736886015625 0.6569167796875 0.9562528406249999 0.65100469375 0.9473924 0.6452776546875 0.9354501031250001 0.6410495187499999 0.9234430937500001 0.634581321875 0.9096778703125 0.628484159375 0.9038993281250001 0.620551484375 0.9016449078125 0.613359953125 0.9012134218750001 0.6088803890625 0.90713060625 0.6083756328125001 0.914678128125
0 0.31999871875 0.0674793484375 0.32318730625000003 0.06512754062500001 0.32742408749999996 0.06668769687500001 0.333636746875 0.064723515625 0.338082840625 0.062034759375000005 0.3441310046875 0.062810040625 0.3420947203125 0.058563885937500004 0.33689992812499997 0.058458396875 0.332798128125 0.06075541875 0.3287561796875 0.062437429687500004 0.3231422109375 0.062444259375 0.323126915625 0.05735710000000001 0.3239649640625 0.052939743750000004 0.322302775 0.045897985937500003 0.3199967796875 0.0381302828125 0.32002739999999996 0.0483045921875 0.32026732343750003 0.054230015625 0.31936942031250004 0.0592623734375 0.31700441874999996 0.0646878484375 0.31685495 0.06832171875000001 0.3163912671875 0.074136215625 0.3143855796875 0.080064353125 0.31321825625 0.0857678734375 0.311302496875 0.0928698859375 0.3060030359375 0.0948888671875 0.3021553765625 0.0914275609375 0.2983374828125 0.08556237343749999 0.293950675 0.0792506765625 0.28951935156249997 0.078641125 0.291257103125 0.0825542546875 0.29499915625 0.0873553515625 0.2980235171875 0.0919356921875 0.3016017640625 0.096068184375 0.3069913890625 0.09941578125 0.31209629375 0.09834741875 0.31561414062500004 0.0947094390625 0.316960996875 0.087160903125 0.32023892656249997 0.0775975203125 0.3208523703125 0.07234186875000001 0.31999871875 0.0674793484375
2 1 0.43511703593749995 0.9854071984375 0.38065595937499996 0.9879591781249999 0.394400659375 0.9816365781249999 0.45365919374999997 0.9820194703125 0.49797777656250003 0.9935075187500001 0.562297134375 1 0.5817223140625 1 0.43511703593749995
