2 0.8673468015625 0 0.8673146375 0.0005485265625000001 0.8695446468749999 0.0014478109374999998 0.871587465625 0.003982228125 0.8706060765625001 0.010856603125 0.870827865625 0.024203346875 0.8686151578124999 0.0307950015625 0.8728430609375 0.0469333234375 0.8765770421875001 0.055923068750000006 0.8851399984375 0.070281409375 0.8876480796875 0.072148140625 0.8918814062499999 0.08144616875 0.8984864874999999 0.08870705625 0.9001890093749999 0.0954877078125 0.9096597687499999 0.10786003125000002 0.9093308328124999 0.11243158906249999 0.9147613968750001 0.12103636874999998 0.919874384375 0.134538028125 0.9201979 0.136806765625 0.9191256265625001 0.14107856093749999 0.915545271875 0.1434836234375 0.917820721875 0.1456841984375 0.9196877125 0.1501790703125 0.92112894375 0.14947730312500002 0.9233703125 0.15070191093750002 0.9254585734375 0.15453761875 0.921702390625 0.1589031375 0.9232231437499999 0.160478628125 0.9266731125 0.161335309375 0.9297827828124999 0.166438225 0.9299304703125 0.1706674171875 0.9323308859375 0.176446540625 0.9341015718750001 0.1851791265625 0.9347772624999999 0.1975328625 0.9359009171875 0.2017279734375 0.9412974000000001 0.20935678593749998 0.9437659796875 0.21708784374999998 0.9517100453125 0.2207190609375 0.9532876031249999 0.22392116562500003 0.9572141937499999 0.224435484375 0.9594723453125 0.21914512031250002 0.9611462062499999 0.218109509375 0.96242296875 0.21969352031249997 0.9630472781250001 0.22358034999999998 0.967711784375 0.23123472500000003 0.9729378593750001 0.23398369843750003 0.9761838562499999 0.242990484375 0.9805930109375 0.2503280578125 0.9832092765624999 0.26228830625 0.9862735062500001 0.26608993281250004 0.9902173968750001 0.27409518906249997 0.9921693328125001 0.2740270265625 0.987443359375 0.138692853125 0.9852360718750001 0.1384442125 0.9830910078124999 0.13298189375 0.9813149015624999 0.1310896015625 0.9805883468750001 0.12427486875 0.9727914484375001 0.11086693437499999 0.96944320625 0.09893224375000001 0.9666002484374999 0.09447145312500001 0.9603863265625 0.077425328125 0.9578555234374999 0.07490795156249999 0.9530660515625 0.0636750296875 0.9507565203125001 0.060498487499999996 0.9390552328125 0.03322096875 0.9346347171874999 0.025558075000000003 0.9305604390625 0.0208145625 0.9272462796875001 0.0098558421875 0.9262075703124999 0.0010976953125 0.9250839843750001 0 0.8673468015625 0
2 0.853483315625 0.37398007187500004 0.8569960265625 0.3836289828125 0.861348378125 0.3893399421875 0.8625061140625 0.3945110203125 0.862693821875 0.40688179843750005 0.8645153703125 0.41007537968749996 0.86658685 0.420426059375 0.8705702437499999 0.422566990625 0.8731237671875001 0.42573501093750005 0.874014790625 0.430263965625 0.8867705328125 0.431772840625 0.89205883125 0.4293081359375 0.896450684375 0.42915476874999997 0.9021533828124999 0.43156137812499995 0.909058740625 0.42643445 0.9134619546874999 0.42660640625 0.9148236609374999 0.42362738125000005 0.9255820265624999 0.423903128125 0.9298321328125001 0.426686184375 0.9343430140625 0.42294574999999995 0.9399093859375001 0.421448490625 0.9494364296875 0.42144151875 0.9524211359375 0.4229658859375 0.957510884375 0.42181099062499994 0.9604842281250001 0.42301003593750003 0.9660506 0.42151277656249997 0.9671288125 0.4244065984375 0.9652564015625 0.4267520203125 0.965926153125 0.4319401390625 0.9650524296875 0.4349021234375 0.9727752265625 0.4391925078125 0.9765995734375 0.43677892187499995 0.9783529578125 0.4380205703125 0.977757309375 0.441950003125 0.9802426703125 0.44316608906250005 0.9980086359375001 0.4412428109375 0.994305109375 0.3351876640625 0.988216671875 0.33572599531249997 0.9851751640625 0.33257501562499997 0.9807378671875 0.3314270921875 0.9785873828125 0.332805065625 0.9770384859375 0.337419225 0.9731118953125 0.3369049046875 0.9707796421875001 0.3330777171875 0.9649579171875 0.334258175 0.9619845734375 0.3330591296875 0.9573487265624999 0.33322101718749997 0.9537570109375 0.3353007578125 0.9259078531249999 0.33529611406250004 0.9213796734375 0.3315456109375 0.9192914109375 0.32770990312500003 0.91393495 0.3282226734375 0.9099742765625001 0.3267323875 0.9058886390625001 0.321663553125 0.8978255453124999 0.32161940312500004 0.890114109375 0.3176543421875 0.8822836484375 0.31727635 0.87487300625 0.31492938125 0.8695165453125 0.3154421515625 0.8662537671875 0.3129503375 0.8618619125 0.313103703125 0.8626734109375 0.3153554 0.8617769671875 0.3176667390625 0.8549679156250001 0.3185559546875 0.8514611453125 0.316072659375 0.841213484375 0.316430515625 0.8371110640625 0.317876653125 0.83639045 0.3182275375 0.8376785718749999 0.3201368703125 0.8372760515625 0.3295967859375 0.840351640625 0.3337237328125 0.8412199421875 0.3376020421875 0.8445395234375 0.34172047031249997 0.8449371421875 0.353106759375 0.84754746875 0.35790139375 0.8491423250000001 0.368594434375 0.853483315625 0.37398007187500004
2 0.3757753578125 0.692278028125 0.37729611093750004 0.69385351875 0.375667690625 0.69619041875 0.37572449375 0.6978170328125 0.3796510859375 0.6983313515625 0.3869313390625 0.703940065625 0.40003331875 0.7083683234375 0.40701277812500003 0.7123589453125 0.42902343125 0.7200590171875 0.45431958281249996 0.73090155 0.493733184375 0.74027393125 0.5062760453124999 0.7391844859375001 0.514251225 0.7402088640625 0.5174799218749999 0.7417247109375 0.535813396875 0.74206165 0.5412721015625 0.7444767828125001 0.5461405796875 0.7439810515625 0.5492670328125 0.742568996875 0.5503393046875 0.7382972031249999 0.553386234375 0.7346078890625 0.5527505640625 0.7303957375000001 0.5552299859375001 0.7244462078125 0.5674690828125 0.7181558625 0.5733476093750001 0.7186020171874999 0.5792943 0.721000109375 0.5917378859375 0.72056556875 0.602899290625 0.7253873125 0.6075237765625 0.724900103125 0.6111041312500001 0.7224950390625 0.614996640625 0.7220333890624999 0.6427154125000001 0.7252997796875 0.6622407031249999 0.731783765625 0.6665248921875 0.7355427890625 0.6778166828125001 0.7371027859375 0.6804665125 0.7360330953124999 0.682781465625 0.7323693421875 0.6898685906249999 0.732447575 0.6943286078125 0.73424614375 0.6952991546875 0.7410523546875 0.69960064375 0.7523023171875 0.6990390750000001 0.757207715625 0.700707515625 0.7630123984375 0.7055251296875 0.7680556734375 0.7105185734374999 0.7711384906250001 0.7181845671875 0.7738022609375 0.7238304624999999 0.774582259375 0.7355307125 0.7738479593750001 0.7459033390625 0.77706865 0.7584264484375 0.77891136875 0.7720391328125 0.7839732296874999 0.7772765671874999 0.787047528125 0.7935618015625 0.79169034375 0.8096879875 0.7917786437500001 0.816417515625 0.7886121703125 0.8208093703125 0.7884588031249999 0.8262507765624999 0.7833829953125 0.83177170625 0.7805844468750001 0.83356459375 0.7759617671875 0.837820121875 0.7719045296875 0.8393349375 0.7663144046875 0.8461212671875 0.76477454375 0.867138653125 0.7650177578124999 0.8690110640625001 0.7626723375 0.8703046078125001 0.7577413765625 0.8759050609375001 0.7572200859375 0.9127083359375 0.761797834375 0.92137301875 0.7650781671875 0.9384638109375001 0.7648070640625 0.945097034375 0.7658783031249999 0.9486038062500001 0.7683615984375 0.9485020796875 0.7794396046875 0.9492908578125 0.7810406578125 0.954936753125 0.7818206562500001 0.957075878125 0.7801173593749999 0.9556627890625 0.7746294781249999 0.952031053125 0.7685676359375 0.95280253125 0.7626777484375 0.948960884375 0.75760039375 0.94480114375 0.7434140078125 0.9440291468750001 0.7352979859375 0.931483315625 0.732804621875 0.9288448468749999 0.7341996359375 0.9239309265625 0.7333940765625 0.9205945640625 0.7357906187500001 0.90882615 0.7345729859375 0.9056883375 0.73565971875 0.88204384375 0.7371368390625 0.8771299234375001 0.7363312796875 0.8694244281250001 0.7395318343749999 0.86692770625 0.7379904265625 0.853729421875 0.7377998828125001 0.8482820765625 0.7357100734375 0.8419155671875 0.7352809578125 0.8354581718749999 0.7322492640625 0.8303343421875 0.7324281906250001 0.8145143718750001 0.727117690625 0.8113538374999999 0.727553778125 0.8109340156249999 0.729522753125 0.807366828125 0.729973040625 0.793508346875 0.7271997984375 0.7876979828125 0.7287055765625 0.7808434890625 0.728293503125 0.7716681015625 0.7243795640624999 0.7677415109375 0.7238652453125 0.7555646359375 0.724941909375 0.75211466875 0.7240852265625 0.7480971921874999 0.720968328125 0.7380708031250001 0.72066701875 0.7247589140625 0.7172232484375 0.716729903125 0.7181550671875 0.7091320718749999 0.71744323125 0.6930794703125 0.7124665734375 0.6803464499999999 0.71160834375 0.6689524140625001 0.7071204421874999 0.6610765109375001 0.7054411593750001 0.65533973125 0.70205858125 0.6532969109375 0.6995241640625001 0.6451770156250001 0.6978534015625 0.6409041875 0.6944197 0.6368299093750001 0.6896761875 0.6321199609375 0.680720525 0.630320615625 0.6641716765625 0.627398134375 0.657433628125 0.6260131875 0.6457560984375 0.619827409375 0.622520325 0.6175173578125001 0.605337871875 0.61415775625 0.593077859375 0.6124720156250001 0.5797822390625 0.608289553125 0.5649452078125 0.607574359375 0.5584557984375 0.6049299515625 0.552685196875 0.603556365625 0.5413329890624999 0.600219484375 0.529723621875 0.59792079375 0.51286649375 0.5951855015625 0.5044933109375 0.5928527296875 0.486660215625 0.591053903125 0.48411727656250003 0.5896635359375 0.47928004062499996 0.58317644375 0.4404202640625 0.5792439140625001 0.4327403296875 0.5798509234375 0.4291362203125 0.5788462953125 0.421354040625 0.569669353125 0.3754223734375 0.5675583718749999 0.3709360203125 0.5589959343750001 0.3705835890625 0.5518520046875001 0.3688787453125 0.549587915625 0.36700349375 0.5437093890625 0.3665573375 0.5362873875 0.3638850453125 0.5189526015625 0.364164671875 0.51639365625 0.36783694218749996 0.513749765625 0.3760722515625 0.5134208296875 0.38064380625 0.5142323281250001 0.3828955046875 0.5134381296874999 0.38813474531250003 0.5150156859374999 0.3913368484375 0.5151011484375 0.4007797234375 0.5133823640624999 0.414519953125 0.513223834375 0.423971346875 0.5148641328125 0.435965678125 0.515930984375 0.438534178125 0.51582331875 0.44244656875 0.517423596875 0.44629931718750004 0.51685066875 0.4508793921875 0.518206953125 0.4547406609375 0.5207604781249999 0.45790868281249997 0.52042018125 0.4621549171875 0.5249997421875 0.47437232656250006 0.5231673515625 0.48485933125 0.5182988749999999 0.48535506249999993 0.51712435625 0.486698953125 0.51748789375 0.497109275 0.5255509859374999 0.49715342500000004 0.5293699125 0.5015801343749999 0.530726715625 0.5194473125 0.5301651484375001 0.5243527109375 0.5315441546875 0.528864625 0.5301938078124999 0.5321689734375 0.5332466765625 0.5356452765624999 0.5319417734375 0.5402509140625 0.535499925 0.551201115625 0.5343427078125 0.560035946875 0.53797444375 0.5660977890625001 0.5374810390625 0.5729551234375 0.5400118421875 0.5754724999999999 0.5432183359375 0.5903436109375 0.54556195 0.5944961203125 0.5459309078125 0.5980661484375001 0.54909738125 0.6047956765625 0.548921553125 0.6067561328125 0.5463058046875 0.6088017921875 0.546152696875 0.6114128937500001 0.5496426859375 0.620411159375 0.548593134375 0.6253335984375 0.550170690625 0.6285357015625 0.5516746625 0.6366261640624999 0.5515783578125 0.6408638765625 0.5532808796875 0.6476445281250001 0.5529746640625001 0.652866728125 0.555051565625 0.6563771140625 0.5560107515625 0.662858003125 0.5544845765625 0.66812280625 0.5570494609375001 0.6716161515625 0.5562211796875001 0.675879425 0.5598301953125 0.6812906234375 0.5618903140625 0.691315978125 0.5616749828125001 0.6991407609375 0.555308471875 0.6987116453125 0.5524487328125 0.7007658250000001 0.538064571875 0.7015938515625 0.5329180203125 0.7011221328125 0.5277033062500001 0.69869848125 0.51720029375 0.698739534375 0.5129501875 0.695956478125 0.5090235953125 0.695442159375 0.5022426859375 0.690141728125 0.49225037812499994 0.6908163859374999 0.489521025 0.6896088203125 0.482663175 0.6904997390625 0.48190047343750003 0.6882463390625 0.48378424531249997 0.686226240625 0.48077681875 0.684051228125 0.4730881046875 0.6807368109375 0.4701829234375 0.6814897015625 0.46909334999999996 0.67827055625 0.46196078281249997 0.6768910359375 0.4600202078125 0.677284521875 0.45934503437499996 0.6789366953125 0.4596458296875 0.6805547875 0.46240926406250005 0.6827383218749999 0.46225615624999994 0.685349421875 0.460616375 0.687361 0.458199178125 0.6880968484375 0.44232834375 0.6883253515625001 0.4383676703125 0.6868350640625 0.43525257812499996 0.6885724421874999 0.42939677343750005 0.6887769328125 0.41336689218749995 0.68445091875 0.40681319218749995 0.6856569375 0.4035617734375 0.68349044375 0.4011218546875 0.6835756468749999 0.3999473375 0.6849195406249999 0.3971725421875 0.682410684375 0.39423327812500003 0.6821876062500001 0.3872310984375 0.6775463390625001 0.3798886203125 0.6771513046875001 0.3750769453125 0.6792736484375 0.3710708296875 0.676482071875 0.359137946875 0.677550215625 0.3519599375 0.6748694046875 0.3466375578125 0.6763581421875 0.3369628265625 0.672135921875 0.33455698906250003 0.6731970921875 0.332253396875 0.6771861671875 0.32876934687500003 0.6753535171875 0.3247010078125 0.677775621875 0.320473621875 0.675643209375 0.31634848125000004 0.6764387015625 0.3120815921875 0.6801706171874999 0.31094115625 0.6824904765625 0.31075396718750004 0.6841256109375 0.31275134375 0.6853587375 0.31702959375 0.6819521453124999 0.32032645312499997 0.6854199265625 0.32420760312499997 0.68463295625 0.33082946562500004 0.6853788734374999 0.3360441796875 0.687802525 0.3419340671875 0.6885740031250001 0.343721534375 0.6907916203125 0.3757753578125 0.692278028125
2 0.42126614531250006 0.3495921046875 0.555172959375 0.364030346875 0.57598066875 0.363303725 0.6025116359375 0.37732372187499996 0.6238589859375 0.36910501562500003 0.6430847234375 0.3689674421875 0.649198653125 0.371956765625 0.665707284375 0.38579295 0.694871734375 0.3949167703125 0.7169265703125001 0.406957871875 0.751088121875 0.4100353359375 0.7845516484374999 0.4045963515625 0.8009205156249999 0.40295713437499997 0.8147022625 0.3960702109375 0.8139297671874999 0.38542113906250003 0.80346059375 0.3724416546875 0.7744918171874999 0.3803927046875 0.737054590625 0.3752944046875 0.6888411453125001 0.359896353125 0.6421819 0.3545862890625 0.5913722109374999 0.3451507359375 0.5501660968750001 0.33537981562499997 0.5161812734375 0.32589052500000004 0.44048216093750003 0.314757678125 0.3980945046875 0.328515359375 0.42126614531250006 0.3495921046875
2 0.7142186703125 0.324448184375 0.7256862890625 0.3240477265625 0.7306570109375 0.3264799 0.7434241140625 0.328314096875 0.753864903125 0.333486725 0.7669836625 0.3314000109375 0.7737359125000001 0.3288841828125 0.777543478125 0.33298556874999996 0.7817140609375001 0.33349136874999996 0.7856579515625 0.341496625 0.79139473125 0.3448792046875 0.7992706359375 0.34655848749999996 0.8033108312499999 0.35032603125 0.81087458125 0.3500619 0.804308484375 0.3229307765625 0.8024869359375 0.31973719218749996 0.7900487703125 0.3133314390625 0.7859631312500001 0.3082626046875 0.781724384375 0.3058048703125 0.7801809093750001 0.3035787359375 0.7794943765625 0.3049055859375 0.7712781750000001 0.3074725375 0.7678054859375 0.305965209375 0.764962528125 0.30150441875 0.7447225609375 0.302536934375 0.74119306875 0.2994029921875 0.7368239359375 0.3002070046875 0.734349934375 0.2993162421875 0.729038915625 0.301130303125 0.725554865625 0.299297653125 0.7211516515625 0.299125696875 0.7158801343750001 0.2950754328125 0.71241880625 0.29389342812499997 0.7095985687499999 0.29008328125 0.6973989734375 0.2905093015625 0.6938413406249999 0.293565009375 0.69021554375 0.2946687828125 0.687372584375 0.2902079921875 0.6851652968749999 0.289959353125 0.682294196875 0.291688209375 0.6783676062499999 0.291173890625 0.6758200203125 0.2951714859375 0.669533034375 0.297019628125 0.6629847546875001 0.2913853515625 0.655245178125 0.2936099390625 0.65153985625 0.29243645625000003 0.6344377031249999 0.2923822375 0.6339951609375001 0.29370056875 0.6355386359375 0.295926703125 0.6447026625000001 0.2995153203125 0.6515858171875 0.30774365625 0.6580091296874999 0.30979938281249997 0.6632920078125 0.314174971875 0.6738972640625 0.31706181875 0.6791801421875 0.3214374078125 0.6938082953125 0.3206008609375 0.7142186703125 0.324448184375
2 0.5272062328125 0.2997097546875 0.533550021875 0.299488225 0.537748746875 0.293804375 0.539723403125 0.29438685625 0.5418003046875 0.2978972421875 0.54275355 0.297212515625 0.5423505109375 0.29266651875 0.54565279375 0.289294009375 0.5428552765625 0.2861345078125 0.5430311062500001 0.284174053125 0.54489215625 0.281503309375 0.5436267546875 0.280244621875 0.5425031015624999 0.276049509375 0.53972830625 0.27354065312500003 0.5345363125 0.271767646875 0.532748846875 0.26955003125 0.51429040625 0.2656345453125 0.5091665765625 0.2658134734375 0.5050527953125 0.2669342875 0.503481178125 0.2708978 0.50416823125 0.283576859375 0.5064323203125001 0.2854521109375 0.50778860625 0.2893133796875 0.5107619515625 0.2905124234375 0.5103989328125 0.2941080140625 0.5143255250000001 0.29462233125 0.524272390625 0.292646384375 0.525815865625 0.29487251875 0.5237221828124999 0.2978771046875 0.5272062328125 0.2997097546875
1 0.4119064640625 0.296671446875 0.42857290781249996 0.2806091421875 0.4705606875 0.289818965625 0.4991202046875 0.2930920734375 0.5034751359375 0.2801287234375 0.49433674375000003 0.2708393796875 0.4736685171875 0.26408788906249997 0.4597842140625 0.2565657 0.444857553125 0.242140453125 0.421295190625 0.23282100312499998 0.40181826562499995 0.23723777968749998 0.3923172328125 0.2519822421875 0.3870130625 0.260708328125 0.34715633281249997 0.2551607171875 0.3314201984375 0.2519736078125 0.30824884375 0.253850371875 0.2668379140625 0.2382147703125 0.26007263593749996 0.2395186390625 0.25777428125 0.25401157812499997 0.26006374062500004 0.2736823390625 0.26972343906249996 0.29789995937499997 0.2875256140625 0.314359996875 0.35487170625000003 0.32695470000000004 0.39896250625 0.32755025625 0.4133770109375 0.3158370046875 0.4119064640625 0.296671446875
2 0.2931418234375 0.2427396125 0.315424609375 0.2442415171875 0.3185624234375 0.24315478437500002 0.3206788265625 0.2408008421875 0.32479260781249997 0.239680028125 0.3281917125 0.2460757140625 0.333326903125 0.24622210781249998 0.33629430781249997 0.2402555375 0.339999628125 0.2414290234375 0.3487378953125 0.23982099687499997 0.3514672484375 0.2410285640625 0.349787965625 0.24890446875 0.35231876875 0.25142184375 0.3550254 0.251978765625 0.3589179109375 0.25151711718750003 0.3641948484375 0.2487270875 0.368189603125 0.2511933421875 0.373336153125 0.25166505781250004 0.375208565625 0.24931963750000002 0.3742721 0.24348939375 0.375423896875 0.24149485624999997 0.3778524546875 0.24108433125 0.37873313125 0.2398204953125 0.37503221875000003 0.237274184375 0.37461781875 0.23240286718749997 0.376234878125 0.22974064374999997 0.3791173390625 0.228337109375 0.38308937187500003 0.23015271875 0.38762297343749996 0.227062928125 0.38987570312500003 0.22861285625 0.39229290156249996 0.2278770078125 0.3899720078125 0.22437514374999998 0.38724265468749997 0.223167578125 0.38432611250000004 0.22359514531250002 0.3805131265625 0.2263340515625 0.37866885781250004 0.22248982343749998 0.3793326703125 0.22051232812500002 0.37245545468749996 0.21944960781249997 0.3696920203125 0.21726607343749998 0.35525105625000003 0.21646748750000003 0.350779678125 0.2143435953125 0.34046385468749996 0.21274951562500002 0.33623646875 0.21061710625000002 0.330636015625 0.21113839687499997 0.3237360796875 0.20942503124999998 0.3156729859375 0.20938088281249997 0.3067134484375 0.211648071875 0.296221796875 0.2120144484375 0.28854444375 0.20902535625000002 0.283210703125 0.210188771875 0.2807253421875 0.208972684375 0.2774230609375 0.212345196875 0.274285246875 0.21343192968750002 0.26863935156249996 0.21265192968750002 0.2658250546875 0.2160074 0.262768571875 0.21709129218749998 0.26146728124999996 0.217136734375 0.2576937984375 0.214011315625 0.256995903125 0.21501284375 0.25659880468749996 0.21763246406249998 0.2573989421875 0.2195588375 0.2653711515625 0.2170004078125 0.2671131765625 0.2179167328125 0.2693999875 0.2204426296875 0.2697916671875 0.2246633015625 0.2796763078125 0.2279010359375 0.2813674703125 0.23435636249999997 0.282054003125 0.2330295125 0.2860487578125 0.23549576718749998 0.28741640468749996 0.23968235624999998 0.2931418234375 0.2427396125
2 0.015068828125 0.6674164640625 0.0190067796875 0.66825610625 0.02007363125 0.6708246046874999 0.02335913125 0.6739670656250001 0.0277623453125 0.6741390203125001 0.0359558265625 0.6709214234374999 0.03799270625 0.6662902265625 0.042361839062500004 0.6654862140625 0.0497779015625 0.6609928890625001 0.05368177187499999 0.6608565625 0.061614478125000004 0.6641624578124999 0.07013147343750001 0.6632136 0.073013934375 0.6618100640625 0.079170534375 0.6632236687499999 0.0930212703125 0.6611113921875 0.09850811875 0.6573368765625001 0.1033652359375 0.6565158234374999 0.12052419218749999 0.6581966546875 0.12426359375 0.6603461078125 0.131373440625 0.661074984375 0.1447929953125 0.6606063625 0.1556763265625 0.6644606578125 0.1598355484375 0.6646411328124999 0.1636203921875 0.6680918765625 0.16846615 0.6669455 0.17193883906250002 0.6684528281250001 0.17604125937499998 0.667006690625 0.1866351546875 0.6695682171875 0.19953264375 0.66814066875 0.20640985937499998 0.6692033890625 0.2106372453125 0.6713358 0.23094537656249997 0.672255221875 0.23441806562499998 0.673762546875 0.2466176609375 0.673336528125 0.249766834375 0.67257511875 0.25117398281250003 0.670897384375 0.250373325 0.6549651 0.24902839999999998 0.6514291546875 0.2425937265625 0.6490481031249999 0.24107297343749998 0.6474726140625 0.241004809375 0.645520678125 0.23958629999999997 0.646873090625 0.23327659218750002 0.6480705875 0.23153456718749998 0.6471542640625 0.2294576671875 0.643643878125 0.224543746875 0.64283831875 0.22128096875 0.640346503125 0.2127980546875 0.6422713296875 0.20857066875000002 0.6401389187500001 0.2055291609375 0.6369879375 0.18994776093750002 0.6385092109375 0.1823044875 0.6364960828124999 0.17479754218750002 0.638386828125 0.1647597921875 0.637760196875 0.15882446249999999 0.635687428125 0.149007984375 0.63440163125 0.142550590625 0.6313699359375 0.1361499984375 0.629964853125 0.0774783359375 0.6287565203125001 0.072643940625 0.6302282171875 0.065115046875 0.6304911328125 0.0586796 0.6290872671875001 0.039126165625 0.6287929296875 0.017552634375 0.6266148203124999 0.0041330796875 0.6270834421875 0.005394096875 0.66319424375 0.0075900234375 0.663117559375 0.011170378125 0.660712496875 0.0198123390625 0.6633421859374999 0.0189158953125 0.665653525 0.015256017187500002 0.66578133125 0.015068828125 0.6674164640625
2 0 0.2993083546875 0.0122578375 0.30010330937499996 0.023073004687500002 0.3020056703125 0.025569724999999998 0.3035470796875 0.038325467187500004 0.3050559546875 0.042785484375 0.306854521875 0.052834595312499996 0.30780647656250004 0.0575499640625 0.30992184843750004 0.077648184375 0.31182575468749996 0.0850929078125 0.3151486921875 0.09363262343749999 0.314850478125 0.0964187796875 0.3176846578125 0.10076519218749999 0.31623000156250003 0.101809321875 0.3181478546875 0.1052706515625 0.31932985937499997 0.10783553593749999 0.322823203125 0.1134132671875 0.3216512671875 0.1204040875 0.3259672109375 0.12435339999999999 0.32713217499999997 0.1323142484375 0.324248421875 0.1331311703125 0.319659825 0.132472778125 0.3147970265625 0.13317609375 0.30695520468750004 0.13523569375 0.3029746515625 0.139723853125 0.298583571875 0.1436958875 0.30039917968749996 0.147304903125 0.305810378125 0.1502896078125 0.3073347453125 0.15144192343750001 0.31934611875 0.153762815625 0.3228479828125 0.15956775781250002 0.328182496875 0.1632276359375 0.3280546921875 0.1674436625 0.32986177968749997 0.171302090625 0.32842416406249997 0.17503013125 0.33024829375000003 0.17915527343749998 0.3294528015625 0.1829401171875 0.33290354375 0.193987915625 0.3344720625 0.19873736718749999 0.33756339999999996 0.20308377968750002 0.33610874375 0.209699703125 0.32968904375 0.21451628125000002 0.306720496875 0.21591206875000002 0.304717440625 0.2330255828125 0.30509698125 0.233956109375 0.303761609375 0.2341146375 0.2943102140625 0.23316681250000001 0.2881546484375 0.23370565937499999 0.28259860312499996 0.23208808125 0.27125491562500004 0.22787205625 0.269447828125 0.22274822656249998 0.26962675625 0.220194703125 0.266458734375 0.21876483281249998 0.267485825 0.21533758593750002 0.26727978750000003 0.21231879843749998 0.2647794515625 0.20325701718750003 0.2641187375 0.20074893437500002 0.26225200625 0.1931851859375 0.26251613906250004 0.1915340453125 0.2642023953125 0.18739754375 0.2646725640625 0.18538880468750002 0.2631141125 0.1854851109375 0.2588764 0.1844977828125 0.25858515937500004 0.1754814421875 0.2592257359375 0.1687914171875 0.25652788437499996 0.158369734375 0.2565660984375 0.15332904218750001 0.2544620875 0.1457539328125 0.254400896875 0.1339514375 0.25220729531249997 0.12885032968750001 0.25303686875000003 0.121695040625 0.251006703125 0.10951816562500001 0.252083365625 0.10648801875 0.2492577078125 0.10168770468749999 0.2517053734375 0.0983854234375 0.255077884375 0.0950772015625 0.251284778125 0.0908838984375 0.2501283359375 0.08875613437499999 0.2521569546875 0.0822251546875 0.254013615625 0.06629751874999999 0.25261550625 0.0593635 0.2499261734375 0.055226998437499994 0.25039634374999997 0.0458417015625 0.2474668921875 0.043333618750000004 0.24560016093749998 0.038442420312499996 0.245445246875 0.03168423125 0.240795459375 0.029533746875 0.24217343281249998 0.0258397859375 0.2413252703125 0.0240636796875 0.23943297812500003 0.025368584374999996 0.23482734062500002 0.028239684375 0.2330984828125 0.02257106875 0.2316678390625 0.0192401265625 0.2272240890625 0.01573335625 0.22474079374999997 0.011421025 0.22717141875000002 0.0096562796875 0.22560444999999998 0.0102632890625 0.2220003390625 0 0.22125202187499998 0 0.2993083546875
1 0.5820067578125 0.2917990171875 0.5978265171875 0.2859085453125 0.6203279046875 0.28779180625 0.636026803125 0.2899125953125 0.6379530546875001 0.2877101234375 0.63303760625 0.27884535781249997 0.605056965625 0.2749800046875 0.5819320265625 0.2667128828125 0.564576684375 0.26304851406249996 0.5509996828125 0.2758001046875 0.548263959375 0.28924073125 0.54305285 0.30063257499999996 0.5551504375 0.3028791265625 0.55827714375 0.30063473281249997 0.5645677906250001 0.29721223124999996 0.5820067578125 0.2917990171875
1 0.7081199093749999 0.35267301406249996 0.711740284375 0.358409534375 0.7196670515625 0.35454981406249997 0.7222546578125 0.35869380156249997 0.7294553890625 0.362025259375 0.7315209281249999 0.365210321875 0.7398280140625 0.3652459515625 0.743068071875 0.367087121875 0.7469378609375 0.36597482812500004 0.751363796875 0.366797428125 0.7539909046875 0.365077090625 0.7651182265625 0.3689228671875 0.7750823921875 0.37443785625000003 0.787060715625 0.374671003125 0.79126538125 0.3761527703125 0.7942895890624999 0.37181281093749996 0.8016715703124999 0.36634351875000004 0.799293875 0.3612150421875 0.7948111359375 0.358765828125 0.7975231890625001 0.35248245625 0.8001389375000001 0.350436796875 0.794254471875 0.342825025 0.7933293671875 0.337320103125 0.7914569546875 0.3396655234375 0.7892837484374999 0.3403928515625 0.78437525 0.3327469984375 0.7807153718750001 0.33287480468749997 0.7777079453125 0.3306997921875 0.7730948203125 0.33151232343750003 0.7701328359375 0.3306386 0.758512109375 0.333650159375 0.749949671875 0.3332977265625 0.746664171875 0.3301552671875 0.737488784375 0.3262413296875 0.7249315921874999 0.3234226421875 0.7139519578125 0.323806059375 0.702858715625 0.3209362515625 0.6847919546875 0.32124143906249997 0.680224271875 0.3233552609375 0.6794928140625001 0.33738673124999996 0.680276171875 0.34582807656250003 0.6919823625 0.3522593921875 0.69802535625 0.35041976875 0.6985982859375001 0.3458396921875 0.7002835078125 0.34512940625 0.70203689375 0.346371053125 0.701929228125 0.35028344375 0.7039606859374999 0.3524925375 0.7081199093749999 0.35267301406249996
2 0.7739892234375 0 0.7814067671875 0.00289705625 0.78678595 0.00303493125 0.791257328125 0.005158821875 0.79254545 0.0070681546875 0.7972380984375 0.00853288125 0.8016413140624999 0.008704835937499999 0.8085639703125 0.011068846875 0.8215409828125001 0.01191855625 0.8311589125 0.0145141625 0.8553822734375001 0.015622579687499999 0.8601317249999999 0.0187139171875 0.8643023078125 0.0192197171875 0.86765003125 0.017148496875 0.8685237546875 0.014186512500000002 0.8686709234375 0.0044097953125 0.8670820062500001 0.00088236875 0.8670973359374999 0 0.7739892234375 0
2 0.8397799875 0.2194162375 0.8479907671875001 0.22368958125 0.8635553859374999 0.22868327968750002 0.8654959609375 0.22828979375 0.867368371875 0.2259443734375 0.8717602265625001 0.22579100625 0.874767653125 0.22796601875000003 0.8798801218750001 0.22746176875000002 0.8847085781249999 0.2188244546875 0.8859225984375 0.2116162375 0.8843223203124999 0.20776348906250003 0.8823022234375 0.20587971718750003 0.8798963859375 0.20694088906250002 0.870834603125 0.206280175 0.862601103125 0.20135618593750002 0.859020746875 0.20376124999999998 0.8531422203125001 0.20331509374999998 0.822892646875 0.19753132812500002 0.8040143859375 0.1955848171875 0.7999855499999999 0.192142596875 0.796393834375 0.1942223375 0.790770659375 0.1940929828125 0.7888868875 0.19611308125 0.7884897875 0.198732703125 0.7925640656249999 0.2034762140625 0.796314828125 0.20595098906249998 0.8002414203124999 0.2064653078125 0.8043211203125 0.20436852499999997 0.8197948546875 0.20675964375000003 0.823908634375 0.20563882968749997 0.8310184812499999 0.20636770625 0.8352631671875 0.21599105624999998 0.8397799875 0.2194162375
2 0.646338296875 0.1854564640625 0.65499161875 0.18841147656249999 0.659150840625 0.1885919515625 0.662668971875 0.19140056875 0.6780404625 0.190863784375 0.7050099578125 0.18666479687499998 0.7173458796875 0.1901426484375 0.7281156046875 0.19074371875 0.734294925 0.19280796718749998 0.7428932515625 0.19185626718749998 0.744588028125 0.1937514 0.7446789109374999 0.19635398125 0.7542059562500001 0.1963470078125 0.7606065484375 0.19775209062500002 0.7634662875 0.1956979109375 0.7576781265625 0.1838484265625 0.752581921875 0.1638317953125 0.7476111984375 0.1613996234375 0.7392586718749999 0.1600627046875 0.7381918203125 0.1574942046875 0.7367051484375 0.15689468125 0.7269454718749999 0.157235496875 0.7265256515625 0.1592044734375 0.7278478546875 0.1620897734375 0.723660490625 0.168098946875 0.721022021875 0.16949396249999998 0.7151662156249999 0.16969845156250002 0.7105076484375 0.16920969375 0.7010996296875 0.165629596875 0.69353588125 0.1658937296875 0.6888091515625 0.1634530359375 0.682408559375 0.1620479546875 0.6706969484374999 0.1624569328125 0.645673446875 0.159422140625 0.6416786937500001 0.1569558859375 0.634534765625 0.15525104218750002 0.621313759375 0.154409853125 0.614357021875 0.15106987656249998 0.59825355625 0.151632221875 0.592687184375 0.1531294796875 0.5927439859375 0.15475609375 0.59745935625 0.1568714625 0.6079288046875 0.16986035156249998 0.6119349203125 0.17265192812500002 0.6155893781249999 0.179364415625 0.619805403125 0.1811715046875 0.6246852406250001 0.181001096875 0.627006134375 0.1845029625 0.63577848125 0.1838709046875 0.646338296875 0.1854564640625
