2 0.5731481484375001 0.7859375 0.5861111109375 0.7859375 0.5953703703125 0.7885416671875001 0.5990740734375 0.7875 0.6046296296875 0.7916666671875 0.6111111109375 0.790625 0.61944444375 0.7932291671875 0.628703703125 0.7885416671875001 0.6379629625 0.7895833328124999 0.6416666671875 0.7833333328125 0.65 0.7833333328125 0.6518518515625 0.78125 0.65 0.7708333328125 0.6425925921875 0.7671875 0.628703703125 0.7645833328125 0.6175925921875 0.7557291671875 0.6129629624999999 0.7484375 0.6138888890625 0.7322916671875 0.609259259375 0.7213541671875 0.609259259375 0.7104166671875001 0.603703703125 0.7026041671875001 0.5925925921874999 0.6947916671875001 0.578703703125 0.6927083328125 0.5601851859375 0.6807291671875 0.547222221875 0.6802083328124999 0.5324074078125001 0.6817708328125 0.5314814812499999 0.6833333328125 0.5324074078125001 0.7947916671875 0.54444444375 0.7942708328125 0.5481481484375 0.790625 0.5731481484375001 0.7859375
2 0.040740740625 0.8229166671874999 0.05648148125 0.8182291671874999 0.060185185937499996 0.8145833328125001 0.0574074078125 0.8015625 0.037037037499999995 0.7776041671875 0.0074074078125 0.7619791671875 0.0009259265625 0.7552083328125 0 0.8234375 0.0166666671875 0.8244791671874999 0.025 0.821875 0.040740740625 0.8229166671874999
2 0.196296296875 0.5557291671875 0.22407407343750002 0.5546875 0.25 0.5578125 0.2796296296875 0.5572916671875 0.30555555624999997 0.5604166671875 0.3333333328125 0.559375 0.3546296296875 0.5630208328124999 0.38055555625 0.5635416671875 0.3916666671875 0.5604166671875 0.396296296875 0.5494791671875 0.3879629625 0.5411458328125 0.3898148140625 0.5364583328125 0.38703703749999996 0.5286458328125 0.378703703125 0.5244791671875 0.378703703125 0.5203125 0.3759259265625 0.5208333328125 0.378703703125 0.5255208328125 0.375 0.5286458328125 0.3759259265625 0.5333333328125 0.372222221875 0.5354166671875 0.36296296250000004 0.5359375 0.3453703703125 0.5291666671875 0.3416666671875 0.5302083328125 0.3296296296875 0.528125 0.325 0.5296875 0.29722222187499997 0.5265625 0.29444444375 0.5244791671875 0.28611111093749997 0.5239583328124999 0.2824074078125 0.5260416671875 0.2453703703125 0.521875 0.2203703703125 0.5140625 0.1898148140625 0.509375 0.1851851859375 0.5015625 0.177777778125 0.5046875 0.17314814843749998 0.5046875 0.1666666671875 0.5010416671875 0.1574074078125 0.5026041671875 0.1518518515625 0.5317708328124999 0.15092592656249998 0.5494791671875 0.15555555625 0.5567708328125 0.16851851874999998 0.5536458328125 0.196296296875 0.5557291671875
2 0 0.5494791671875 0.0175925921875 0.5489583328125 0.055555556250000006 0.5536458328125 0.0824074078125 0.5473958328124999 0.1111111109375 0.5520833328125 0.1203703703125 0.5447916671875 0.12222222187500001 0.5333333328125 0.12407407343750002 0.46302083281249995 0.0990740734375 0.459375 0.0916666671875 0.45416666718750004 0.078703703125 0.4546875 0.0759259265625 0.45208333281249996 0.0620370375 0.4505208328125 0.060185185937499996 0.4484375 0.05 0.4479166671875 0.037037037499999995 0.45104166718750005 0.0166666671875 0.44947916718750003 0.0083333328125 0.45208333281249996 0 0.4505208328125 0 0.5494791671875
2 0 0.6484375 0.019444443750000002 0.6479166671875001 0.04351851875 0.6510416671875 0.055555556250000006 0.6552083328125 0.06851851875000001 0.6552083328125 0.0898148140625 0.640625 0.09629629687499999 0.6380208328125 0.1111111109375 0.6364583328125 0.11574074062499999 0.5807291671875 0.11388888906250001 0.5677083328125 0.1166666671875 0.5609375 0.1148148140625 0.5479166671875 0.1111111109375 0.5484375 0.1111111109375 0.5432291671875 0.109259259375 0.5494791671875 0.09444444375 0.5473958328124999 0.09074074062500001 0.5494791671875 0.0666666671875 0.55 0.060185185937499996 0.5541666671875001 0.045370370312500005 0.5510416671875 0.021296296875000002 0.5505208328125 0.0111111109375 0.5526041671875 0.021296296875000002 0.5604166671875 0.040740740625 0.5682291671875 0.040740740625 0.5734375 0.0490740734375 0.5770833328125 0.0388888890625 0.5958333328125 0.0175925921875 0.596875 0.00555555625 0.5927083328125 0 0.5953125 0 0.6484375
2 0.06851851875000001 0.4369791671875 0.071296296875 0.4421875 0.07685185156249999 0.4421875 0.08333333281250001 0.4484375 0.0953703703125 0.4484375 0.0990740734375 0.45104166718750005 0.1101851859375 0.4505208328125 0.125 0.45416666718750004 0.1268518515625 0.459375 0.13055555624999998 0.45 0.13055555624999998 0.4203125 0.125 0.4192708328125 0.12129629687500001 0.42083333281249996 0.11851851875 0.4192708328125 0.0888888890625 0.42604166718750003 0.08333333281250001 0.42291666718750004 0.071296296875 0.4213541671875 0.060185185937499996 0.4234375 0.065740740625 0.4291666671875 0.0638888890625 0.43541666718750005 0.06851851875000001 0.4369791671875
1 0.2138888890625 0.5151041671875001 0.2203703703125 0.51875 0.252777778125 0.5260416671875 0.2703703703125 0.5276041671875 0.275 0.53125 0.290740740625 0.5348958328125 0.3101851859375 0.534375 0.3138888890625 0.5369791671875 0.31944444375000003 0.5354166671875 0.3296296296875 0.5380208328125 0.3333333328125 0.5364583328125 0.33888888906250003 0.5380208328125 0.3453703703125 0.5354166671875 0.3648148140625 0.5416666671875 0.3703703703125 0.540625 0.3768518515625 0.5442708328125 0.3879629625 0.540625 0.39444444375 0.51875 0.3888888890625 0.503125 0.3416666671875 0.4739583328125 0.31851851875000003 0.46666666718750005 0.3018518515625 0.4635416671875 0.296296296875 0.4671875 0.2379629625 0.4635416671875 0.234259259375 0.45885416718750005 0.2370370375 0.45729166718750003 0.22777777812500002 0.4546875 0.22407407343750002 0.45885416718750005 0.2175925921875 0.45989583281249996 0.2046296296875 0.45885416718750005 0.1851851859375 0.4604166671875 0.1759259265625 0.47239583281249997 0.1648148140625 0.47447916718750005 0.1583333328125 0.48333333281249996 0.1583333328125 0.49895833281249996 0.1768518515625 0.5041666671875 0.1888888890625 0.5114583328125 0.2138888890625 0.5151041671875001
2 0.184259259375 0.4614583328125 0.197222221875 0.45885416718750005 0.22314814843750003 0.4609375 0.259259259375 0.4671875 0.3101851859375 0.4692708328125 0.31944444375000003 0.46666666718750005 0.30555555624999997 0.4609375 0.284259259375 0.45625 0.2398148140625 0.4322916671875 0.22777777812500002 0.4322916671875 0.22407407343750002 0.4296875 0.1851851859375 0.41979166718750005 0.1768518515625 0.41979166718750005 0.171296296875 0.42291666718750004 0.165740740625 0.42291666718750004 0.165740740625 0.4322916671875 0.1611111109375 0.4380208328125 0.15925925937500002 0.45677083281249997 0.1620370375 0.4614583328125 0.17314814843749998 0.4583333328125 0.184259259375 0.4614583328125
2 0.6416666671875 0.5828125 0.6490740734375 0.5807291671875 0.6537037031249999 0.5765625 0.65 0.5 0.6416666671875 0.4984375 0.61851851875 0.48541666718750004 0.60648148125 0.48125 0.5879629625 0.4791666671875 0.5379629625 0.48072916718750003 0.5287037031249999 0.47864583281249995 0.5240740734375 0.48229166718750005 0.5314814812499999 0.5765625 0.5361111109375 0.578125 0.6351851859375001 0.5796875 0.6416666671875 0.5828125
2 0.7981481484375 0.5927083328125 0.8231481484375 0.5932291671875001 0.840740740625 0.5911458328125 0.8416666671874999 0.5703125 0.8370370375 0.5473958328124999 0.827777778125 0.55 0.8222222218749999 0.5541666671875001 0.8101851859375 0.5557291671875 0.8046296296875 0.5505208328125 0.7990740734374999 0.5489583328125 0.7916666671875 0.5505208328125 0.7833333328125 0.5572916671875 0.7824074078125001 0.5645833328125 0.777777778125 0.5692708328125 0.7648148140625 0.5739583328125 0.7481481484375 0.5765625 0.7398148140624999 0.5734375 0.7351851859375 0.5744791671875 0.7212962968750001 0.5692708328125 0.7120370375 0.571875 0.6925925921875 0.5604166671875 0.6861111109375 0.5640625 0.6833333328125 0.5776041671875001 0.6888888890625 0.5854166671875001 0.7601851859375001 0.5880208328125 0.7981481484375 0.5927083328125
2 0.9018518515625 0.5963541671875 0.91944444375 0.5958333328125 0.9231481484374999 0.5979166671875 0.9351851859375 0.5979166671875 0.9388888890624999 0.6010416671875001 0.9611111109375001 0.6041666671875 0.9833333328125 0.6026041671875 0.9824074078124999 0.5713541671875 0.9796296296874999 0.5546875 0.9759259265625 0.5510416671875 0.95648148125 0.5489583328125 0.9509259265625 0.5453125 0.93148148125 0.5432291671875 0.9074074078125 0.5359375 0.871296296875 0.5364583328125 0.8629629624999999 0.5401041671875 0.8638888890624999 0.5765625 0.86944444375 0.59375 0.8888888890625 0.59375 0.9018518515625 0.5963541671875
2 0.915740740625 0.5369791671875 0.93148148125 0.5375 0.9388888890624999 0.5453125 0.95 0.5453125 0.959259259375 0.5479166671875 0.978703703125 0.5463541671875001 0.977777778125 0.525 0.9703703703125001 0.5015625 0.9703703703125001 0.48229166718750005 0.9666666671874999 0.4760416671875 0.9620370375 0.47760416718750004 0.9611111109375001 0.4859375 0.953703703125 0.49114583281249996 0.9509259265625 0.5015625 0.952777778125 0.5088541671875 0.9490740734375 0.5109375 0.897222221875 0.50625 0.8916666671875 0.50625 0.877777778125 0.5109375 0.8731481484374999 0.5083333328124999 0.86851851875 0.509375 0.8611111109375 0.5078125 0.8638888890624999 0.5260416671875 0.872222221875 0.53125 0.8861111109375001 0.53125 0.915740740625 0.5369791671875
2 0.40092592656250003 0.5125 0.40277777812500004 0.5239583328124999 0.4 0.5442708328125 0.4046296296875 0.55625 0.40092592656250003 0.5598958328125 0.40277777812500004 0.5651041671875 0.3981481484375 0.5734375 0.3981481484375 0.5770833328125 0.403703703125 0.5802083328125 0.3990740734375 0.5822916671875 0.3990740734375 0.5854166671875001 0.42314814843750004 0.5921875 0.43518518593750005 0.59375 0.44351851875000003 0.5916666671875 0.4481481484375 0.5947916671875 0.44444444375 0.5994791671875 0.4453703703125 0.6041666671875 0.440740740625 0.6072916671875 0.4453703703125 0.6098958328124999 0.44351851875000003 0.6541666671875 0.447222221875 0.6572916671875 0.44629629687500005 0.6697916671875 0.45 0.6755208328125 0.4453703703125 0.6807291671875 0.43518518593750005 0.6770833328125 0.43148148124999997 0.6776041671875 0.427777778125 0.6744791671875 0.42314814843750004 0.675 0.41851851875 0.6833333328125 0.41203703750000004 0.6807291671875 0.40833333281249995 0.6854166671875 0.403703703125 0.6833333328125 0.40092592656250003 0.6869791671875001 0.3925925921875 0.6885416671875 0.3879629625 0.6859375 0.3879629625 0.6807291671875 0.384259259375 0.6875 0.384259259375 0.7166666671875 0.3953703703125 0.7166666671875 0.40277777812500004 0.7192708328124999 0.415740740625 0.7197916671875 0.4166666671875 0.7213541671875 0.41203703750000004 0.73125 0.41944444374999995 0.7359375 0.4148148140625 0.74375 0.4148148140625 0.753125 0.41203703750000004 0.75625 0.4074074078125 0.7552083328125 0.4018518515625 0.7604166671875 0.403703703125 0.7682291671875 0.4 0.7703125 0.3981481484375 0.7786458328125 0.40555555625000006 0.7828125 0.40648148125 0.7885416671875001 0.4148148140625 0.7901041671875 0.4240740734375 0.784375 0.434259259375 0.7854166671875 0.44259259218749997 0.7927083328125 0.45277777812500003 0.7958333328125 0.46296296249999996 0.803125 0.47407407343749997 0.8015625 0.477777778125 0.7963541671875001 0.4861111109375 0.7984375 0.490740740625 0.7932291671875 0.4888888890625 0.7671875 0.49351851875 0.759375 0.490740740625 0.7567708328125 0.4879629625 0.7296875 0.4879629625 0.7203125 0.490740740625 0.7182291671875001 0.490740740625 0.7 0.4879629625 0.696875 0.490740740625 0.690625 0.48703703750000005 0.6817708328125 0.490740740625 0.6697916671875 0.48703703750000005 0.6661458328125 0.48981481406249994 0.6536458328125 0.4861111109375 0.6505208328125 0.48981481406249994 0.6390625 0.48981481406249994 0.5901041671875 0.48703703750000005 0.5802083328125 0.48981481406249994 0.5776041671875001 0.48703703750000005 0.55 0.48981481406249994 0.54375 0.48703703750000005 0.5411458328125 0.4861111109375 0.5234375 0.4888888890625 0.5135416671875 0.4861111109375 0.5098958328125 0.48703703750000005 0.4234375 0.4916666671875 0.4 0.4981481484375 0.3942708328125 0.50555555625 0.3932291671875 0.50555555625 0.3458333328125 0.5 0.3 0.5009259265625 0.2515625 0.5046296296875 0.2479166671875 0.5046296296875 0.23854166718749997 0.5009259265625 0.2328125 0.4953703703125 0.1875 0.49259259218749996 0.1854166671875 0.49351851875 0.134375 0.4861111109375 0.0760416671875 0.4879629625 0.034375 0.477777778125 0.0244791671875 0.47407407343749997 0.0260416671875 0.4703703703125 0.0234375 0.4574074078125 0.025520832812499998 0.45648148125 0.029166667187500002 0.4481481484375 0.0338541671875 0.44444444375 0.0463541671875 0.4379629625 0.0494791671875 0.44259259218749997 0.06979166718749999 0.4388888890625 0.084375 0.44444444375 0.090625 0.44259259218749997 0.0973958328125 0.45 0.1541666671875 0.44351851875000003 0.17135416718750002 0.4379629625 0.1734375 0.43518518593750005 0.1848958328125 0.427777778125 0.1890625 0.42870370312499995 0.1927083328125 0.42129629687500003 0.19583333281249998 0.4203703703125 0.2026041671875 0.415740740625 0.20416666718749998 0.4138888890625 0.2557291671875 0.42314814843750004 0.2765625 0.40648148125 0.2942708328125 0.40277777812500004 0.3161458328125 0.39444444375 0.3291666671875 0.396296296875 0.3557291671875 0.3916666671875 0.3604166671875 0.40092592656250003 0.3776041671875 0.4046296296875 0.39895833281250004 0.403703703125 0.5072916671875001 0.40092592656250003 0.5125
1 0.9037037031249999 0.4604166671875 0.9111111109375001 0.4583333328125 0.952777778125 0.465625 0.9546296296874999 0.46875 0.9666666671874999 0.4692708328125 0.965740740625 0.4536458328125 0.9425925921875 0.4526041671875 0.9074074078125 0.4458333328125 0.8518518515625001 0.4390625 0.852777778125 0.45104166718750005 0.865740740625 0.4505208328125 0.8925925921875001 0.459375 0.9037037031249999 0.4604166671875
1 0.5953703703125 0.41197916718750005 0.6296296296875 0.415625 0.6425925921875 0.41875 0.646296296875 0.4166666671875 0.6425925921875 0.390625 0.6333333328124999 0.39114583281250004 0.627777778125 0.3953125 0.6175925921875 0.3942708328125 0.6046296296875 0.3994791671875 0.5898148140624999 0.39895833281250004 0.55 0.390625 0.540740740625 0.39010416718749996 0.5361111109375 0.3932291671875 0.527777778125 0.3916666671875 0.5240740734375 0.3958333328125 0.5481481484375 0.40416666718750005 0.5870370375 0.4088541671875 0.5953703703125 0.41197916718750005
1 0.6944444437499999 0.42552083281249997 0.7009259265625001 0.4265625 0.703703703125 0.4296875 0.7129629625 0.4328125 0.7324074078125 0.43177083281249995 0.7490740734375 0.4348958328125 0.7675925921875 0.43541666718750005 0.7787037031249999 0.43958333281249995 0.828703703125 0.4453125 0.8268518515625001 0.428125 0.8194444437499999 0.4234375 0.7703703703125 0.41875 0.7518518515625 0.41302083281249996 0.747222221875 0.4140625 0.740740740625 0.4125 0.7203703703125 0.4057291671875 0.7046296296875 0.40520833281249996 0.690740740625 0.4015625 0.6851851859375 0.40260416718750003 0.6796296296875 0.4 0.6731481484375 0.4 0.672222221875 0.41979166718750005 0.6768518515624999 0.425 0.6833333328125 0.4270833328125 0.6944444437499999 0.42552083281249997
1 0.2388888890625 0.35885416718749996 0.24907407343750002 0.3546875 0.2666666671875 0.3583333328125 0.28611111093749997 0.3572916671875 0.30555555624999997 0.3630208328125 0.3111111109375 0.3625 0.3138888890625 0.3651041671875 0.31851851875000003 0.3640625 0.3296296296875 0.3671875 0.3333333328125 0.365625 0.340740740625 0.36875 0.34629629687499996 0.36770833281250004 0.372222221875 0.3734375 0.38148148125 0.3713541671875 0.384259259375 0.3739583328125 0.3879629625 0.3729166671875 0.3740740734375 0.3645833328125 0.3648148140625 0.3651041671875 0.3574074078125 0.3609375 0.3018518515625 0.3567708328125 0.29444444375 0.3536458328125 0.24814814843750002 0.3453125 0.22407407343750002 0.34427083281250004 0.2166666671875 0.340625 0.197222221875 0.3401041671875 0.1916666671875 0.34322916718749996 0.1861111109375 0.3369791671875 0.175 0.3375 0.17314814843749998 0.3421875 0.2046296296875 0.3489583328125 0.225 0.3505208328125 0.2388888890625 0.35885416718749996
1 0 0.3203125 0.022222221875 0.3229166671875 0.048148148437499996 0.3307291671875 0.05648148125 0.3291666671875 0.060185185937499996 0.3333333328125 0.071296296875 0.3380208328125 0.08055555625000001 0.3385416671875 0.0898148140625 0.33541666718749996 0.10555555624999999 0.3348958328125 0.1129629625 0.3375 0.140740740625 0.3385416671875 0.1416666671875 0.325 0.1379629625 0.3223958328125 0.0824074078125 0.31979166718749996 0.004629629687499999 0.3088541671875 0 0.3088541671875 0 0.3203125
2 0.99444444375 0.3109375 0.9953703703125001 0.309375 0.9851851859374999 0.3036458328125 0.984259259375 0.2828125 0.9740740734375001 0.2786458328125 0.9703703703125001 0.28958333281250004 0.9703703703125001 0.3125 0.98148148125 0.3135416671875 0.9870370375 0.3098958328125 0.99444444375 0.3109375
2 0.85 0.2875 0.8574074078124999 0.2921875 0.8638888890624999 0.2921875 0.86851851875 0.2953125 0.8731481484374999 0.2947916671875 0.877777778125 0.2979166671875 0.8759259265624999 0.3036458328125 0.884259259375 0.3098958328125 0.9101851859375 0.3125 0.91851851875 0.315625 0.9231481484374999 0.3109375 0.9351851859375 0.3114583328125 0.9370370375 0.2828125 0.9296296296875 0.2578125 0.9166666671874999 0.25052083281250004 0.8768518515625001 0.24895833281250002 0.8731481484374999 0.24375 0.8462962968750001 0.23177083281250002 0.8333333328125001 0.2270833328125 0.825 0.228125 0.83055555625 0.25052083281250004 0.8296296296874999 0.2796875 0.8453703703125001 0.2880208328125 0.85 0.2875
2 0.759259259375 0.2703125 0.771296296875 0.2708333328125 0.7981481484375 0.2802083328125 0.8046296296875 0.28072916718749996 0.8046296296875 0.2536458328125 0.7981481484375 0.225 0.775 0.2166666671875 0.7611111109375 0.2088541671875 0.7361111109375 0.20625 0.7185185187500001 0.2010416671875 0.7046296296875 0.1994791671875 0.6861111109375 0.1916666671875 0.659259259375 0.1864583328125 0.6583333328125 0.2208333328125 0.6648148140625 0.24635416718749997 0.727777778125 0.2635416671875 0.759259259375 0.2703125
2 0.509259259375 0.1875 0.5138888890625 0.190625 0.5129629625 0.2052083328125 0.5175925921875 0.2114583328125 0.5287037031249999 0.2203125 0.54444444375 0.2208333328125 0.5666666671875 0.2286458328125 0.575 0.22916666718749998 0.58148148125 0.2328125 0.590740740625 0.2328125 0.5953703703125 0.23802083281250003 0.6111111109375 0.2390625 0.61944444375 0.2375 0.622222221875 0.2390625 0.6268518515625 0.2364583328125 0.63055555625 0.23697916718749998 0.6361111109375 0.2328125 0.634259259375 0.1828125 0.63055555625 0.1760416671875 0.6138888890625 0.1661458328125 0.58148148125 0.15625 0.5759259265625001 0.1494791671875 0.5490740734374999 0.1385416671875 0.54444444375 0.134375 0.5268518515625 0.1307291671875 0.5148148140625 0.1307291671875 0.5148148140625 0.1393229171875 0.50555555625 0.1510416671875 0.5111111109375 0.1572916671875 0.509259259375 0.1875
2 0.2166666671875 0 0.221296296875 0.021875 0.2138888890625 0.0307291671875 0.2101851859375 0.0328125 0.2046296296875 0.0322916671875 0.2046296296875 0.0473958328125 0.2148148140625 0.0473958328125 0.2148148140625 0.0682291671875 0.21203703749999997 0.071875 0.21574074062499998 0.0838541671875 0.20740740781250003 0.0875 0.2398148140625 0.09635416718749999 0.24722222187499998 0.0958333328125 0.25 0.103125 0.25555555625 0.1057291671875 0.284259259375 0.10833333281249999 0.29814814843750004 0.115625 0.30648148124999997 0.11614583281249999 0.31851851875000003 0.121875 0.340740740625 0.1244791671875 0.34722222187499996 0.12291666718750001 0.353703703125 0.12552083281249998 0.353703703125 0.128125 0.3583333328125 0.128125 0.35925925937500003 0.1307291671875 0.372222221875 0.13125 0.375 0.1354166671875 0.38148148125 0.1380208328125 0.4 0.1390625 0.40648148125 0.0385416671875 0.3981481484375 0.0328125 0.396296296875 0.025 0.36851851875 0.0208333328125 0.3333333328125 0.0067708328125 0.3138888890625 0.0041666671875 0.309259259375 0 0.2166666671875 0
2 0.6990740734374999 0 0.6990740734374999 0.0020833328125000002 0.703703703125 0.0078125 0.7203703703125 0.014583332812499999 0.74444444375 0.017708332812499998 0.7453703703125 0.025 0.7518518515625 0.03125 0.7601851859375001 0.0328125 0.7601851859375001 0.0369791671875 0.7666666671875 0.0317708328125 0.771296296875 0.0328125 0.772222221875 0.0307291671875 0.771296296875 0 0.6990740734374999 0
2 0.9305555562500001 0.0958333328125 0.9370370375 0.1020833328125 0.9509259265625 0.10625 0.95 0.06302083281250001 0.9629629625 0.061979167187499996 0.9685185187500001 0.0557291671875 0.9824074078124999 0.053125 0.9870370375 0.0484375 0.9870370375 0.0359375 0.984259259375 0.0307291671875 0.9759259265625 0.0270833328125 0.9583333328125001 0.0125 0.953703703125 0.0125 0.9509259265625 0.009375 0.9472222218749999 0.0098958328125 0.9425925921875 0.0057291671875 0.9277777781250001 0.0026041671875 0.91944444375 0.0057291671875 0.91851851875 0.0265625 0.9231481484374999 0.0333333328125 0.922222221875 0.060416667187499995 0.9305555562500001 0.0958333328125
2 0.7916666671875 0 0.79351851875 0.021875 0.7981481484375 0.0453125 0.80648148125 0.0473958328125 0.8138888890624999 0.053125 0.8240740734375 0.0546875 0.8296296296874999 0.059375 0.834259259375 0.059375 0.8379629625 0.0635416671875 0.8620370375 0.075 0.8796296296874999 0.08072916718749999 0.896296296875 0.0802083328125 0.9037037031249999 0.0859375 0.9064814812499999 0.0838541671875 0.9064814812499999 0.0614583328125 0.9018518515625 0.0333333328125 0.89351851875 0.0098958328125 0.89444444375 0 0.890740740625 0 0.8879629625 0.0052083328125 0.877777778125 0.007291667187500001 0.86851851875 0.0057291671875 0.8574074078124999 0 0.7916666671875 0
