2 0.606992628125 0.061260745312499996 0.60351286875 0.0722171140625 0.60959390625 0.07469010000000001 0.659085584375 0.0743564203125 0.681441225 0.076310425 0.7485783484375 0.073636115625 0.7682625062499999 0.0706970953125 0.7608808296875 0.0615094328125 0.7694573703125 0.04905708125 0.7279564234375 0.0394758328125 0.6633266625 0.0395218109375 0.642505984375 0.0432675140625 0.6316796499999999 0.0407680578125 0.623641959375 0.0426541453125 0.6187092984375 0.051671484375 0.606992628125 0.061260745312499996
2 0.4672814984375 0.040765623437499995 0.48250164375000004 0.044814006249999996 0.48591119843749997 0.0423939640625 0.4991277328125 0.0427725734375 0.5043767781249999 0.0365009421875 0.5368557796875 0.0439993109375 0.5724981578125 0.037795601562499996 0.5799500359375 0.0384469375 0.5944553515625 0.0332432171875 0.6152409265625 0.0337656796875 0.627285840625 0.0392191328125 0.64105308125 0.0413284859375 0.64752070625 0.038010853125 0.68274139375 0.041865921875 0.6915641156250001 0.0406956078125 0.699285421875 0.0360638109375 0.704347103125 0.0388359921875 0.71442350625 0.0363515125 0.598942609375 0.009690646875 0.5169837875 0.0148229640625 0.4859225859375 0.013531789062499999 0.4828294140625 0.018697540625000002 0.46715247968750007 0.028976103125000003 0.46449285468749996 0.03638008125 0.4672814984375 0.040765623437499995
2 0.42812379062500006 0.0210346890625 0.42247630156250005 0.020799928125 0.41244685625 0.03131325 0.3752225578125 0.0237884109375 0.3892710828125 0.0329116359375 0.391473915625 0.0398346 0.4009294078125 0.044155706249999996 0.41222439062499994 0.044625225000000004 0.41284530156250004 0.0378196390625 0.42927216875 0.0325250125 0.43087733437500003 0.029688393749999997 0.42812379062500006 0.0210346890625
2 0.54303120625 0.1036891609375 0.544120765625 0.0948536375 0.5481981921875 0.093656853125 0.5569037531250001 0.092994021875 0.5626333031249999 0.09698946093750001 0.5787907437500001 0.096977965625 0.63341430625 0.09088014062500001 0.6731810687500001 0.0915084859375 0.6914592828125 0.094659278125 0.6955367078125 0.093462490625 0.702519940625 0.096143765625 0.70930395 0.09557184375 0.7212317015624999 0.1015327828125 0.723856225 0.09839696718749999 0.7359362375 0.09958225781249999 0.737705525 0.104266996875 0.74504024375 0.10542581718749999 0.7684503421875 0.1028124640625 0.7678175734375 0.0973210421875 0.763540925 0.095264634375 0.766165446875 0.09212881875 0.8169459078125 0.0862128109375 0.8268230890625 0.0804751359375 0.8520375765624999 0.0782783578125 0.8568179734375001 0.0740366671875 0.8486982234375 0.072162075 0.7850878171875 0.07190885625 0.3649592609375 0.0764758796875 0.339744771875 0.0786726578125 0.34308412499999996 0.08478894375 0.3998521765625 0.1064474140625 0.43240138124999994 0.10540945625 0.43310435312499995 0.10236455 0.44282927031249997 0.1014025234375 0.448558821875 0.10539796093750001 0.4581665765625 0.1049434203125 0.46526697187500005 0.1071172078125 0.533856996875 0.106381928125 0.54303120625 0.1036891609375
2 0.34243996875 0.108159696875 0.3391475765625 0.1100722546875 0.31353464375 0.10576264375 0.2922804203125 0.10727012031250001 0.26439445156249997 0.10457387031250001 0.25741121875 0.10189259843750001 0.24642076406250002 0.091871784375 0.23536010625 0.090387296875 0.229361128125 0.0916749890625 0.205494240625 0.1086152875 0.19916749218750002 0.13601944531250001 0.215489053125 0.143529309375 0.2252139703125 0.1425672828125 0.25326951875 0.1177742125 0.279743615625 0.120411771875 0.2889178234375 0.1177190046875 0.293311634375 0.119267928125 0.317272440625 0.11838531562500001 0.352246946875 0.11095835000000001 0.34243996875 0.108159696875
2 0.2272426921875 0.083694959375 0.18753872656249998 0.078522075 0.188100121875 0.08547927968749999 0.2165538453125 0.09180405781249999 0.2319755296875 0.09073163281249999 0.2272426921875 0.083694959375
2 0.1905655984375 0.11799059062499999 0.2022828734375 0.11606293593749999 0.2041152765625 0.1062448546875 0.1569698421875 0.103894834375 0.135021403125 0.108825015625 0.1665543171875 0.11683620312500001 0.1905655984375 0.11799059062499999
2 0.93521591875 0.1584183984375 0.9354972015625 0.165432271875 0.9416251984375 0.17593409843750002 0.945702625 0.17473731406249998 0.9603715906250001 0.13589577343749998 0.96845576875 0.10087934999999999 0.9679401609375 0.09488044531249999 0.942678715625 0.08904838125 0.9315948140625 0.10412906250000001 0.93767585 0.106602046875 0.9438508062500001 0.125132715625 0.9400897640625001 0.12907521093750002 0.94030084375 0.1446254109375 0.93521591875 0.1584183984375
2 0.8810837781249999 0.1047619390625 0.7453917296875 0.1039033640625 0.7401777859374999 0.10590683125 0.7393576515625 0.10945922187499998 0.7465752078125 0.11112552499999999 0.7830495749999999 0.11366642812500001 0.815048071875 0.1108977296875 0.85210825 0.1109012125 0.8634852921875 0.115131409375 0.882900025 0.1174755203125 0.8881139703125 0.115472053125 0.89292946875 0.106962196875 0.8810837781249999 0.1047619390625
2 1 0.17893745625 0.95711476875 0.174699346875 0.948292046875 0.1758696625 0.9437459734375 0.1790963859375 0.9435937078125001 0.1838720328125 0.9489015703125 0.19792625156250002 0.9566347328125 0.20559145937499998 0.9865594156249999 0.2076893171875 1 0.2072388234375 1 0.17893745625
2 0.7412578390625 0.2905702 0.8091448953124999 0.2928798265625 0.8261224687500001 0.2893159421875 0.8307857046875 0.285581734375 0.8330117828124999 0.2759395296875 0.828852296875 0.27337563593750003 0.6752335203125 0.2678438171875 0.6116582171875 0.26332243593750004 0.6045227203125 0.2654168109375 0.5286330765625 0.2607251078125 0.5202439015625 0.2641336484375 0.5052580812499999 0.2590702984375 0.4933772875 0.2611382015625 0.49153779843749995 0.26498978906250004 0.5111517531249999 0.27058709375 0.6185831015625001 0.286837040625 0.62638646875 0.28596592187500003 0.6434110015625001 0.29043087968750003 0.6420752609375 0.28798436562499996 0.65363966875 0.283170753125 0.7329037656249999 0.2897105765625 0.7380826093749999 0.29197527343749996 0.7412578390625 0.2905702
2 1 0.31419728281250003 0.95054325 0.3142990078125 0.9425406625000001 0.31191693125 0.9210521140625 0.314439378125 0.9196461703125 0.32052919062499996 0.9967192921875 0.3324430546875 1 0.33214381249999997 1 0.31419728281250003
2 0.23505746093750002 0.26457530937499996 0.242743665625 0.2642116765625 0.25004328125 0.269638659375 0.26650524999999997 0.2600758703125 0.29509419062500003 0.2597272140625 0.30351846875 0.252050509375 0.29147355468749997 0.24659705468749998 0.2799442484375 0.24714250624999998 0.2719416609375 0.24476042968749998 0.2349986453125 0.24424946250000001 0.2196613375 0.2407085671875 0.201465184375 0.24131845468750002 0.18871729843750001 0.23890990625000003 0.1078480359375 0.2352067 0.10498918906250002 0.23935748281250002 0.12032649531249999 0.2428983796875 0.1376674140625 0.250109046875 0.14931388125 0.2490561125 0.1737902953125 0.2541724046875 0.18025792031250001 0.2508547734375 0.2006569078125 0.25716785 0.2180680296875 0.2558421890625 0.230933075 0.2577432546875 0.23505746093750002 0.26457530937499996
0 0.3162714265625 0.354973353125 0.3067462265625 0.3531933609375 0.2938088984375 0.35328064375 0.2931257046875 0.35731419375 0.3036463625 0.360162153125 0.3211165359375 0.361960040625 0.3324248171875 0.3624748578125 0.3394967671875 0.36089446718749996 0.3430830921875 0.35934696875 0.326011034375 0.3558246484375 0.3162714265625 0.354973353125
2 0.7362326718750001 0.40700739375 0.7834162109375 0.41255523906249997 0.7877279625 0.41034348437499996 0.78925106875 0.4037461875 0.7777568640625 0.40002347499999996 0.7698363359375 0.40140207656250004 0.761716584375 0.39952748437499996 0.7429346203125 0.40267479375 0.7186574296875 0.40081169687499996 0.6673495046875 0.38843179375000003 0.6641742749999999 0.38983686875 0.643623021875 0.3882994390625 0.6337809437499999 0.38976895 0.6276999046875 0.3872959640625 0.6122103359375 0.388530715625 0.55725853125 0.3795858265625 0.5501230359375 0.3816802015625 0.5377266374999999 0.3777492 0.527099525 0.3785029375 0.51961254375 0.38211976718749996 0.5290680359375 0.386440871875 0.5780208625000001 0.39667345625 0.588331590625 0.3931740078125 0.61033574375 0.3966504671875 0.6320235140625 0.397381215625 0.6675254828125 0.408250159375 0.6883110578125 0.40877261875000004 0.706073665625 0.40592450625 0.7362326718750001 0.40700739375
2 0.9721062343750001 0.6736728515625 0.9744494749999999 0.6635231640625 0.8366949984375 0.6386689718749999 0.8218614421874999 0.628829975 0.82189654375 0.6245618109375 0.8086681531250001 0.6118861953125 0.8058444078125 0.6117688171875 0.8036534312500001 0.61714285625 0.808797171875 0.6236757171875 0.808644909375 0.6284513656249999 0.8255641375 0.6457208109375 0.8428229953124999 0.6491708 0.854750746875 0.6551317375 0.8866790390625001 0.660899365625 0.924336884375 0.6706624296875 0.93123805625 0.669583025 0.9721062343750001 0.6736728515625
2 0.666519865625 0.585483078125 0.55685058125 0.5665783296875 0.534811325 0.567370034375 0.5150802078125001 0.5622802140625 0.5000592875 0.5614850265625 0.4868778546875 0.556838253125 0.4861748828125 0.559883159375 0.4955483140625 0.5604435859375 0.503316578125 0.56384063125 0.5113310234374999 0.5785197140625 0.535842540625 0.5793678421874999 0.623039021875 0.5968260703125 0.6618684874999999 0.6015142921875001 0.66492655625 0.6006167015625 0.668523478125 0.5891528484374999 0.666519865625 0.585483078125
2 0.7197493421875001 0.5977720703125 0.6835443984375 0.5899480359375 0.6784476171875 0.5914440171875001 0.675635728125 0.6036236421875001 0.7160001578124999 0.614011571875 0.722655146875 0.6016501296875 0.7197493421875001 0.5977720703125
2 0.12071825781250001 0.6898587390625 0.1376256296875 0.69483118125 0.14547595468750002 0.7019889046875 0.1721433453125 0.7017311562499999 0.1920385828125 0.714342334375 0.19658465625 0.7111156109375 0.19995911093750002 0.7129637328125 0.2067431203125 0.7123918109375 0.214511384375 0.71578885625 0.2816252640625 0.7296797171875 0.2864175203125 0.7377350296875 0.2941037234375 0.737371396875 0.31097599374999996 0.746612 0.3603623671875 0.759082809375 0.3680134703125 0.7629873390624999 0.3817807109375 0.765096690625 0.3903340078125 0.769209509375 0.43713096093750003 0.7805479703125 0.4464223328125 0.77734771875 0.450781040625 0.7831648062500001 0.45968582343750003 0.7857551703125 0.47447242031250003 0.787565325 0.47502312968749993 0.789296065625 0.5257452453125 0.8042133890625 0.5604972828125 0.8100983968750001 0.569952775 0.8144195015625 0.594347128125 0.8157751140625 0.5963507406249999 0.819444884375 0.636246521875 0.8318627515625 0.6419291140625 0.8278293484375 0.652766834375 0.80146663125 0.66413155 0.75224064375 0.64172895 0.7422577953125 0.619056925 0.7375580796875 0.6067425875 0.7373877578125 0.6008256703125 0.7424361296875001 0.35283934375000003 0.684649440625 0.351503603125 0.6822029281249999 0.3220006078125 0.6700462921875 0.287166509375 0.66040060625 0.2779923015625 0.6630933734375 0.2716769390625 0.6616353578124999 0.259093175 0.6667481671875 0.2536800078125 0.6654984390625 0.2491457921875 0.6810221671875001 0.2587184453125 0.6848357890625001 0.26060489531250003 0.6890130437499999 0.25413726875 0.692330675 0.246451065625 0.692694309375 0.2428071859375 0.6961293203125 0.2324143984375 0.695868090625 0.22649748125000002 0.7009164625000001 0.20464559218749998 0.69266435625 0.1931864875 0.6846734796875 0.189964296875 0.6780497109375 0.17788428437499998 0.6768644203124999 0.162734340625 0.6642797125000001 0.1471627109375 0.6617537859375 0.1377423203125 0.6531645171875 0.1351880015625 0.6477640046875 0.13729691718749998 0.6386292859375 0.130700271875 0.6301573953124999 0.118655359375 0.6247039421875 0.1131601328125 0.619693534375 0.0976705625 0.6209282859374999 0.085203959375 0.6255336109375 0.06700780625 0.6261434984375 0.059802107812500005 0.6367742015625 0.061219909375000006 0.6429813921875 0.053850090625 0.6460907359375 0.035372653125 0.63968675 0.0400126453125 0.6525177109375 0.0657896984375 0.66434868125 0.0919533390625 0.6703890328125001 0.104783284375 0.6765582593749999 0.1107120578125 0.68380689375 0.12071825781250001 0.6898587390625
1 0.783620609375 0.868559409375 0.8002115968749999 0.870786140625 0.8785502546874999 0.8936828453125001 0.9128336453125 0.9015977890625001 0.919969140625 0.899503415625 0.9419955984374999 0.8040963453125001 0.9289313296874999 0.7989420890625001 0.9118716953125 0.7987452937499999 0.8584899546875 0.7912319484375 0.8517059453125 0.7918038703125 0.8384073515624999 0.7876645828125 0.8040537578125001 0.7882859640625 0.7905677984375 0.7931904859375 0.7671932734375 0.8326948562500001 0.7576324765625 0.8411782406249999 0.759284603125 0.8463704640625 0.74402935625 0.8465902468750001 0.746818 0.8509757890625 0.7440763140625 0.8546190890625001 0.7485521859375 0.8599286921875 0.757890515625 0.86475728125 0.7613470296875 0.87036608125 0.783620609375 0.868559409375
