1 0.22790018750000002 0 0.22132323281250002 0.0052870421874999995 0.221040725 0.017073885937499998 0.2156252359375 0.019397253125 0.1912074859375 0.01393295 0.186955975 0.0154897921875 0.18582832656249998 0.023275734375000003 0.20559015937499997 0.031806140625 0.2106012453125 0.030992031250000003 0.2148035203125 0.033196440625000004 0.23471305937500003 0.030443090625000002 0.246438415625 0.0260360015625 0.2554443125 0.013890553125 0.2946878546875 0.00337678125 0.2983224984375 0 0.22790018750000002 0
2 0.33978285625 0.0747726484375 0.3477466703125 0.0736713078125 0.3642029859375 0.0408755265625 0.362818640625 0.0388869734375 0.3580771578125 0.038694909374999996 0.328806553125 0.05134171562499999 0.3178900046875 0.052730285937499996 0.30035765937500003 0.0501893328125 0.273427915625 0.05052241875 0.270794025 0.046042225 0.2597919125 0.04417263125 0.2568884171875 0.040698609375 0.24445272343750002 0.0406017140625 0.24064194843750003 0.0476687140625 0.23043573906249998 0.053561271875000004 0.231011278125 0.058568343749999995 0.2435817734375 0.058162153125000005 0.2596676328125 0.0732564734375 0.2706697453125 0.0751260671875 0.296080340625 0.0733075140625 0.3044977953125 0.0669356640625 0.3149243703125 0.0637981859375 0.33978285625 0.0747726484375
2 0.44988140625 0.028784576562500004 0.40420610156250003 0.0311044875 0.3959726828125 0.033212001562499996 0.3972222296875 0.035703640625 0.384063290625 0.041883428125 0.377336115625 0.056257076562499994 0.38605950624999996 0.055898470312500004 0.39611800625 0.0612896703125 0.40462102812499995 0.058175984375 0.42027905624999995 0.0569794765625 0.42739773281250004 0.05187723749999999 0.43888981562499996 0.055495737499999996 0.4522198859375 0.055832281250000004 0.45674099999999995 0.05326926562499999 0.47839005468750007 0.054756462500000005 0.4888166296875 0.051618985937499993 0.4985328671875 0.043977521874999995 0.5596821609375 0.0447254421875 0.564472878125 0.0411562546875 0.5710031125 0.0418276125 0.5818340921875 0.037180875 0.6045978921875 0.041662798437499995 0.6343092328125 0.03452615 0.6408394656249999 0.0351975078125 0.6481914125 0.0220696796875 0.5981063703125 0.0086494328125 0.5959987812499999 0.0129375625 0.585927375 0.018327032812499998 0.5415016171875 0.0231385828125 0.5241533078125 0.0163332921875 0.513641165625 0.0162126046875 0.44988140625 0.028784576562500004
2 0.3497089375 0.041305507812499996 0.3443790140625 0.0468870421875 0.322361884375 0.0539285234375 0.326024953125 0.0581452765625 0.3212342375 0.061714465625000006 0.33026355937499996 0.067369103125 0.3498542609375 0.069383178125 0.357880215625 0.0537399171875 0.3531879703125 0.0497866015625 0.35520999375 0.04224030625 0.3497089375 0.041305507812499996
2 1 0.1475896703125 0.9885054625 0.147226553125 0.97753968125 0.1523763765625 0.962960065625 0.14954819375 0.942780921875 0.153307715625 0.8732634078125001 0.15517039531250001 0.8671868140625 0.149228525 0.8692475515625 0.109340221875 0.87511668125 0.10174634375 0.8745411437499999 0.096739271875 0.8663206296875 0.088066115625 0.8673134765625001 0.080783259375 0.8422709546875 0.0740731359375 0.8380065390625001 0.086410646875 0.8452471125000001 0.091585990625 0.851004865625 0.10229528437499999 0.8487988062499999 0.11410591875000001 0.8536129499999999 0.1283368171875 0.8528404703125 0.1383747515625 0.8661810624999999 0.1672920515625 0.87833425 0.1791757890625 0.8892871265625001 0.1848066359375 0.9129945375 0.185766953125 0.9631909546875 0.18088402812499998 0.9753207156249999 0.174967678125 0.9805521687500001 0.17690865 0.9913831468750001 0.1722619125 1 0.17272689375 1 0.1475896703125
2 0.47846033437499996 0.108156721875 0.5151426453125 0.10720159062500001 0.560291646875 0.09611335625 0.6015806390625 0.09585337499999999 0.616650225 0.10043046562499999 0.619112984375 0.098394328125 0.636240925 0.10244453906249999 0.6389732890625 0.099402228125 0.656505634375 0.10194318124999999 0.665363825 0.1010814890625 0.671673690625 0.09899776875 0.6771020859375 0.08589373125000001 0.684661496875 0.08630165 0.7037258953125 0.0795474 0.7154020140624999 0.0789015625 0.7252038187500001 0.074518265625 0.7322369265625001 0.066157859375 0.7240527421875 0.064504121875 0.7141653734375 0.065629253125 0.7105386359375 0.06843191562499999 0.6915727078125 0.0676636625 0.33486785937499997 0.107425678125 0.29845515 0.10737463750000001 0.29098130625 0.11022488281250001 0.288199709375 0.11702844375000002 0.29321079375000003 0.1162143359375 0.32267595937500004 0.127883946875 0.3292554265625 0.124794053125 0.3530484046875 0.1290125375 0.43630039531250003 0.1259771421875 0.474465521875 0.1194880609375 0.47760228906249996 0.11493649218749999 0.47496839843750005 0.1104562984375 0.47846033437499996 0.108156721875
2 0.8020025203125 0.099097865625 0.8152785859374999 0.08359800625 0.8187261375 0.0731606984375 0.81233026875 0.08244134843749999 0.7636344578125 0.0939482609375 0.6769870515624999 0.0972380046875 0.665227534375 0.10129677968749999 0.6584398953124999 0.107174128125 0.669200146875 0.11079064999999999 0.6795687640625 0.11100336875000001 0.7019804046875 0.11004523906250001 0.749359340625 0.1058821 0.7759347546875001 0.106406309375 0.7866366859375 0.1078077828125 0.8020025203125 0.099097865625
2 1 0.29562843125 0.9518628578125 0.30186613281249997 0.9111130718749999 0.3001137671875 0.9058323843749999 0.30193405 0.8986773781249999 0.3000168703125 0.8743815265625001 0.30483015 0.8750918640625001 0.30933413593750003 0.8832760484375 0.3109878765625 0.9053295078125 0.3109658125 0.9556478234375 0.31636046875 0.97444261875 0.31061239218750003 0.99367815 0.31037447500000004 1 0.3089173453125 1 0.29562843125
2 0.7516058703125 0.2908047359375 0.7550485703125001 0.292266409375 0.7809983734375 0.2884355125 0.7861934953125 0.283357065625 0.7877747828125 0.2703006109375 0.7749839203125 0.267951721875 0.7607102375 0.27113678281250003 0.7572675359375001 0.26967510781250004 0.5656225640625 0.2765582765625 0.5659777328125 0.27881026875 0.5577443140625 0.2809177828125 0.5159161171875 0.283190109375 0.5029904515625 0.28134430625 0.4799933796875 0.2848879734375 0.47878016562500003 0.2894157515625 0.48401161875 0.291356721875 0.55714296875 0.2974720484375 0.5882386562499999 0.2923239546875 0.5970476125 0.2952235140625 0.616773115625 0.2967345015625 0.62232340625 0.293908046875 0.7057465296875 0.297388984375 0.727359253125 0.29185676250000003 0.7516058703125 0.2908047359375
2 0.23420303750000002 0.15755912656249998 0.249505896875 0.154110628125 0.2547373484375 0.156051596875 0.26310556875 0.1534409984375 0.27053017968750004 0.154352003125 0.288614634375 0.144099940625 0.29693362031250004 0.14525059375 0.30302311875 0.14041179374999999 0.29394455937499997 0.1385184078125 0.27470902812500003 0.1387563265625 0.265936403125 0.142876184375 0.23762231093750003 0.1412207171875 0.22218465156249997 0.145172303125 0.1998381625 0.1284004515625 0.17719626093750002 0.13419611250000002 0.168532628125 0.159374221875 0.1642916390625 0.18951182187499999 0.17493858281250002 0.1891294234375 0.1795944984375 0.1860633203125 0.19252016249999998 0.1879091234375 0.2023219671875 0.1835258265625 0.20479762968749998 0.17070901875 0.2174056484375 0.15764153593750002 0.2249896765625 0.156168828125 0.23420303750000002 0.15755912656249998
2 0.23727051718749997 0.285633753125 0.23069104999999998 0.28872364687499996 0.187123334375 0.286755428125 0.1677530015625 0.2874964328125 0.160413959375 0.2898435921875 0.1486886046875 0.29425068125 0.16384375625 0.3020859359375 0.173681890625 0.30472205625000004 0.28091089375 0.3016408078125 0.29093306406249997 0.3000125890625 0.2937638984375 0.2894477765625 0.2821370125 0.28633236093750003 0.2517645671875 0.285203771875 0.243396346875 0.2878143703125 0.23727051718749997 0.285633753125
2 0.6887333390625 0.421700628125 0.696881190625 0.4163349515625 0.706768559375 0.41520981875 0.7791895703125 0.4168211609375 0.782020403125 0.40625634687499995 0.7779529296875001 0.40354885156250003 0.769719509375 0.4056563640625 0.7661912421875 0.4009365234375 0.7510724203125 0.40012068593750005 0.6296682062500001 0.39886449218750003 0.6234931421875001 0.4004451265625 0.5865904640624999 0.3986451796875 0.5804153999999999 0.4002258140625 0.573529996875 0.3973024625 0.4925203984375 0.3955466421875 0.4807094765625 0.3966955640625 0.494970253125 0.4042911734375 0.49416144375000004 0.4073096921875 0.5485964671875 0.411650590625 0.5873734640625 0.4171879984375 0.5934629625000001 0.41234919843749995 0.6448596890625 0.413719165625 0.6687382328125 0.42119581406249995 0.6828278765625 0.4222750921875 0.6887333390625 0.421700628125
2 0.8836355843750001 0.645931353125 0.8807684218749999 0.6494767484375 0.8841618875 0.6546996765624999 0.9300446546875 0.6659155140624999 0.9463274546875 0.6659648265625 0.97101480625 0.67042295625 0.974384846875 0.6578457984375 0.9415133109375 0.6517339296875 0.9061790171874999 0.6476581968749999 0.8953972718750001 0.6485436796874999 0.8836355843750001 0.645931353125
2 0.7104560484375 0.6232531140625001 0.72137259375 0.62186454375 0.722414675 0.6108204359375 0.7197807828125 0.606340240625 0.71620328125 0.6053816515625 0.6840420843749999 0.60377376875 0.6797905734375 0.6053306109375 0.633993371875 0.5973729390625 0.630146265625 0.5974205234375 0.628173478125 0.601205565625 0.6128342875 0.59763465 0.6008885640625 0.5992866593749999 0.5537925828125 0.5925985984375 0.5495903078125 0.590394190625 0.5469927453125 0.5929334140625 0.5626871046875 0.5987563234375 0.5671097484375001 0.6037158125000001 0.5674156828125 0.60972905625 0.5639237453125 0.6120286328125 0.5711643171875 0.6172039765624999 0.5898606421875 0.6189784031250001 0.58852553125 0.613228596875 0.6022600078125 0.61205588125 0.7104560484375 0.6232531140625001
2 0.7424824437499999 0.625364084375 0.769852921875 0.6305411578125 0.773479659375 0.6277384953125 0.7699150609375 0.6159992359375 0.7301088890625 0.6107252671875 0.7267880843750001 0.6195411749999999 0.7297771453124999 0.6262733625 0.7424824437499999 0.625364084375
2 0.5373749812499999 0.593052371875 0.5294603999999999 0.5903924609375 0.525698859375 0.5936982109375 0.504809378125 0.5929537484375 0.5135198640625 0.6033758109375 0.5211648421875 0.6070418953125001 0.538427584375 0.6105890203125 0.5424094921875 0.6100383500000001 0.5410251453125 0.6080497968749999 0.5337353390625 0.6066357046874999 0.5299374671875 0.6029220375000001 0.5373749812499999 0.593052371875
2 0.4322535671875 0.5918454921875 0.4471883515625 0.59692566875 0.44607360781249994 0.5939309421875001 0.4525182765625 0.591344134375 0.4637407546875 0.5959688078125 0.4831966546875 0.59848596875 0.48798737187499996 0.59491678125 0.47931321718750003 0.591514134375 0.4305140515625 0.587604946875 0.4322535671875 0.5918454921875
2 0.2369359953125 0.75195760625 0.2378667015625 0.759216671875 0.721627903125 0.8570269187499999 0.7602700984374999 0.8630674125000001 0.7635545703125 0.8472320890624999 0.7646611734375 0.7822846359375 0.7592093531249999 0.7775885859375 0.74262061875 0.7715260296875 0.705767175 0.765964828125 0.6866296640625 0.77180063125 0.45771677187500004 0.7329307171874999 0.4400988609375 0.7271315984375 0.43017516093749997 0.7212373125 0.39028342031249996 0.7127051796874999 0.37999164687500003 0.7153395703125 0.374526921875 0.721424190625 0.35976326875 0.7228603453125 0.3527301609375 0.7312207500000001 0.35469004531250004 0.738216375 0.3473017671875 0.7443247875 0.34671332499999996 0.750098384375 0.339509084375 0.7519424578125 0.337989934375 0.7504569921875001 0.3329296140625 0.7550323515625 0.31008025 0.7472922640624999 0.3045428625 0.73933805 0.2943003234375 0.7382111890624999 0.278605965625 0.732388278125 0.26817939062499996 0.73552575625 0.261563590625 0.7315962328125 0.258794896875 0.7276191265625 0.24770721875 0.722491365625 0.24024627812500002 0.71456094375 0.23891116562499998 0.7088111375 0.23457408906250002 0.707109815625 0.2355306046875 0.6928075406249999 0.2212698265625 0.6852119328125 0.16896582031250001 0.6943829890625 0.1652042796875 0.6976887390625001 0.1698965265625 0.7016420531249999 0.15989778125 0.7210703578125 0.148662396875 0.7272263546875 0.1610488578125 0.7310845031250001 0.16990704843749999 0.7302228093750001 0.1902080875 0.7367408703125 0.1980371015625 0.736142615625 0.22258965156250002 0.7411038328124999 0.2250887421875 0.7460871124999999 0.2369359953125 0.75195760625
2 0.862731809375 0.8813554390625 0.87300015625 0.8609209609375 0.8707343390625001 0.8479120921875 0.8651477171874999 0.8437191281249999 0.8582752171875001 0.8300151093749999 0.8559859734374999 0.7992061515625 0.8594052484375 0.782867740625 0.8540413765625001 0.7420684328125 0.8503419765625001 0.7308322609375 0.8456497296875 0.7268789453125 0.8426969984375001 0.7271661765624999 0.839412525 0.7430015015625 0.841170703125 0.8437649828125 0.8367714859375001 0.8566055828125 0.8259768375000001 0.8682717359375 0.8214662453124999 0.8994155078125001 0.8251890718749999 0.928451765625 0.8365334484375 0.9433540203125 0.855364575 0.9446253625000001 0.8629263703125 0.90567185625 0.862731809375 0.8813554390625
3 0.8394325140625 1 0.8382600609375 0.9583752359375 0.8427085140624999 0.9417733859374999 0.8379307015625 0.9345619062500001 0.82988131875 0.93240508125 0.82452796875 0.9201865281250001 0.824908946875 0.9008771828125001 0.828180515625 0.8958225265624999 0.823635975 0.8805854562500001 0.8272756171875001 0.8670021234374999 0.8392834812500001 0.85080819375 0.8408566296875 0.7698095578124999 0.8383341124999999 0.7470261921875 0.8409574828125 0.7229256296875 0.830605953125 0.7007405171875 0.8340123234375 0.6951827749999999 0.8288793406250001 0.6857193015624999 0.8174364921875 0.67833955 0.77727515 0.6708135890625 0.7721890203124999 0.6969502875 0.7666339640625 0.778499590625 0.7587993609375 1 0.8394325140625 1
1 0.892520578125 0.8095347765625001 0.8777053078125 0.8540936078125 0.8724351421875 0.8844946453125001 0.87658818125 0.8904603062499999 0.88485793125 0.8953722109375001 0.89661961875 0.8979845375 0.9104888953125 0.8963087359375 0.9354271875 0.8032377578125001 0.930955309375 0.802039521875 0.9052751109375 0.804864246875 0.892520578125 0.8095347765625001
3 0.892520578125 0.8095347765625001 0.8777053078125 0.8540936078125 0.8724351421875 0.8844946453125001 0.87658818125 0.8904603062499999 0.88485793125 0.8953722109375001 0.89661961875 0.8979845375 0.9104888953125 0.8963087359375 0.9354271875 0.8032377578125001 0.930955309375 0.802039521875 0.9052751109375 0.804864246875 0.892520578125 0.8095347765625001
