2 0.5376454609375 0 0.504511359375 0.011435359374999999 0.486044503125 0.021755540625 0.474994259375 0.02291696875 0.46800852343750005 0.027317114062499998 0.46628035937499995 0.0374490921875 0.45832398750000003 0.0503304921875 0.45860085625 0.061822842187500004 0.4651557140625 0.062181303125 0.5118423812499999 0.0457528875 0.5336162156250001 0.040322153124999996 0.59622494375 0.015935832812500002 0.613879828125 0.0067484 0.6039091062499999 0.0004645328125 0.60403843125 0 0.5376454609375 0
2 0.47379610781250003 0 0.43392296406249997 0.0041908359375 0.35810029375 0.0357267203125 0.3283109859375 0.044618428125 0.3270681390625 0.0505097796875 0.315591678125 0.0653322625 0.315487453125 0.0731987515625 0.3195519609375 0.07643746875 0.33526091562500004 0.0753100953125 0.3376968234375 0.07191185781250001 0.350316565625 0.06796695781249999 0.3532377921875 0.0603280921875 0.386388521875 0.056843809375 0.4180693203125 0.039374064062500005 0.425327265625 0.0375638203125 0.4373481453125 0.0279211375 0.457171390625 0.021648014062500002 0.47033555 0.022882915625 0.4840394703125 0.020395171875 0.48907461406249997 0.0151526359375 0.523631515625 0.007330940625 0.531592546875 0.003351990625 0.534409353125 0 0.47379610781250003 0
2 0.27610385625 0.07053000468750001 0.27068762031250004 0.072146678125 0.26462739687500003 0.08535248749999999 0.22698128281250002 0.09035665781249999 0.2432346546875 0.094409084375 0.24757137187499997 0.1002377046875 0.2579185296875 0.10124498281250001 0.2687510046875 0.098011634375 0.26712240625 0.091374678125 0.2809305515625 0.0810204453125 0.28152475312499997 0.0778157796875 0.27610385625 0.07053000468750001
3 0 0.1027934921875 0.1669903484375 0.03283836875 0.14634314531249998 0.03441669375 0 0.096353334375 0 0.1027934921875
2 0.6372924078125 0 0.630182984375 0.0024163578125 0.23443050625 0.1435150421875 0.211304940625 0.1538011703125 0.21645362656249997 0.1584970453125 0.2771801828125 0.1604936625 0.307618134375 0.14891526875 0.3072914828125 0.1458073875 0.31617336875 0.1417316515625 0.322891553125 0.14364405156249999 0.3318278796875 0.1400862953125 0.33924915 0.13982999062499998 0.403862909375 0.1168040421875 0.4116606171875 0.11127115000000001 0.40981425 0.102562271875 0.41327989687500005 0.10010320937499999 0.4212953703125 0.09664223749999999 0.4280135546875 0.098554640625 0.443286971875 0.09328342187500001 0.49294930781249996 0.06973412343749999 0.5307540875 0.057381443750000004 0.5490622765625 0.054409773437499996 0.5525279234375 0.051950709375 0.5600036359375 0.052212384375 0.56623184375 0.049462965625 0.5794504468749999 0.051215846875000005 0.580911059375 0.047396414062499996 0.5927188296875 0.044584260937499995 0.5959169265625001 0.0484377453125 0.6032293140625 0.047145481249999996 0.624513171875 0.0370529234375 0.6221270453125001 0.0320666921875 0.61741389375 0.0315146609375 0.6188745078125 0.027695228125 0.6649623124999999 0.00556903125 0.6697774515625 0 0.6372924078125 0
2 0.22345333906249998 0.1808042421875 0.2209629890625 0.1836845 0.1953424140625 0.1879484375 0.1757369375 0.196293484375 0.148492421875 0.2028229125 0.141016709375 0.2025612390625 0.127362571875 0.19666451406250002 0.1164212125 0.19886190312500002 0.1111683 0.20203251562500002 0.094116934375 0.22582017968749998 0.09705679843750001 0.2537911078125 0.114934109375 0.25557804375000004 0.12381599375 0.25150230625000003 0.142271203125 0.21892600624999997 0.1681616578125 0.21280074375 0.1759593625 0.20726785312499998 0.1806180734375 0.20730190468749998 0.20298611093750002 0.19866650156250001 0.23363717187500002 0.18025758125 0.22345333906249998 0.1808042421875
2 0.106567234375 0.19517694531250002 0.067342271875 0.20321223281249998 0.070138125 0.20960762656249998 0.0991007953125 0.20632419531249999 0.1133331390625 0.2002893890625 0.106567234375 0.19517694531250002
2 0.0830539265625 0.2395449953125 0.0935052453125 0.23390759062500002 0.0920413625 0.22402783906249998 0.0466993859375 0.23715490312499998 0.0275518390625 0.24896219375 0.0599749828125 0.24627080937499998 0.0830539265625 0.2395449953125
2 0.7968189046874999 0 0.7976243328125 0.00105233125 0.7953517484375 0.006004509375 0.8006139781250001 0.020638792187499998 0.80029664375 0.035335806250000004 0.802846096875 0.041875978125000005 0.8120592921875 0.049810570312500003 0.8155249375 0.0473515078125 0.81674915 0.005850362499999999 0.8161342515625 0 0.7968189046874999 0
2 0.7316448656250001 0.0022263296875 0.6030659890625001 0.045591540624999996 0.598788371875 0.04918335 0.599169465625 0.0528092109375 0.60653629375 0.052034924999999996 0.6418507234375 0.0425625046875 0.6712044953125 0.029526956250000003 0.7062467171875 0.0174646359375 0.7183811390625 0.017760362499999998 0.737501296875 0.01365594375 0.7417789140625 0.010064134375 0.74356151875 0.000450134375 0.7316448656250001 0.0022263296875
2 0.9521332640625 0.02723266875 0.9499011453125 0.0059954828124999995 0.9397717578125 0.007060125 0.9136658640625 0.015564689062500001 0.902293628125 0.022520684375 0.8817128546875 0.030444534375 0.8263029718749999 0.043600178125 0.818341940625 0.0475791296875 0.8150940625 0.052110114062500004 0.8165048921875 0.056675149999999994 0.8260991796875 0.068235603125 0.8359065781250001 0.0729655296875 0.864883915625 0.06520656875 0.8988963999999999 0.052205071874999995 0.9362703031249999 0.044611 0.9431471546875001 0.03917489375 0.9475834375 0.028234578125 0.9521332640625 0.02723266875
2 0.6599300953125 0.2234343640625 0.7248705078125 0.20351629531249998 0.7397628328125 0.19461921875 0.74295626875 0.1895702546875 0.7419218734374999 0.17972863125 0.7371542796874999 0.17865861875 0.5901038890625 0.2234415625 0.528520240625 0.23986460625 0.5224553578125 0.24416796875000002 0.44917282031249994 0.2644391265625 0.4423504125 0.27039321250000004 0.42653257499999997 0.270484628125 0.41597230781250005 0.2763078765625 0.415486990625 0.2805485046875 0.435854653125 0.2794551796875 0.5427234546874999 0.25984358125 0.5498180734375 0.2564793953125 0.567368734375 0.25515845000000004 0.565309259375 0.2532800984375 0.5746764625 0.2449637359375 0.651751296875 0.22534139375 0.657385303125 0.225796640625 0.6599300953125 0.2234343640625
2 0.8376999671875 0.187467825 0.83835326875 0.19368358593749999 0.9151061109375 0.1798558125 0.9622236531249999 0.158668790625 0.9656892984375001 0.1562097265625 0.9651448796875 0.1510299265625 0.959456434375 0.1500566984375 0.9284196203124999 0.15593731093750002 0.8655386828125 0.177733728125 0.8571965593750001 0.17808681875000001 0.8376999671875 0.187467825
2 0.1728451265625 0.3636584359375 0.1799941875 0.36081223125 0.1886629625 0.3635670203125 0.20111472031250002 0.3491657328125 0.2280325828125 0.3395284234375 0.2334986046875 0.32952728124999997 0.22033444375000003 0.328292378125 0.2096108515625 0.33256168750000004 0.201268728125 0.33291477812500003 0.166172065625 0.34445911875 0.1505175546875 0.346104475 0.1335113140625 0.352605221875 0.120673803125 0.3544782 0.0430047671875 0.3773052078125 0.041653037500000004 0.3821606 0.0573075484375 0.38051524375 0.076051271875 0.3816874125 0.086720421875 0.37690012500000003 0.11152902812500001 0.37376893437500003 0.1165641734375 0.3685263984375 0.13790712968750002 0.3678542703125 0.1539380765625 0.3609323265625 0.16672114375 0.35854136875 0.1728451265625 0.3636584359375
0 0.27906516406250004 0.42269078281250005 0.2694794015625 0.42410887031250005 0.25727533281250003 0.4284033796875 0.25794255625 0.4324396015625 0.26881723750000003 0.431707209375 0.285920946875 0.4277194140625 0.2967807453125 0.4245245671875 0.30295288125000003 0.42072787656250005 0.30584 0.41809709375 0.28855129687500003 0.42032479375 0.27906516406250004 0.42269078281250005
2 0.6930869484375 0.335163928125 0.7395060625000001 0.3250480609375 0.7428628265625 0.3215530375 0.7421550828125001 0.3148192953125 0.7300751015625 0.3150415484375 0.7230349234375 0.3189237140625 0.7147472421875001 0.31979478437500003 0.6980132078125 0.3288854328125 0.674452109375 0.3350277203125 0.6219090109375001 0.3400265203125 0.61936421875 0.3423887984375 0.5994320890625 0.3476259625 0.5906046484374999 0.3522196796875 0.5840497874999999 0.3518612171875 0.5698061078125 0.358071609375 0.514935984375 0.3675046078125 0.508871103125 0.3718079671875 0.49587026874999995 0.37212700625 0.4860675296875 0.376299528125 0.4801659734375 0.38215682968750003 0.49051313125 0.3831641078125 0.5401303421875 0.376901725 0.54874001875 0.37023608750000003 0.570677178125 0.36635929218749996 0.5914212765625 0.35998938125 0.6285276296875 0.3587078578125 0.6483508734375001 0.35243473281250004 0.66421849375 0.34395885000000004 0.6930869484375 0.335163928125
2 1 0.500432296875 0.8634975765625 0.52149691875 0.8462689093750001 0.5170232984375 0.8449125203125 0.5129762421875 0.8282780546874999 0.5052979546875 0.8255699359375 0.50610629375 0.8252479421875 0.5119008593750001 0.8322383375 0.5164031625 0.8336491687500001 0.5209681984375 0.8552689953125 0.5317884187499999 0.872710771875 0.5294315125 0.8859293750000001 0.53118439375 0.9179959234374999 0.5262429578125001 0.9567806593749999 0.5232139203124999 0.9629544250000001 0.519946521875 1 0.5111994015625 1 0.500432296875
2 0.6852781953125 0.5266122734375001 0.5754290640625 0.5444423078125 0.5548482921875 0.552366159375 0.5345350718749999 0.5539774640624999 0.5200736234375001 0.5581159328124999 0.50609749375 0.5580137765625001 0.5064241453125 0.5611216578125 0.51546935625 0.5585998609375 0.5239203625 0.5592827312499999 0.5362772125 0.5705528281250001 0.5597294296875 0.5633745796875 0.6478591671875 0.5514932609375001 0.6860994828125 0.5432844234374999 0.6886987171875 0.5414401265625 0.6883674078124999 0.5294297968749999 0.6852781953125 0.5266122734375001
2 0.7396085578125 0.520901921875 0.7028288546875 0.5252913265625 0.6984967953125001 0.5283651546875 0.6998034015625 0.540796678125 0.7413506984375 0.5374772875 0.7436186234375 0.523622659375 0.7396085578125 0.520901921875
2 0.2031940265625 0.802997021875 0.22079912968749998 0.80219405625 0.23055208437500002 0.806406 0.2556826828125 0.7974802421875 0.2785997984375 0.8029270890625 0.2818476765625 0.7983961046875 0.2856399765625 0.7990449234375 0.2918681828125 0.7962955046875 0.300319190625 0.7969783734375 0.3682990328125 0.7882622984375 0.3754527515625 0.794318540625 0.3826018140625 0.7914723343750001 0.4015633046875 0.7947164234375 0.45231913593749995 0.7904291765625 0.4608245875 0.791630025 0.47452850625 0.78914228125 0.48395481093750004 0.7902463453124999 0.531893640625 0.7857314734374999 0.5396369046875 0.7796806015625 0.5456520031250001 0.783761709375 0.5549149812499999 0.7833118328124999 0.5694853125 0.7802093234374999 0.5705694921875 0.781666478125 0.6233847984375 0.779257578125 0.6581594671875 0.7735078046874999 0.6685066265625 0.774515084375 0.692013284375 0.767854815625 0.6951024968749999 0.770672340625 0.7368675609374999 0.76942486875 0.740927409375 0.7637611390625 0.7425918140625 0.7353062828125 0.73731095 0.6850622078125 0.712878778125 0.6829168125 0.6899118796875 0.6858544328125 0.67821299375 0.689702546875 0.674262028125 0.6964022375 0.42097284375 0.7225003 0.41891336875 0.7206219515625001 0.3870599265625 0.7187328609375 0.350983309375 0.720953559375 0.34318560468750003 0.7264864515625 0.3367396296875 0.72716395 0.32650601562500003 0.7360950796875 0.32098089375 0.73667579375 0.321747740625 0.7528299640625 0.3320404546875 0.7533192625 0.335184109375 0.756654765625 0.3301489640625 0.7618973015625 0.32299990312500004 0.7647435078125 0.320672878125 0.7691777046875 0.3107612546875 0.77231426875 0.306810290625 0.7790139578125 0.2834623 0.7783257171875 0.27002592812500004 0.7745009140625 0.2648228 0.7692870609375 0.2530150296875 0.7720992140625 0.23459329687500002 0.765132478125 0.2190476703125 0.76781379375 0.20734412500000002 0.762759459375 0.2031707328125 0.75848478125 0.2021907796875 0.7491611375 0.19319535000000002 0.743298465625 0.180031190625 0.7420635640625 0.173204121875 0.7391152015625 0.1589604421875 0.7453255921874999 0.14867238437500002 0.7537387437499999 0.13166614375000002 0.760239490625 0.1283140390625 0.7726369625 0.1316754625 0.7780443874999999 0.1257194640625 0.7833837078125 0.10616377031249999 0.7833442859375 0.11472832031249999 0.7939655640625001 0.142952790625 0.7967597765625001 0.1696575453125 0.79395299375 0.18379700000000002 0.795609090625 0.191762690625 0.8005325890625 0.2031940265625 0.802997021875
1 1 0.6439664031250001 0.9866942921874999 0.6483769171875 0.9337747593750001 0.6586523046874999 0.9275465515624999 0.6614017249999999 0.9136248640625 0.6618175500000001 0.8813452046875 0.6735895125 0.8701907359375 0.682617428125 0.8609510531250001 0.7275795453125 0.8546730625000001 0.7387134343749999 0.8579256015625001 0.7430848984375 0.8435730359375 0.7482593296875 0.84763754375 0.751498046875 0.846231371875 0.7558354609375 0.8521920296875001 0.7593985875 0.8625936265625 0.760923846875 0.8676878718750001 0.7651017390625 0.8881597609374999 0.7561419296875 0.9045718015625 0.752845846875 0.9860968953125001 0.7489905343750001 1 0.747529259375 1 0.6439664031250001
1 0.1288170625 0.077631234375 0.121613559375 0.079959459375 0.10763742968750001 0.079857303125 0.1024389609375 0.0835458984375 0.10444865156250001 0.09380871562500001 0.124979640625 0.094269334375 0.129098590625 0.09802603125 0.165928075 0.085252159375 0.1725280578125 0.068323703125 0.1909949140625 0.0580035234375 0.1992281546875 0.0566144734375 0.21207032187500002 0.0636439421875 0.2164568234375 0.06108809375 0.2097884203125 0.050791224999999995 0.22321547343749998 0.036811131250000004 0.2239683421875 0.02625795625 0.2027887078125 0.028484025000000003 0.166176990625 0.04332981875 0.1555622828125 0.0486350875 0.14446225625 0.058180982812500004 0.1393726703125 0.0629055390625 0.13737229687500002 0.0704476171875 0.1288170625 0.077631234375
