2 0.0647640046875 0.42846112343750004 0.06644356875 0.4092636203125 0.0602591125 0.4055856140625 0.0383938140625 0.40053571093749996 0.035898968749999996 0.39718050312500003 0.011961896875 0.394563459375 0.007259096875 0.3951976640625 0.003309853125 0.4403377359375 0.015451796875000002 0.4502880046875 0.0310418515625 0.45269760468750003 0.040538237500000004 0.45039149375000004 0.05801849375 0.45244364062500003 0.0561446265625 0.4313667859375 0.0647640046875 0.42846112343750004
2 0.2815158640625 0.4050758046875 0.2715510125 0.4021127015625 0.258183440625 0.40617141874999996 0.204003190625 0.4092736046875 0.18481431406249998 0.405503503125 0.132101190625 0.4024601703125 0.10849640468749999 0.40666889375000004 0.09670127656250001 0.41400211875000004 0.10150939375000001 0.42278794062499997 0.09314604374999999 0.4440148 0.0979995546875 0.4522817703125 0.2529777046875 0.47629705937500005 0.3158372546875 0.4802280875 0.33105323750000004 0.41254670000000004 0.3286037859375 0.408672640625 0.317761925 0.40510998750000005 0.29474725625 0.402573640625 0.2815158640625 0.4050758046875
1 1 0.4443819890625 0.9759505687500001 0.43550724374999994 0.8636898265624999 0.4225487640625 0.853543396875 0.4216610671875 0.83270581875 0.4261118890625 0.8133353671875 0.42441719375 0.8048521687499999 0.42576630312499997 0.7959858843750001 0.5164845984374999 0.7971043921875001 0.5249476203125 0.8041204640625 0.5297440296875 0.9915497437499999 0.5440506765625 0.99785585 0.5357144 1 0.511206653125 1 0.4443819890625
1 0.7553693109374999 0.5239103875 0.7618569921875 0.5134987078125001 0.768787684375 0.42365671406249994 0.7587774390625001 0.42121246250000005 0.740979428125 0.42279227500000005 0.7113717609375 0.4212475859375 0.67751523125 0.4151485859375 0.646017365625 0.41396134843750004 0.5745384375 0.41293598125 0.49527174531249996 0.415934678125 0.45368737656249997 0.4237986203125 0.43156244375 0.4642115875 0.426389375 0.49146861406250003 0.431606034375 0.49558477187500005 0.46074523593750005 0.4918602484375 0.5122635953125 0.49793598906250003 0.5826385468749999 0.5009560625 0.63696950625 0.5067550515625 0.65559913125 0.506293640625 0.6832258109375 0.5092334843749999 0.7377528765625 0.523414796875 0.7553693109374999 0.5239103875
1 1 0.2965674 0.884398434375 0.29208635625 0.8521143484374999 0.289261865625 0.8136911984375 0.28224051562499997 0.813251790625 0.2978867578125 0.8279194453125 0.30021565625 0.8475767890625001 0.3092549703125 0.871786221875 0.30875890625 0.88649926875 0.31056895625 0.9195550484374999 0.3045729734375 0.9508713390624999 0.307835615625 0.9871173984375 0.3078697984375 1 0.309663675 1 0.2965674
1 0.7417274703125 0.297380240625 0.7779735296875 0.2974144234375 0.78189010625 0.29514296562500003 0.782979553125 0.2826905328125 0.77956230625 0.279254625 0.49373737812499996 0.27411545 0.472158971875 0.2764101671875 0.47345905312500003 0.28279778437499997 0.4854956796875 0.2833280296875 0.5146948046875 0.28954238125 0.539781246875 0.2896458703125 0.5627051265625 0.29321991875000003 0.66221928125 0.2925154671875 0.6860655640625 0.296170215625 0.69740675625 0.2940255046875 0.7313540734374999 0.2990868 0.7417274703125 0.297380240625
1 0.10195781562499999 0.247681521875 0.09660497500000001 0.24512191875 0.086231578125 0.2468284796875 0.081801140625 0.2443495734375 0.06888750625 0.2432197765625 0.0684335703125 0.2484082921875 0.1007176578125 0.251232784375 0.10195781562499999 0.247681521875
1 0.3181177546875 0.2629333078125 0.329413553125 0.26130744687499996 0.34126860468750003 0.2639130984375 0.361697640625 0.2641319390625 0.362137046875 0.248485696875 0.3195249578125 0.2468489140625 0.317543971875 0.24824406875 0.31557751562499997 0.26009695 0.3181177546875 0.2629333078125
1 0.217652140625 0.242641603125 0.2057970875 0.2400359515625 0.1997633421875 0.24525911875 0.1407295828125 0.24009433281249998 0.1331233953125 0.24204299218749997 0.129675284375 0.2495836640625 0.1419080140625 0.2584962328125 0.164545003125 0.25472566093750004 0.27172526874999997 0.262011428125 0.30248230625 0.2610425609375 0.30644427812499997 0.2582522515625 0.308501521875 0.245361665625 0.2705468375 0.243609528125 0.26012804843750004 0.245834940625 0.217652140625 0.242641603125
2 0.0887844390625 0.0264205890625 0.17245070468749998 0.0368773765625 0.178998309375 0.036404571875 0.183928078125 0.033176110937499996 0.20532490937499998 0.0329568 0.2161522421875 0.0260617265625 0.1883893796875 0.0246784359375 0.1737217265625 0.0223495375 0.0955590140625 0.023353528125000002 0.0887844390625 0.0264205890625
2 0.407392784375 0.0286768890625 0.4119448734375 0.0191415109375 0.41028164218749996 0.016904706250000002 0.384272796875 0.01672051875 0.37173684218749997 0.0218976375 0.3390442125 0.023742809375 0.25769121875 0.0187166375 0.22666181875000002 0.022798612500000003 0.21896484218749998 0.025784973437499997 0.2197510640625 0.027422228124999996 0.24197951093749998 0.0283213203125 0.25992823125000003 0.0356426796875 0.2828975078125 0.0386978765625 0.2988507109375 0.0369566640625 0.3068654421875 0.0303383421875 0.3153940328125 0.028470384375 0.35735608124999996 0.026913359375 0.407392784375 0.0286768890625
2 0.77729251875 0.0396031859375 0.792232534375 0.038818978125 0.7970715140625 0.036628218750000004 0.798311671875 0.033076959375 0.7941082015625 0.028003798437499998 0.7812853546875 0.0258362984375 0.7698533750000001 0.0290187125 0.767463846875 0.0350835296875 0.77729251875 0.0396031859375
