3 0.1545564140625 0 0.0995027859375 0.012038281250000001 0.098170184375 0.017810409375 0.1857546046875 0 0.1545564140625 0
1 0.2380565515625 0 0.2125348765625 0.0081448703125 0.20422776250000002 0.0153140875 0.20435678125 0.027103609374999997 0.19902567499999999 0.029614559375 0.17443209843750002 0.025005753125000002 0.1702375109375 0.026710021875 0.169382275 0.0345305765625 0.18942977656249999 0.04236610625 0.194409396875 0.041377609375 0.1986860453125 0.04343401875 0.218487365625 0.0399875125 0.2300517734375 0.035173898437500004 0.23862831406249999 0.0227215484375 0.277481025 0.0108446 0.2848859453125 0.0034670937499999997 0.28440765468749996 0 0.2380565515625 0
2 0.32504023593750003 0.0806231828125 0.3329607625 0.07924458125 0.348262496875 0.0458944609375 0.3468095953125 0.043955431249999996 0.3420642984375 0.043928959375 0.313252890625 0.057589590625 0.3023914546875 0.0593582984375 0.28478111093749997 0.057430762499999996 0.2578793953125 0.05870348125 0.255090753125 0.0543179375 0.2440300953125 0.052833450000000004 0.241007128125 0.049462875 0.2285756265625 0.0498000375 0.2250138078125 0.056995728125 0.2150194640625 0.0632408875 0.2157693953125 0.0682248234375 0.2283180578125 0.067380175 0.244920903125 0.0819039125 0.2559815609375 0.0833884 0.28131320937500004 0.0806841375 0.2895031625 0.074022403125 0.29981389062499997 0.0705229546875 0.32504023593750003 0.0806231828125
2 0.43346675625 0.0308207421875 0.38790023906250004 0.034733284375 0.3797453875 0.03712685625 0.38108112968749996 0.0395733703125 0.368145878125 0.0462086328125 0.361924434375 0.0608083015625 0.37062999531249996 0.060145470312500005 0.38087051875 0.06518235 0.3892596953125 0.061773809375 0.4048664265625 0.0600315734375 0.41180269999999997 0.054684004687499996 0.4234140671875 0.0578992328125 0.4367477625 0.05777035781249999 0.4411766734375 0.0550511203125 0.46286444375 0.05578186875 0.473175171875 0.052282421875 0.48261880625 0.0443065203125 0.5437569515625 0.04291990625 0.5484201875 0.0391856984375 0.5549698734375 0.039628745312500005 0.5656320874999999 0.03460684375 0.5885384359375 0.038291590625 0.6179826125 0.0301223796875 0.624532296875 0.030565426562499998 0.6314216109374999 0.017189015625 0.58089871875 0.005524887500000001 0.5789420671875 0.009883959375 0.5690648859375 0.0156216328125 0.5248341125 0.0219806890625 0.5072588703124999 0.015784990625000002 0.49674891875 0.0160312453125 0.43346675625 0.0308207421875
2 0.33379228437499997 0.0468300140625 0.3286604 0.0525941609375 0.3069024265625 0.060399737499999995 0.3107104265625 0.064486084375 0.3060471921875 0.0682202921875 0.3152683578125 0.0735563671875 0.334917415625 0.074885509375 0.3423925390625 0.058971675 0.33756518281250003 0.055184525 0.33932261406249997 0.047572259374999995 0.33379228437499997 0.0468300140625
2 1 0.130101084375 0.99872055 0.130316928125 0.9758962625000001 0.130392859375 0.9651168875 0.1359222453125 0.9504474500000001 0.13360460624999998 0.9304118062500001 0.1380660796875 0.861001646875 0.14235375156250002 0.8547213859375 0.1366275703125 0.8553887874999999 0.0966916484375 0.8609893187500001 0.088897565625 0.8602393875000001 0.08391363125 0.851721190625 0.07553265 0.8524592656250001 0.0682195796875 0.82719781875 0.0623875140625 0.8233665734375 0.0748663359375 0.830783353125 0.079785834375 0.8369113499999999 0.0902876625 0.83511881875 0.1021680921875 0.8404266796875 0.11622231093749999 0.840004990625 0.1262810890625 0.8543466546875 0.15471519375 0.8669071765625 0.16616755156250002 0.8780498937500001 0.17141271875 0.9017763765625 0.1715450734375 0.9517718046875 0.16491329375 0.9636876984375 0.1585772265625 0.9689837046875001 0.1603344390625 0.979645915625 0.15531253750000001 1 0.1556993703125 1 0.130101084375
2 0.46479832343750005 0.1091471453125 0.501424953125 0.1069124015625 0.546159478125 0.09425524375 0.5874142453125 0.09255445625 0.6026343890625 0.09660283750000001 0.6050245875 0.0944819921875 0.6222834453125 0.0979319796875 0.62490796875 0.0947961640625 0.6425183125 0.0967237 0.651341034375 0.095553384375 0.6575743359375 0.093250721875 0.6625421 0.0799652203125 0.6701111421875 0.0801090703125 0.6889282062500001 0.072693596875 0.7005746734375 0.0716406625 0.71021753125 0.0669179578125 0.7169545828125 0.058317193749999996 0.7087176687500001 0.05695008593749999 0.6988755890625 0.058419596875 0.6953488734375 0.0613471234375 0.6763676875 0.061241239062499994 0.32126780625 0.113427853125 0.28487549843750004 0.114647628125 0.2775056796875 0.11775697031250001 0.2749632171875 0.1246534640625 0.27994283750000004 0.1236649671875 0.30979731718750003 0.13429914999999998 0.3162649421875 0.1309815171875 0.340190646875 0.13436706874999998 0.4232859890625 0.1284280703125 0.4612014015625 0.1206109984375 0.4641774109375 0.11595273125000001 0.4613887671875 0.11156718750000001 0.46479832343750005 0.1091471453125
2 0.787827265625 0.0888023484375 0.8005543062499999 0.072848603125 0.8036355015625001 0.0622973359375 0.79756741875 0.07179554375 0.7493028578125001 0.08499490781249999 0.6628230453125 0.091306596875 0.651212340625 0.0957733015625 0.6446339531249999 0.1018839546875 0.6555138640625 0.105122746875 0.6658835890625 0.1049734765625 0.6882481390625 0.103233775 0.7354529203125 0.0974196703125 0.762030440625 0.0970160921875 0.7727747640625 0.09804321875000001 0.787827265625 0.0888023484375
2 1 0.2770742703125 0.9999993578125 0.2770743109375 0.9446728234374999 0.28621704375 0.9038867046875 0.28588789375 0.898672759375 0.287891359375 0.891455203125 0.28622505625 0.8673421328125 0.291883315625 0.8682092265625 0.2963597671875 0.8764461390625 0.29772687656249996 0.89848539375 0.296935171875 0.948961328125 0.3005704578125 0.9675440703125 0.294169953125 0.9867595796874999 0.29326087031250003 1 0.2897181921875 1 0.2770742703125
2 0.7441517890625 0.282151253125 0.7476434046875 0.2834918890625 0.773443703125 0.278757690625 0.7784584234375 0.2735010296875 0.7795830859375 0.2603973421875 0.7667180390625 0.2584962796875 0.752564209375 0.26217754375 0.74907259375 0.2608369078125 0.557784584375 0.274404196875 0.5582181312500001 0.276642421875 0.550063278125 0.27903599375 0.508339865625 0.28276671875 0.49535765625000006 0.281373140625 0.47249826562499997 0.2857172359375 0.4714438078125 0.2902845953125 0.4767398140625 0.292041809375 0.550040034375 0.2956011625 0.5809371140625 0.28937098125 0.589841896875 0.2919613453125 0.6096081171875001 0.292783003125 0.615056384375 0.2897645671875 0.698550171875 0.290331959375 0.7199566578125001 0.284048834375 0.7441517890625 0.282151253125
2 0.2224139390625 0.1670439125 0.23758712499999998 0.16306345312499998 0.24288312968749998 0.1648206640625 0.25115514375000003 0.161919609375 0.258607025 0.16257094375 0.276322671875 0.1516939890625 0.2846767484375 0.1525536125 0.2905936640625 0.1475052390625 0.2814545578125 0.14592984375 0.262239046875 0.146838928125 0.253615546875 0.1512624359375 0.22526092812499998 0.150596125 0.20997058124999998 0.1550840703125 0.1870523765625 0.1391023171875 0.1646265328125 0.1456846375 0.15684688125 0.1711497671875 0.1536602625 0.201417015625 0.16428737499999999 0.200663278125 0.1688334484375 0.197436553125 0.1818156578125 0.1988301328125 0.1914585140625 0.19410742812499998 0.1934853703125 0.18121202812499998 0.205629659375 0.167712490625 0.2131576703125 0.1659760015625 0.2224139390625 0.1670439125
2 0.22994929062499997 0.294933465625 0.2234816671875 0.29825109843750003 0.179871803125 0.29780456875 0.1605391296875 0.2992211375 0.1532864734375 0.3018229953125 0.141722065625 0.30663660937500004 0.15714143281249998 0.313938184375 0.16706557187499999 0.316229353125 0.27412172031250004 0.30940774375 0.2840809625 0.307430746875 0.28654136406249997 0.296773575 0.2748128359375 0.29406583125 0.2444195046875 0.2939979109375 0.23614749062499998 0.296898965625 0.22994929062499997 0.294933465625
2 0.685885759375 0.415161628125 0.6938413875 0.40951486406250004 0.7036834671875 0.4080453515625 0.7761165953125 0.40712825468749997 0.7785769984375001 0.3964710828125 0.7744175109375 0.3939071890625 0.7662626593749999 0.3963007609375 0.7625718203125 0.39170693125 0.7474337375 0.3914192296875 0.6260596375 0.39440074687500004 0.6199434984375001 0.396195925 0.5830004828125 0.3956849578125 0.57688434375 0.3974801359375 0.5699011109375001 0.39479886249999996 0.48887958437499995 0.39587130625 0.4771159546875 0.397431725 0.49163312656249997 0.4045250125 0.49093015468749995 0.40756991875 0.5454835140625 0.41000841875000005 0.5844301421875 0.41418915624999997 0.5903470578125 0.4091407828125 0.6417602875 0.40871619531250003 0.665885215625 0.4153549390625 0.6800039421874999 0.41594183906250004 0.685885759375 0.415161628125
2 0.8884948156249999 0.6324537671875 0.8857531312500001 0.636097065625 0.8893268078125001 0.64119838125 0.93557305 0.6508060999999999 0.951847653125 0.650287121875 0.976675553125 0.653880959375 0.9796046031250001 0.64119385 0.946539790625 0.6362329046874999 0.9110847812499999 0.633392803125 0.9003405062500001 0.6346540265625 0.8884948156249999 0.6324537671875
2 0.714629315625 0.615833221875 0.72549075 0.614064515625 0.7261467640625 0.6029907671875 0.72335811875 0.5986052234375 0.7197493421875001 0.5977720703125 0.6875516234375 0.5972875765625 0.6833570359375 0.5989918453125 0.6373100140625 0.5926373203125 0.6334669125 0.5928191375 0.6316274203125001 0.596670725 0.6161729515625 0.5936373140625 0.6042921609375 0.5957052171874999 0.556991459375 0.59066485625 0.5527148109375 0.5886084484375 0.5502074484375 0.5912367781250001 0.5660954640625 0.596508415625 0.570688496875 0.601310534375 0.571204103125 0.6073094390625 0.5677945484375 0.60972948125 0.5752113265625 0.6146489796875 0.5939581875 0.615769834375 0.592423225 0.610070125 0.60610840625 0.608418796875 0.714629315625 0.615833221875
2 0.7467098734375 0.6168252015625 0.7742443546875 0.6210439046875 0.7777710734375 0.6181163781250001 0.7737989515625 0.6065086734375 0.73383296875 0.6026271328125 0.7308218578125001 0.6115535640624999 0.7340440484374999 0.6181773328125 0.7467098734375 0.6168252015625
2 0.54059969375 0.5916913187499999 0.5325971046875 0.58930924375 0.528953225 0.5927442546874999 0.5080504875 0.592729278125 0.5171193921875 0.602841 0.52488765625 0.6062380468749999 0.5422636765625 0.6091805484374999 0.5462239390625 0.608491246875 0.5447710375 0.60655221875 0.5374363203125 0.6053933984375 0.5335111578125 0.6018145374999999 0.54059969375 0.5916913187499999
2 0.43550019687499997 0.594153859375 0.45060317968749997 0.5987097234375 0.44938460156250004 0.595755725 0.455735065625 0.5929455781249999 0.46711210625 0.597175775 0.4866440015625 0.5990124031249999 0.49130723749999994 0.5952781953125 0.48251961562499995 0.5921803453125001 0.43361374843749995 0.5899766046875 0.43550019687499997 0.594153859375
2 0.245889440625 0.760984921875 0.24707291874999998 0.768207084375 0.733952953125 0.8490747265625 0.7727824187500001 0.853762946875 0.7755122453125 0.8378226421875 0.7743515421875 0.7728761328125 0.7687391515625001 0.7683732109375 0.75194894375 0.7628932859375 0.7149238671875 0.7586216390625 0.6960016796875 0.7651217765625 0.46587169531250006 0.7342644859375 0.44806212968750003 0.72908375625 0.4379387671875 0.72353939375 0.3977735609375 0.716404659375 0.3875799953125 0.719396621875 0.38233095 0.725668253125 0.3676264109375 0.7276187765625 0.3608893609375 0.7362195390624999 0.36309219531250003 0.7431425046875 0.35592159843750004 0.7495050421875 0.3555350109375 0.755295659375 0.348399515625 0.757390034375 0.34682945 0.7559584890625 0.341931890625 0.760707665625 0.3188263203125 0.7537697234375 0.31301470781249996 0.74601360625 0.30273908125000004 0.7452448921875 0.28685106718750003 0.7399732546875 0.2765403390625 0.7434727031249999 0.26979143125 0.7397764625 0.266885625 0.735898403125 0.25562574531250004 0.7311607203125 0.24789258125 0.7234955125 0.24635761875 0.717795803125 0.24196380781250001 0.7162468796875 0.2424205984375 0.7019199375 0.227903425 0.69482665 0.1759513453125 0.705817503125 0.172307465625 0.7092525140625 0.17713482187500001 0.7130396640625001 0.1678202078125 0.732805084375 0.1568065078125 0.7393494406250001 0.16932007031250002 0.74277295625 0.1781427921875 0.7416026421875 0.1986589421875 0.7474082359375 0.2064623078125 0.7465371171874999 0.2311730453125 0.750638440625 0.23384452812499998 0.75553146875 0.245889440625 0.760984921875
2 0.87581995625 0.8684639703125001 0.8853688953125 0.8476835796875 0.8826504546875 0.8347617109375 0.876920903125 0.8307662734375001 0.8695743281249999 0.8173104484374999 0.8662112609375001 0.786600153125 0.8690582499999999 0.7701523625 0.8622737703125001 0.7295651046875 0.8581844875 0.7184648859375 0.8533571296875 0.7146777359375001 0.850416221875 0.715067840625 0.8476863953124999 0.7310081453125 0.852960096875 0.8316488859375 0.8490116890625 0.8446351921874999 0.8386307609375001 0.8566709671874999 0.8352098171875 0.8879531843749999 0.8399437265625 0.916841828125 0.8518012734375 0.9313390937499999 0.8706652984375 0.9319524640625 0.8768630281249999 0.892758784375 0.87581995625 0.8684639703125001
3 0.8574428015625 1 0.8540510671874999 0.9462908999999999 0.8579174140625 0.9295439156249999 0.852890834375 0.922503571875 0.844771084375 0.9206289796875 0.8389945734375001 0.9086046984375 0.8387014328125 0.8892938203125 0.8417946031250001 0.8841280671874999 0.836721065625 0.86905888125 0.8398844390625 0.8553568015625 0.8513198281250001 0.8387536671875001 0.85006520625 0.757749471875 0.8467490984375001 0.7350680203125 0.8485297734374999 0.710890584375 0.8374102999999999 0.6890802500000001 0.8406206328125 0.6834070125 0.8351605062499999 0.6741284421875 0.8234670796874999 0.6671525359375 0.7830675484375 0.6610327703125 0.778896675 0.6873310515625 0.7761910328125 0.7690245453125 0.7760872609375 1 0.8574428015625 1
1 0.9030840734375 0.7956474453125 0.889832909375 0.8406961781250001 0.8856269343750001 0.8712626218749999 0.8899856421875001 0.877079709375 0.8984217781250001 0.8817000125 0.9102674687500001 0.8839002718750001 0.9240698109375 0.8817414593749999 0.9457447828125 0.78785684375 0.9412338109375 0.786815403125 0.9156678375 0.7905346343749999 0.9030840734375 0.7956474453125
3 0.9030840734375 0.7956474453125 0.889832909375 0.8406961781250001 0.8856269343750001 0.8712626218749999 0.8899856421875001 0.877079709375 0.8984217781250001 0.8817000125 0.9102674687500001 0.8839002718750001 0.9240698109375 0.8817414593749999 0.9457447828125 0.78785684375 0.9412338109375 0.786815403125 0.9156678375 0.7905346343749999 0.9030840734375 0.7956474453125
