2 0.5666666671875 0.1270833328125 0.584259259375 0.1296875 0.5990740734375 0.1348958328125 0.6148148140624999 0.1359375 0.61851851875 0.1385416671875 0.627777778125 0.1375 0.65 0.1463541671875 0.6537037031249999 0.1390625 0.652777778125 0.1270833328125 0.646296296875 0.1166666671875 0.6351851859375001 0.1135416671875 0.6111111109375 0.11145833281249999 0.6083333328125 0.1088541671875 0.5953703703125 0.1078125 0.578703703125 0.10364583281249999 0.5759259265625001 0.1010416671875 0.5481481484375 0.0979166671875 0.54444444375 0.09427083281250001 0.5361111109375 0.0947916671875 0.5351851859375001 0.1078125 0.540740740625 0.1223958328125 0.5527777781250001 0.121875 0.5666666671875 0.1270833328125
2 0 0 0 0.0078125 0.065740740625 0.0223958328125 0.134259259375 0.034375 0.13888888906250002 0.03125 0.1546296296875 0.029166667187500002 0.15648148125 0.0197916671875 0.1629629625 0.014583332812499999 0.165740740625 0.0057291671875 0.1620370375 0.0041666671875 0.1351851859375 0.003125 0.13148148125 0 0 0
2 0.184259259375 0.05729166718749999 0.1898148140625 0.0473958328125 0.1981481484375 0.0479166671875 0.20740740781250003 0.05625 0.2046296296875 0.0614583328125 0.209259259375 0.060416667187499995 0.21574074062499998 0.0645833328125 0.24814814843750002 0.0640625 0.2509259265625 0.06979166718749999 0.25648148125 0.06875 0.2611111109375 0.0744791671875 0.2675925921875 0.06979166718749999 0.2759259265625 0.0744791671875 0.275 0.0760416671875 0.29722222187499997 0.07864583281250001 0.321296296875 0.0765625 0.328703703125 0.0713541671875 0.340740740625 0.0723958328125 0.36296296250000004 0.0796875 0.36666666718749996 0.0828125 0.36851851875 0.09322916718749999 0.3740740734375 0.0901041671875 0.375 0.0859375 0.38148148125 0.084375 0.3879629625 0.0869791671875 0.4 0.0875 0.4046296296875 0.0901041671875 0.40092592656250003 0.0958333328125 0.41851851875 0.1041666671875 0.4240740734375 0.09895833281250001 0.42870370312499995 0.0979166671875 0.43148148124999997 0.1 0.43518518593750005 0.0979166671875 0.44259259218749997 0.1052083328125 0.44907407343749994 0.1041666671875 0.4546296296875 0.10833333281249999 0.46666666718750005 0.1088541671875 0.4768518515625 0.1067708328125 0.48425925937500003 0.1098958328125 0.4953703703125 0.1098958328125 0.5166666671875 0.1078125 0.5129629625 0.09635416718749999 0.49351851875 0.090625 0.48518518593750004 0.084375 0.45555555625000005 0.0765625 0.43518518593750005 0.0682291671875 0.41851851875 0.06510416718749999 0.4074074078125 0.05989583281250001 0.3990740734375 0.05989583281250001 0.36851851875 0.052604167187499995 0.35925925937500003 0.053125 0.34444444375 0.050520832812500006 0.3416666671875 0.0442708328125 0.3 0.0380208328125 0.2666666671875 0.028125 0.2398148140625 0.0239583328125 0.2046296296875 0.025 0.1925925921875 0.0223958328125 0.1861111109375 0.014583332812499999 0.17962962968750001 0.0171875 0.171296296875 0.0333333328125 0.17962962968750001 0.0401041671875 0.18055555625 0.052604167187499995 0.184259259375 0.05729166718749999
2 0.6611111109375 0.1854166671875 0.6648148140625 0.1885416671875 0.66944444375 0.2088541671875 0.6768518515624999 0.2114583328125 0.68148148125 0.2192708328125 0.6925925921875 0.2609375 0.6981481484375001 0.2713541671875 0.6981481484375001 0.3078125 0.7009259265625001 0.3135416671875 0.7083333328125 0.3145833328125 0.7296296296875 0.3020833328125 0.7518518515625 0.2828125 0.753703703125 0.2598958328125 0.75 0.2510416671875 0.7416666671875001 0.24635416718749997 0.7370370375 0.228125 0.7203703703125 0.2203125 0.7203703703125 0.2046875 0.7101851859375 0.1859375 0.7083333328125 0.1734375 0.703703703125 0.16875 0.7 0.14010416718750002 0.6944444437499999 0.1270833328125 0.6870370375 0.1244791671875 0.6833333328125 0.1145833328125 0.6777777781250001 0.1109375 0.671296296875 0.11041666718750001 0.66944444375 0.1020833328125 0.6638888890625 0.1119791671875 0.6564814812499999 0.1447916671875 0.6564814812499999 0.1546875 0.6611111109375 0.165625 0.6611111109375 0.1854166671875
2 0.6620370375 0.18802083281249998 0.6666666671875 0.1932291671875 0.66944444375 0.20989583281250002 0.675 0.21197916718749998 0.6833333328125 0.22239583281250003 0.6888888890625 0.24739583281250002 0.69351851875 0.2515625 0.6972222218749999 0.246875 0.7083333328125 0.2494791671875 0.7120370375 0.24375 0.725 0.2421875 0.727777778125 0.2359375 0.7194444437499999 0.23020833281250003 0.7185185187500001 0.2036458328125 0.7046296296875 0.1697916671875 0.6972222218749999 0.1369791671875 0.6870370375 0.11510416718750001 0.6777777781250001 0.1135416671875 0.672222221875 0.1088541671875 0.66944444375 0.09427083281250001 0.6611111109375 0.09375 0.6583333328125 0.1015625 0.6601851859375001 0.12743055625 0.6546296296875 0.1541666671875 0.6601851859375001 0.1640625 0.6620370375 0.18802083281249998
2 0.48055555625 0 0.48055555625 0.0020833328125000002 0.48333333281249996 0.0057291671875 0.48981481406249994 0.0057291671875 0.5148148140625 0.0135416671875 0.515740740625 0.021875 0.5129629625 0.025 0.51944444375 0.03125 0.4981481484375 0.0432291671875 0.4861111109375 0.0458333328125 0.48518518593750004 0.0494791671875 0.49351851875 0.05208333281250001 0.5129629625 0.0494791671875 0.5175925921875 0.0463541671875 0.5268518515625 0.0473958328125 0.5833333328125 0.058854167187499994 0.5916666671875 0.0640625 0.5944444437499999 0.06979166718749999 0.603703703125 0.065625 0.627777778125 0.0645833328125 0.6537037031249999 0.0723958328125 0.6620370375 0.0703125 0.672222221875 0.0625 0.6879629625 0.0645833328125 0.703703703125 0.0614583328125 0.722222221875 0.0614583328125 0.7240740734375 0.071875 0.7296296296875 0.075 0.7453703703125 0.0760416671875 0.7546296296875 0.0802083328125 0.7629629625 0.0791666671875 0.7925925921875 0.0875 0.8148148140625 0.08645833281250001 0.8333333328125001 0.09114583281250001 0.840740740625 0.0953125 0.85 0.0958333328125 0.8611111109375 0.0994791671875 0.8648148140625 0.0979166671875 0.86944444375 0.1 0.88055555625 0.10052083281249999 0.8925925921875001 0.1052083328125 0.9055555562500001 0.10625 0.9074074078125 0.10833333281249999 0.9231481484374999 0.109375 0.9305555562500001 0.11510416718750001 0.9351851859375 0.1130208328125 0.9388888890624999 0.11614583281249999 0.94351851875 0.11145833281249999 0.9388888890624999 0.109375 0.93148148125 0.1098958328125 0.9277777781250001 0.10364583281249999 0.915740740625 0.0994791671875 0.884259259375 0.0958333328125 0.88055555625 0.0921875 0.8768518515625001 0.09427083281250001 0.8648148140625 0.0921875 0.8666666671875 0.0875 0.8546296296874999 0.0838541671875 0.8 0.0739583328125 0.79444444375 0.07083333281250001 0.7361111109375 0.058333332812500006 0.7268518515625 0.0536458328125 0.690740740625 0.0447916671875 0.64444444375 0.0348958328125 0.627777778125 0.034375 0.6268518515625 0.029166667187500002 0.622222221875 0.0302083328125 0.6009259265625 0.0260416671875 0.5916666671875 0.021875 0.5546296296875 0.0161458328125 0.54444444375 0.0114583328125 0.5324074078125001 0.010416667187500001 0.5129629625 0.003125 0.5046296296875 0.003125 0.49629629687500004 0.0015625 0.49629629687500004 0 0.48055555625 0
2 0.9055555562500001 0.1494791671875 0.9546296296874999 0.1588541671875 0.9629629625 0.159375 0.977777778125 0.15 0.9851851859374999 0.14791666718750002 0.9898148140625 0.1510416671875 0.9990740734375001 0.1505208328125 0.9990740734375001 0.1447916671875 0.990740740625 0.1421875 0.9879629624999999 0.14375 0.984259259375 0.1427083328125 0.98148148125 0.1302083328125 0.977777778125 0.1291666671875 0.975 0.1328125 0.9675925921875 0.1354166671875 0.9518518515625001 0.1276041671875 0.95555555625 0.1223958328125 0.9268518515625 0.1166666671875 0.91944444375 0.11041666718750001 0.9064814812499999 0.109375 0.9 0.1119791671875 0.88055555625 0.10260416718750001 0.8759259265624999 0.103125 0.872222221875 0.11145833281249999 0.8148148140625 0.096875 0.7981481484375 0.0973958328125 0.79351851875 0.1015625 0.777777778125 0.1078125 0.7398148140624999 0.103125 0.728703703125 0.1067708328125 0.7361111109375 0.1135416671875 0.828703703125 0.1338541671875 0.8648148140625 0.1385416671875 0.9055555562500001 0.1494791671875
2 0.12592592656249998 0.19375 0.13148148125 0.1921875 0.172222221875 0.2015625 0.20833333281250002 0.20625 0.2175925921875 0.209375 0.2203703703125 0.21354166718749998 0.246296296875 0.2130208328125 0.26203703749999996 0.2192708328125 0.26944444375 0.2182291671875 0.2768518515625 0.21979166718749998 0.2824074078125 0.2244791671875 0.3018518515625 0.2192708328125 0.3138888890625 0.2234375 0.3333333328125 0.22552083281250002 0.3398148140625 0.2296875 0.3583333328125 0.2328125 0.3703703703125 0.23177083281250002 0.3879629625 0.2375 0.3981481484375 0.24479166718749998 0.434259259375 0.2515625 0.4481481484375 0.2520833328125 0.4546296296875 0.2552083328125 0.46666666718750005 0.2552083328125 0.4703703703125 0.259375 0.48518518593750004 0.2604166671875 0.5009259265625 0.26510416718749996 0.5129629625 0.2604166671875 0.521296296875 0.2604166671875 0.527777778125 0.25625 0.525 0.22760416718749998 0.5175925921875 0.22239583281250003 0.5018518515625 0.21875 0.4953703703125 0.2208333328125 0.49351851875 0.2166666671875 0.4620370375 0.2140625 0.41203703750000004 0.2046875 0.377777778125 0.2010416671875 0.3611111109375 0.1932291671875 0.35648148125 0.19479166718750002 0.352777778125 0.1927083328125 0.3490740734375 0.19375 0.321296296875 0.1895833328125 0.29814814843750004 0.1833333328125 0.2703703703125 0.17916666718750002 0.25555555625 0.1729166671875 0.2370370375 0.171875 0.21296296250000002 0.1630208328125 0.1898148140625 0.1583333328125 0.1620370375 0.15572916718750002 0.15370370312499998 0.1515625 0.134259259375 0.1473958328125 0.1296296296875 0.1484375 0.12592592656249998 0.146875 0.1148148140625 0.1510416671875 0.10648148125000001 0.17135416718750002 0.10185185156250001 0.1729166671875 0.0990740734375 0.1822916671875 0.10370370312499999 0.18697916718750002 0.1111111109375 0.1875 0.12592592656249998 0.19375
2 0.4703703703125 0.18020833281249998 0.4824074078125 0.18020833281249998 0.5175925921875 0.18802083281249998 0.5231481484375 0.1859375 0.521296296875 0.1760416671875 0.5166666671875 0.1739583328125 0.4861111109375 0.175 0.477777778125 0.171875 0.46666666718750005 0.17135416718750002 0.45185185156249996 0.1671875 0.42314814843750004 0.16354166718750002 0.41944444374999995 0.1614583328125 0.4074074078125 0.1625 0.4138888890625 0.1697916671875 0.4240740734375 0.1739583328125 0.4703703703125 0.18020833281249998
2 0.13236591250000002 0.9316174578125 0.133012578125 0.96760203125 0.1433589046875 0.9959535 0.15758511718749998 0.9970439499999999 0.21642991875 0.9994791671875 0.29273413125 0.9994791671875 0.31601335937499997 0.9955900078125 0.3205398890625 0.9806873140624999 0.3185999796875 0.960695884375 0.3198932671875 0.9381600875 0.324419796875 0.9167147515625 0.29402741875 0.9119894953125 0.2675149484375 0.9127164656250001 0.22030978281250002 0.906537290625 0.156291828125 0.9105355765625 0.15111865468750002 0.9105355765625 0.1420656171875 0.913443425 0.13236591250000002 0.9316174578125
2 0.36903834375 0.938523578125 0.370978296875 0.9523358453125 0.3748581625 0.9665115796875 0.393610903125 0.97996035625 0.400724009375 0.9839586421875 0.4194767515625 0.9679654984375 0.43240967656249996 0.9596054593750001 0.44081606874999996 0.9526993125000001 0.44404926875 0.94179490625 0.44275598125000004 0.9283461296875 0.4356428734375 0.9239843531249999 0.41171697968750004 0.9283461296875 0.3563304484375 0.9184217046875001 0.3464057375 0.918895628125 0.3502856015625 0.9308904984374999 0.36903834375 0.938523578125
2 0.47314835781250003 0.9828681906250001 0.4518090390625 0.9774159875 0.4369361625 0.97378119375 0.43111634375 0.9832316828125001 0.42529656875 0.99340913125 0.43434958593750006 0.9994791671875 0.47120840468749997 0.9994791671875 0.5468660375 0.9994791671875 0.5869580109375 0.9994791671875 0.5779050375 0.93052700625 0.5701452234375 0.92216694375 0.540399553125 0.9236208859374999 0.5190602359375001 0.925074803125 0.4977209171875 0.9239843531249999 0.5054806468749999 0.9319809250000001 0.508067221875 0.9363427015625 0.51582699375 0.9359792109375 0.5216468125 0.957061090625 0.521000146875 0.9708733328125 0.49901420625000004 0.9814142734375 0.47314835781250003 0.9828681906250001
2 0.8027777781250001 0.5109375 0.79444444375 0.5151041671875001 0.777777778125 0.5328125 0.7861111109375 0.553125 0.7898148140625 0.5760416671875 0.79351851875 0.5786458328124999 0.8 0.596875 0.8111111109375001 0.6114583328125 0.8009259265625 0.6270833328125 0.8018518515625 0.6463541671875 0.796296296875 0.6661458328125 0.8129629625 0.7098958328125 0.821296296875 0.7197916671875 0.8296296296874999 0.7375 0.8518518515625001 0.8260416671874999 0.8574074078124999 0.8328125 0.859259259375 0.8421875 0.86851851875 0.846875 0.8675925921875001 0.85 0.871296296875 0.8526041671875 0.8675925921875001 0.85625 0.86944444375 0.8734375 0.8731481484374999 0.8703125 0.875 0.8588541671875 0.88055555625 0.8572916671874999 0.8870370375000001 0.8432291671875 0.897222221875 0.8380208328125001 0.9037037031249999 0.8380208328125001 0.9064814812499999 0.8416666671874999 0.9101851859375 0.8421875 0.91944444375 0.8395833328125001 0.9240740734375 0.834375 0.9203703703125001 0.825 0.921296296875 0.8130208328125 0.9129629625 0.7927083328125 0.9138888890624999 0.7822916671875 0.9064814812499999 0.7755208328125 0.9018518515625 0.7265625 0.9074074078125 0.7182291671875001 0.928703703125 0.7192708328124999 0.9324074078125 0.7166666671875 0.922222221875 0.6895833328125 0.922222221875 0.6770833328125 0.9111111109375001 0.6541666671875 0.9120370375 0.6416666671875 0.9074074078125 0.628125 0.9037037031249999 0.6255208328124999 0.9037037031249999 0.6177083328124999 0.8981481484374999 0.6098958328124999 0.8916666671875 0.60625 0.8888888890625 0.5942708328124999 0.8833333328125 0.5864583328124999 0.88148148125 0.5760416671875 0.8879629625 0.5723958328125 0.8879629625 0.5625 0.8851851859375 0.5598958328125 0.89444444375 0.553125 0.9074074078125 0.5552083328124999 0.9120370375 0.5598958328125 0.9638888890624999 0.5609375 0.9824074078124999 0.5645833328125 0.990740740625 0.5583333328125 0.9990740734375001 0.55625 0.9990740734375001 0.5291666671875 0.98148148125 0.49791666718750005 0.9398148140625 0.4895833328125 0.9351851859375 0.48645833281249995 0.915740740625 0.48229166718750005 0.8879629625 0.47239583281249997 0.8490740734375001 0.4682291671875 0.8444444437499999 0.4692708328125 0.8379629625 0.46666666718750005 0.83148148125 0.4421875 0.8259259265625 0.43125 0.821296296875 0.43125 0.81851851875 0.4270833328125 0.8194444437499999 0.4223958328125 0.8129629625 0.41614583281249995 0.8138888890624999 0.4114583328125 0.8018518515625 0.3848958328125 0.7981481484375 0.384375 0.79444444375 0.3895833328125 0.7814814812499999 0.39114583281250004 0.775 0.3963541671875 0.775 0.42760416718750005 0.803703703125 0.49010416718750005 0.8055555562500001 0.5026041671875 0.8027777781250001 0.5109375
2 0.372222221875 0.915625 0.3759259265625 0.9104166671874999 0.38055555625 0.9104166671874999 0.39074074062499997 0.9197916671874999 0.427777778125 0.9203125 0.43981481406249995 0.9223958328125 0.465740740625 0.9208333328125 0.471296296875 0.9244791671874999 0.49351851875 0.9244791671874999 0.5 0.9255208328125001 0.5018518515625 0.928125 0.5138888890625 0.9239583328125001 0.509259259375 0.9192708328125001 0.51851851875 0.9140625 0.51944444375 0.9104166671874999 0.5305555562500001 0.9104166671874999 0.5324074078125001 0.9182291671874999 0.540740740625 0.9161458328125001 0.54444444375 0.9177083328125001 0.5490740734374999 0.9145833328125 0.5518518515624999 0.9166666671874999 0.5620370375 0.9161458328125001 0.5638888890625 0.9208333328125 0.5694444437499999 0.9192708328125001 0.5703703703125 0.8864583328125001 0.5648148140625 0.825 0.5620370375 0.8177083328125001 0.5509259265625001 0.8140625 0.54444444375 0.8140625 0.5416666671875 0.8161458328125001 0.5333333328125 0.8140625 0.5296296296875 0.8197916671875 0.5129629625 0.8255208328125001 0.5018518515625 0.8234375 0.497222221875 0.81875 0.4824074078125 0.81875 0.48055555625 0.8161458328125001 0.47407407343749997 0.8192708328125 0.4703703703125 0.8182291671874999 0.46851851875 0.821875 0.46388888906250003 0.8234375 0.4546296296875 0.8229166671874999 0.45 0.8192708328125 0.44259259218749997 0.8197916671875 0.43148148124999997 0.8338541671874999 0.415740740625 0.8411458328125001 0.403703703125 0.8380208328125001 0.39074074062499997 0.8375 0.3879629625 0.8338541671874999 0.3768518515625 0.8307291671874999 0.3731481484375 0.8265625 0.3611111109375 0.8265625 0.35648148125 0.8369791671875 0.35648148125 0.85625 0.352777778125 0.86875 0.3509259265625 0.9041666671874999 0.3648148140625 0.9161458328125001 0.36851851875 0.9145833328125 0.372222221875 0.915625
2 0.6111111109375 0.9286458328125 0.6268518515625 0.9270833328125001 0.6425925921875 0.9286458328125 0.6861111109375 0.9270833328125001 0.696296296875 0.9286458328125 0.7481481484375 0.928125 0.7666666671875 0.9296875 0.796296296875 0.928125 0.8175925921875 0.9291666671875 0.827777778125 0.93125 0.8296296296874999 0.9333333328125001 0.8398148140625 0.9317708328125001 0.85 0.9328125 0.8638888890624999 0.9296875 0.86851851875 0.9098958328125001 0.8648148140625 0.8994791671875 0.8601851859374999 0.8979166671875 0.8583333328125 0.8838541671875 0.85555555625 0.8760416671875 0.8509259265625 0.8729166671874999 0.8490740734375001 0.8635416671874999 0.8203703703125 0.8453125 0.8148148140625 0.8442708328125 0.7870370375 0.8291666671875 0.75555555625 0.8213541671875 0.746296296875 0.8239583328125001 0.727777778125 0.8239583328125001 0.7166666671875 0.8213541671875 0.6805555562500001 0.8213541671875 0.6518518515625 0.8166666671874999 0.6259259265625 0.8171875 0.622222221875 0.815625 0.6129629624999999 0.81875 0.60555555625 0.8161458328125001 0.6018518515625 0.8171875 0.5990740734375 0.8385416671874999 0.602777778125 0.8875 0.60648148125 0.9177083328125001 0.6111111109375 0.9286458328125
2 0 0.9036458328125001 0.004629629687499999 0.9072916671875 0.037037037499999995 0.9098958328125001 0.040740740625 0.9078125 0.06851851875000001 0.9088541671874999 0.0870370375 0.9046875 0.09074074062500001 0.9078125 0.1046296296875 0.9057291671875 0.12129629687500001 0.9072916671875 0.1268518515625 0.9114583328125001 0.14351851875 0.909375 0.15370370312499998 0.9104166671874999 0.1601851859375 0.9078125 0.1703703703125 0.9072916671875 0.1824074078125 0.909375 0.2009259265625 0.909375 0.21944444375 0.9130208328125 0.22777777812500002 0.9098958328125001 0.2518518515625 0.9119791671874999 0.2666666671875 0.9072916671875 0.2759259265625 0.9067708328125 0.2898148140625 0.9109375 0.2953703703125 0.9104166671874999 0.29814814843750004 0.9125 0.30648148124999997 0.9119791671874999 0.3101851859375 0.909375 0.3203703703125 0.8510416671875 0.3203703703125 0.8276041671875 0.3120370375 0.8182291671874999 0.3148148140625 0.7984375 0.3120370375 0.8020833328125001 0.28796296250000003 0.7973958328124999 0.27870370312500004 0.7994791671875 0.24351851875000002 0.7989583328125 0.2203703703125 0.7947916671875 0.2148148140625 0.7958333328125 0.20833333281250002 0.7932291671875 0.2 0.7947916671875 0.1925925921875 0.7916666671875 0.1851851859375 0.7911458328125 0.18148148125000002 0.7932291671875 0.1629629625 0.7875 0.1518518515625 0.7895833328124999 0.140740740625 0.7890625 0.12592592656249998 0.7828125 0.1120370375 0.7817708328124999 0.0638888890625 0.7911458328125 0.004629629687499999 0.7963541671875001 0 0.7973958328124999 0 0.9036458328125001
2 0.509259259375 0.8041666671875 0.5138888890625 0.8036458328125 0.5166666671875 0.8083333328125001 0.54444444375 0.809375 0.5481481484375 0.8119791671875 0.5601851859375 0.8130208328125 0.5638888890625 0.8151041671874999 0.5638888890625 0.7776041671875 0.5527777781250001 0.7802083328125 0.54351851875 0.7776041671875 0.5370370375 0.7807291671875001 0.5287037031249999 0.778125 0.51944444375 0.7828125 0.515740740625 0.7822916671875 0.5138888890625 0.7848958328125 0.5074074078125 0.78125 0.49351851875 0.7838541671875 0.48981481406249994 0.7880208328125 0.49629629687500004 0.7895833328124999 0.49629629687500004 0.7984375 0.509259259375 0.8041666671875
2 0.68148148125 0.8208333328125 0.709259259375 0.8208333328125 0.74351851875 0.825 0.7583333328124999 0.8234375 0.759259259375 0.8177083328125001 0.7203703703125 0.8083333328125001 0.6759259265625001 0.7869791671875 0.6555555562500001 0.784375 0.64351851875 0.7791666671875 0.6231481484375 0.7744791671875 0.5953703703125 0.7729166671875001 0.5953703703125 0.80625 0.5990740734375 0.81875 0.6388888890625 0.8166666671874999 0.68148148125 0.8208333328125
2 0.17962962968750001 0.78125 0.175 0.7833333328125 0.1824074078125 0.784375 0.18148148125000002 0.7875 0.20370370312500002 0.7890625 0.21944444375 0.7932291671875 0.24814814843750002 0.7927083328125 0.2509259265625 0.7947916671875 0.25555555625 0.79375 0.271296296875 0.7958333328125 0.2740740734375 0.7869791671875 0.271296296875 0.7828125 0.2851851859375 0.7802083328125 0.2833333328125 0.778125 0.271296296875 0.7791666671875 0.2638888890625 0.7760416671875 0.2518518515625 0.7760416671875 0.24444444375000002 0.7739583328124999 0.2398148140625 0.7697916671875 0.225 0.7692708328125 0.196296296875 0.771875 0.1888888890625 0.7770833328125 0.1851851859375 0.7760416671875 0.175 0.7791666671875 0.17962962968750001 0.78125
2 0.63055555625 0.6994791671875 0.6537037031249999 0.7046875 0.6601851859375001 0.7020833328125 0.68148148125 0.7026041671875001 0.690740740625 0.7010416671875 0.684259259375 0.6963541671875 0.6564814812499999 0.6958333328124999 0.6370370375000001 0.6927083328125 0.622222221875 0.69375 0.61944444375 0.6911458328125 0.6138888890625 0.6932291671875 0.6101851859375 0.6911458328125 0.602777778125 0.6927083328125 0.60555555625 0.6947916671875001 0.603703703125 0.696875 0.63055555625 0.6994791671875
2 0 0.6494791671875 0.004629629687499999 0.6510416671875 0.065740740625 0.6552083328125 0.1074074078125 0.6651041671875 0.147222221875 0.665625 0.1990740734375 0.6723958328124999 0.2370370375 0.6697916671875 0.259259259375 0.6796875 0.271296296875 0.678125 0.27870370312500004 0.6802083328124999 0.29814814843750004 0.6786458328125 0.3101851859375 0.6802083328124999 0.3333333328125 0.6770833328125 0.33703703749999997 0.6791666671875001 0.36851851875 0.6796875 0.3768518515625 0.6833333328125 0.40648148125 0.6822916671875 0.415740740625 0.6848958328125 0.4453703703125 0.6864583328125 0.4731481484375 0.6911458328125 0.478703703125 0.6895833328125 0.497222221875 0.6989583328125 0.5138888890625 0.6932291671875 0.515740740625 0.690625 0.5287037031249999 0.6916666671875 0.5324074078125001 0.6942708328125 0.5518518515624999 0.6932291671875 0.5518518515624999 0.6796875 0.5175925921875 0.68125 0.509259259375 0.6786458328125 0.49444444374999996 0.6796875 0.45555555625000005 0.6776041671875 0.3925925921875 0.6708333328125 0.38148148125 0.6713541671875001 0.3703703703125 0.66875 0.3351851859375 0.6682291671875 0.321296296875 0.6651041671875 0.2888888890625 0.6635416671875001 0.24814814843750002 0.6541666671875 0.20833333281250002 0.6520833328125 0.1740740734375 0.6541666671875 0.0953703703125 0.646875 0.08333333281250001 0.6442708328125 0.00648148125 0.6395833328125 0 0.6395833328125 0 0.6494791671875
2 0.5703703703125 0.4640625 0.5731481484375001 0.46666666718750005 0.6231481484375 0.47083333281249995 0.6268518515625 0.47447916718750005 0.63055555625 0.47291666718750003 0.6425925921875 0.4765625 0.659259259375 0.4760416671875 0.6731481484375 0.478125 0.6768518515624999 0.48229166718750005 0.6833333328125 0.48020833281249997 0.684259259375 0.48229166718750005 0.7018518515625 0.48333333281249996 0.7120370375 0.48645833281249995 0.725 0.48541666718750004 0.7351851859375 0.490625 0.75555555625 0.49010416718750005 0.7481481484375 0.4796875 0.7490740734375 0.4703125 0.7351851859375 0.41041666718750003 0.73055555625 0.40416666718750005 0.722222221875 0.40052083281249995 0.6648148140625 0.39375 0.64351851875 0.3890625 0.6 0.384375 0.584259259375 0.3854166671875 0.5759259265625001 0.3828125 0.577777778125 0.3885416671875 0.5861111109375 0.3932291671875 0.5722222218749999 0.3963541671875 0.5694444437499999 0.39895833281250004 0.5740740734374999 0.41614583281249995 0.565740740625 0.4234375 0.565740740625 0.43177083281249995 0.5703703703125 0.4640625
2 0.2629629625 0.3265625 0.2388888890625 0.3265625 0.21944444375 0.3229166671875 0.2166666671875 0.32083333281250004 0.21203703749999997 0.3213541671875 0.2046296296875 0.3171875 0.1851851859375 0.31875 0.177777778125 0.3161458328125 0.15 0.3151041671875 0.127777778125 0.3104166671875 0.125 0.3104166671875 0.12592592656249998 0.3140625 0.13981481406250001 0.315625 0.1416666671875 0.3182291671875 0.1620370375 0.3229166671875 0.165740740625 0.3255208328125 0.2046296296875 0.3338541671875 0.22407407343750002 0.3338541671875 0.2398148140625 0.3380208328125 0.24907407343750002 0.3328125 0.2629629625 0.3322916671875 0.284259259375 0.3375 0.3129629625 0.3401041671875 0.35 0.3463541671875 0.352777778125 0.3479166671875 0.353703703125 0.3572916671875 0.396296296875 0.365625 0.4074074078125 0.3697916671875 0.43518518593750005 0.371875 0.4583333328125 0.365625 0.48055555625 0.36666666718749996 0.48981481406249994 0.3651041671875 0.5148148140625 0.3703125 0.5175925921875 0.3723958328125 0.5287037031249999 0.3729166671875 0.5287037031249999 0.3682291671875 0.5166666671875 0.3682291671875 0.5129629625 0.3630208328125 0.4888888890625 0.3645833328125 0.4824074078125 0.3609375 0.44629629687500005 0.3578125 0.43518518593750005 0.3541666671875 0.3916666671875 0.3473958328125 0.38148148125 0.34375 0.352777778125 0.34427083281250004 0.3490740734375 0.3390625 0.3379629625 0.3375 0.3203703703125 0.3296875 0.32777777812500003 0.26875 0.3333333328125 0.25052083281250004 0.334259259375 0.22760416718749998 0.30740740781250003 0.221875 0.29814814843750004 0.22239583281250003 0.290740740625 0.23177083281250002 0.284259259375 0.25833333281250004 0.27870370312500004 0.26614583281250004 0.2629629625 0.3265625
2 0.8138888890624999 0.22291666718749997 0.8148148140625 0.23020833281250003 0.8203703703125 0.2359375 0.8111111109375001 0.2416666671875 0.777777778125 0.2421875 0.775 0.2479166671875 0.7805555562500001 0.2541666671875 0.7824074078125001 0.265625 0.79444444375 0.2697916671875 0.8018518515625 0.275 0.821296296875 0.2786458328125 0.8611111109375 0.2932291671875 0.8824074078124999 0.2958333328125 0.884259259375 0.28958333281250004 0.8518518515625001 0.22395833281250002 0.8518518515625001 0.21875 0.8268518515625001 0.1786458328125 0.8175925921875 0.1760416671875 0.8074074078125 0.1765625 0.7981481484375 0.190625 0.8 0.20052083281250002 0.8120370375 0.21614583281250002 0.809259259375 0.2208333328125 0.8138888890624999 0.22291666718749997
2 0.9074074078125 0.2953125 0.915740740625 0.3010416671875 0.99444444375 0.3109375 0.9990740734375001 0.3088541671875 0.9990740734375001 0.2692708328125 0.984259259375 0.2526041671875 0.98148148125 0.2390625 0.9740740734375001 0.2286458328125 0.9518518515625001 0.2203125 0.9324074078125 0.22135416718749998 0.925 0.2192708328125 0.915740740625 0.22135416718749998 0.9111111109375001 0.21875 0.8953703703125001 0.2171875 0.8759259265624999 0.2125 0.872222221875 0.2052083328125 0.86851851875 0.20625 0.8666666671875 0.21614583281250002 0.872222221875 0.23020833281250003 0.8953703703125001 0.2677083328125 0.9074074078125 0.2953125
2 0.959259259375 0.340625 0.9703703703125001 0.3473958328125 0.9759259265625 0.3458333328125 0.99351851875 0.3505208328125 0.9990740734375001 0.3494791671875 0.9990740734375001 0.3098958328125 0.95 0.3057291671875 0.91944444375 0.3 0.9148148140625001 0.3010416671875 0.9129629625 0.3098958328125 0.928703703125 0.3369791671875 0.9324074078125 0.3390625 0.959259259375 0.340625
2 0.8083333328125001 0.3135416671875 0.8138888890624999 0.3166666671875 0.825 0.3171875 0.83148148125 0.3229166671875 0.8601851859374999 0.3296875 0.8768518515625001 0.3307291671875 0.8824074078124999 0.328125 0.9009259265624999 0.32760416718749996 0.89351851875 0.30625 0.88148148125 0.2984375 0.884259259375 0.2932291671875 0.8768518515625001 0.2859375 0.875 0.2921875 0.86944444375 0.2942708328125 0.828703703125 0.2833333328125 0.8259259265625 0.278125 0.8175925921875 0.275 0.8074074078125 0.2755208328125 0.7981481484375 0.2713541671875 0.777777778125 0.2666666671875 0.775 0.28125 0.7861111109375 0.3109375 0.790740740625 0.3145833328125 0.8083333328125001 0.3135416671875
2 0.0324074078125 0.1786458328125 0.0379629625 0.1765625 0.040740740625 0.1786458328125 0.0509259265625 0.17916666718750002 0.055555556250000006 0.1822916671875 0.060185185937499996 0.1822916671875 0.061111110937500004 0.1796875 0.0759259265625 0.175 0.0759259265625 0.1630208328125 0.0018518515625 0.146875 0 0.1677083328125 0.0074074078125 0.1703125 0.0296296296875 0.1729166671875 0.0324074078125 0.1786458328125
2 0.58055555625 0.2744791671875 0.609259259375 0.2786458328125 0.6120370375 0.2838541671875 0.6379629625 0.2848958328125 0.6416666671875 0.2880208328125 0.652777778125 0.28958333281250004 0.6574074078125001 0.29375 0.6777777781250001 0.2953125 0.6888888890625 0.2989583328125 0.6990740734374999 0.2953125 0.7046296296875 0.2791666671875 0.6990740734374999 0.2744791671875 0.6944444437499999 0.259375 0.6879629625 0.2541666671875 0.6453703703125 0.24322916718749998 0.621296296875 0.23958333281250002 0.5925925921874999 0.23125 0.5796296296875 0.23125 0.565740740625 0.228125 0.5481481484375 0.2296875 0.5481481484375 0.2640625 0.5546296296875 0.2734375 0.575 0.2755208328125 0.58055555625 0.2744791671875
2 0.74444444375 0.3942708328125 0.7518518515625 0.3921875 0.759259259375 0.3859375 0.759259259375 0.3760416671875 0.7546296296875 0.3765625 0.746296296875 0.3848958328125 0.740740740625 0.3838541671875 0.7379629624999999 0.3645833328125 0.73148148125 0.3552083328125 0.7240740734375 0.3578125 0.7138888890625 0.36666666718749996 0.7120370375 0.3708333328125 0.7166666671875 0.3958333328125 0.7361111109375 0.403125 0.74444444375 0.3942708328125
