2 0.9 0.0458333328125 0.909259259375 0.0453125 0.91851851875 0.0484375 0.9240740734375 0.0453125 0.9351851859375 0.0489583328125 0.9388888890624999 0.0463541671875 0.9472222218749999 0.046875 0.9509259265625 0.0494791671875 0.9546296296874999 0.0458333328125 0.9648148140625 0.0494791671875 0.9712962968750001 0.046875 0.977777778125 0.0479166671875 0.98055555625 0.050520832812500006 0.9888888890624999 0.0489583328125 0.99351851875 0.0536458328125 0.9990740734375001 0.052604167187499995 0.9990740734375001 0.0322916671875 0.99351851875 0.0307291671875 0.9898148140625 0.0322916671875 0.9703703703125001 0.0307291671875 0.9546296296874999 0.0328125 0.9481481484375 0.03125 0.9444444437499999 0.0333333328125 0.9370370375 0.0333333328125 0.934259259375 0.0286458328125 0.9370370375 0.025520832812499998 0.9296296296875 0.025 0.9277777781250001 0.0302083328125 0.915740740625 0.0302083328125 0.9120370375 0.0328125 0.9046296296874999 0.0322916671875 0.9 0.034375 0.897222221875 0.0328125 0.890740740625 0.0338541671875 0.8888888890625 0.0317708328125 0.88148148125 0.0338541671875 0.88055555625 0.0322916671875 0.8768518515625001 0.0348958328125 0.8768518515625001 0.0427083328125 0.88055555625 0.0463541671875 0.8953703703125001 0.0432291671875 0.9 0.0458333328125
2 0.3138888890625 0 0.3129629625 0.0140625 0.3166666671875 0.017708332812499998 0.33888888906250003 0.0171875 0.3453703703125 0.0203125 0.38055555625 0.0203125 0.4268518515625 0.0234375 0.4509259265625 0.021354167187500002 0.4546296296875 0.0166666671875 0.46481481406249997 0.0151041671875 0.4703703703125 0.0020833328125000002 0.4703703703125 0 0.3138888890625 0
2 0.49351851875 0 0.4953703703125 0.017708332812499998 0.5009259265625 0.0223958328125 0.5379629625 0.0265625 0.6259259265625 0.0286458328125 0.63148148125 0.029166667187500002 0.6333333328124999 0.0317708328125 0.6629629625 0.0286458328125 0.6990740734374999 0.0333333328125 0.7398148140624999 0.0348958328125 0.74351851875 0.0364583328125 0.7481481484375 0.0354166671875 0.7509259265625 0.0369791671875 0.75555555625 0.0354166671875 0.759259259375 0.0375 0.7638888890625 0.0359375 0.775 0.0380208328125 0.8027777781250001 0.0380208328125 0.8203703703125 0.0411458328125 0.8333333328125001 0.040625 0.8518518515625001 0.0364583328125 0.8490740734375001 0.03125 0.8351851859374999 0.0302083328125 0.8268518515625001 0.025 0.8138888890624999 0.021875 0.8101851859375 0.0166666671875 0.7814814812499999 0.0151041671875 0.75 0.009375 0.68148148125 0.0067708328125 0.6777777781250001 0.0046875 0.6731481484375 0.00625 0.6620370375 0.0041666671875 0.61851851875 0.0046875 0.584722221875 0.0026041671875 0.577777778125 0.0015625 0.577777778125 0 0.5333333328125 0 0.5287037031249999 0.0057291671875 0.5203703703125 0.0046875 0.5175925921875 0.00625 0.5 0.0057291671875 0.497222221875 0 0.49351851875 0
2 0.0129629625 0.0625 0.0175925921875 0.0682291671875 0.0361111109375 0.0635416671875 0.0416666671875 0.0640625 0.048148148437499996 0.071875 0.060185185937499996 0.071875 0.0675925921875 0.0666666671875 0.072222221875 0.0682291671875 0.075 0.0640625 0.0731481484375 0.05989583281250001 0.11851851875 0.058333332812500006 0.14351851875 0.0536458328125 0.15370370312499998 0.055208332812500004 0.1629629625 0.054166667187499996 0.16944444375 0.05625 0.1703703703125 0.053125 0.1768518515625 0.050520832812500006 0.22407407343750002 0.056770832812500005 0.2203703703125 0.05208333281250001 0.20833333281250002 0.0515625 0.2009259265625 0.0484375 0.0018518515625 0.0369791671875 0 0.06875 0.002777778125 0.0682291671875 0.003703703125 0.0635416671875 0.0129629625 0.0625
2 0.23611111093749998 0 0.23611111093749998 0.0020833328125000002 0.2398148140625 0.0057291671875 0.24814814843750002 0.0078125 0.2518518515625 0.0140625 0.2601851859375 0.014583332812499999 0.26851851875 0.0098958328125 0.28148148125 0.009375 0.284259259375 0.003125 0.290740740625 0.0020833328125000002 0.290740740625 0 0.23611111093749998 0
2 0.8833333328125 0.8776041671874999 0.8925925921875001 0.878125 0.896296296875 0.8817708328125 0.9009259265624999 0.88125 0.9074074078125 0.8848958328125001 0.9120370375 0.8807291671874999 0.9231481484374999 0.8838541671875 0.9361111109375001 0.8833333328125 0.946296296875 0.8854166671874999 0.9824074078124999 0.8859375 0.99444444375 0.8833333328125 0.9990740734375001 0.88125 0.9990740734375001 0.7890625 0.9953703703125001 0.7869791671875 0.9953703703125001 0.7828125 0.9861111109375 0.7828125 0.98148148125 0.7869791671875 0.9703703703125001 0.7833333328125 0.9546296296874999 0.7864583328125 0.9425925921875 0.7994791671875 0.9240740734375 0.8026041671874999 0.9064814812499999 0.8005208328125001 0.9037037031249999 0.796875 0.890740740625 0.7958333328125 0.872222221875 0.7895833328124999 0.8703703703125001 0.7958333328125 0.875 0.8427083328125 0.8796296296874999 0.8729166671874999 0.8833333328125 0.8776041671874999
2 0.5638888890625 0.8494791671874999 0.5675925921875 0.8505208328125 0.5703703703125 0.8552083328125001 0.5675925921875 0.8567708328125001 0.571296296875 0.8578125 0.5666666671875 0.8604166671875 0.5675925921875 0.8625 0.577777778125 0.8583333328125 0.5916666671875 0.8583333328125 0.5962962968750001 0.8614583328125001 0.5962962968750001 0.8651041671874999 0.6111111109375 0.865625 0.615740740625 0.8635416671874999 0.6203703703125 0.865625 0.634259259375 0.8661458328125 0.6388888890625 0.8645833328125001 0.6416666671875 0.8666666671875 0.6537037031249999 0.8671875 0.6611111109375 0.8729166671874999 0.665740740625 0.8708333328125001 0.684259259375 0.8723958328125001 0.7009259265625001 0.8708333328125001 0.7046296296875 0.8729166671874999 0.7240740734375 0.8713541671874999 0.7351851859375 0.8744791671875 0.7481481484375 0.875 0.7629629625 0.871875 0.7768518515625 0.8755208328125 0.7870370375 0.8744791671875 0.8175925921875 0.8776041671874999 0.821296296875 0.8760416671875 0.834259259375 0.8770833328125001 0.8425925921875 0.8739583328125 0.834259259375 0.796875 0.83148148125 0.7895833328124999 0.821296296875 0.7848958328125 0.8175925921875 0.778125 0.8138888890624999 0.7776041671875 0.8101851859375 0.7802083328125 0.8009259265625 0.7796875 0.79444444375 0.7744791671875 0.7833333328125 0.7713541671875 0.7629629625 0.7697916671875 0.7388888890625 0.7697916671875 0.7333333328125 0.771875 0.7046296296875 0.7723958328125 0.7009259265625001 0.7744791671875 0.6888888890625 0.7723958328125 0.6796296296875 0.7744791671875 0.6703703703125 0.7796875 0.6574074078125001 0.7796875 0.65 0.784375 0.622222221875 0.7833333328125 0.60648148125 0.7921875 0.5759259265625001 0.7927083328125 0.5648148140625 0.7947916671875 0.5611111109375 0.7979166671875 0.5601851859375 0.8125 0.5546296296875 0.8182291671874999 0.5648148140625 0.8213541671875 0.5638888890625 0.8494791671874999
2 0.634259259375 0.753125 0.66851851875 0.7541666671875 0.6731481484375 0.7578125 0.70555555625 0.7567708328125 0.7231481484375 0.7598958328125 0.734259259375 0.7588541671875 0.7490740734375 0.7609375 0.7824074078125001 0.7604166671875 0.8055555562500001 0.7625 0.8129629625 0.7609375 0.8055555562500001 0.7510416671875 0.797222221875 0.7489583328125 0.7953703703125 0.7442708328125 0.7888888890625 0.7401041671875 0.7509259265625 0.7390625 0.7259259265625 0.7322916671875 0.7194444437499999 0.7322916671875 0.70555555625 0.7364583328125 0.7009259265625001 0.7354166671875 0.675 0.7432291671875 0.6620370375 0.7447916671875 0.6370370375000001 0.74375 0.6129629624999999 0.7473958328125 0.6101851859375 0.7479166671875 0.6129629624999999 0.7494791671875001 0.6296296296875 0.7510416671875 0.634259259375 0.753125
1 0 0.834375 0.00555555625 0.8375 0.058333332812500006 0.8375 0.0666666671875 0.8395833328125001 0.10555555624999999 0.8390625 0.1120370375 0.8411458328125001 0.165740740625 0.8427083328125 0.2166666671875 0.8421875 0.221296296875 0.8458333328125001 0.24722222187499998 0.8484375 0.25555555625 0.8578125 0.290740740625 0.8583333328125 0.3 0.8260416671874999 0.3138888890625 0.75 0.3111111109375 0.74375 0.275 0.7453125 0.246296296875 0.7432291671875 0.23611111093749998 0.7390625 0.1740740734375 0.7395833328125 0.1574074078125 0.7375 0.146296296875 0.740625 0.1101851859375 0.7390625 0.061111110937500004 0.7447916671875 0.0509259265625 0.74375 0.00555555625 0.746875 0 0.75 0 0.834375
1 0.3416666671875 0.8588541671875 0.36851851875 0.853125 0.372222221875 0.8552083328125001 0.3768518515625 0.8526041671875 0.4138888890625 0.8552083328125001 0.4240740734375 0.8526041671875 0.459259259375 0.85625 0.4611111109375 0.8609375 0.465740740625 0.8619791671874999 0.4953703703125 0.8609375 0.50555555625 0.8567708328125001 0.5120370375000001 0.8583333328125 0.521296296875 0.8557291671874999 0.525 0.8583333328125 0.5287037031249999 0.8567708328125001 0.5324074078125001 0.8598958328125 0.5425925921875 0.8609375 0.5583333328125 0.8588541671875 0.5638888890625 0.8625 0.5731481484375001 0.8630208328125001 0.5888888890625 0.8583333328125 0.5953703703125 0.8609375 0.5990740734375 0.8557291671874999 0.602777778125 0.8572916671874999 0.609259259375 0.8546875 0.609259259375 0.8515625 0.61851851875 0.85 0.61851851875 0.8432291671875 0.5990740734375 0.8442708328125 0.5962962968750001 0.8416666671874999 0.6 0.8375 0.5962962968750001 0.834375 0.5944444437499999 0.8244791671874999 0.5981481484375 0.8135416671875 0.5935185187500001 0.8057291671875 0.597222221875 0.7989583328125 0.6074074078125 0.7973958328124999 0.6166666671875001 0.7921875 0.622222221875 0.7854166671875 0.6379629625 0.7854166671875 0.64351851875 0.7885416671875001 0.6574074078125001 0.7833333328125 0.6601851859375001 0.7802083328125 0.675 0.7796875 0.6777777781250001 0.7755208328125 0.6740740734374999 0.7708333328125 0.68148148125 0.7697916671875 0.6879629625 0.7661458328124999 0.69351851875 0.7666666671875 0.6972222218749999 0.7713541671875 0.702777778125 0.7671875 0.6981481484375001 0.7635416671875 0.703703703125 0.7598958328125 0.6925925921875 0.75625 0.6888888890625 0.7588541671875 0.671296296875 0.7588541671875 0.665740740625 0.7541666671875 0.6620370375 0.75625 0.64351851875 0.75625 0.6333333328124999 0.7515625 0.63055555625 0.7479166671875 0.6268518515625 0.7489583328125 0.6240740734375 0.7473958328125 0.547222221875 0.7598958328125 0.5333333328125 0.7583333328124999 0.50555555625 0.7489583328125 0.47222222187499996 0.746875 0.44629629687500005 0.7484375 0.415740740625 0.7458333328125 0.41203703750000004 0.74375 0.403703703125 0.7432291671875 0.4 0.7447916671875 0.396296296875 0.7427083328124999 0.378703703125 0.7458333328125 0.3611111109375 0.7442708328125 0.35648148125 0.7421875 0.3490740734375 0.7479166671875 0.34351851875 0.7682291671875 0.33055555625 0.8447916671875 0.334259259375 0.8489583328125001 0.3333333328125 0.8578125 0.3416666671875 0.8588541671875
2 0.675 0.0494791671875 0.6851851859375 0.05 0.6851851859375 0.0364583328125 0.68148148125 0.03125 0.665740740625 0.029166667187500002 0.65 0.0296875 0.64444444375 0.0369791671875 0.6425925921875 0.0536458328125 0.6453703703125 0.06302083281250001 0.6666666671875 0.0515625 0.675 0.0494791671875
2 0.8370370375 0.11927083281249999 0.8675925921875001 0.1213541671875 0.8759259265624999 0.1203125 0.872222221875 0.10625 0.8453703703125001 0.1078125 0.8444444437499999 0.1098958328125 0.8370370375 0.11145833281249999 0.784259259375 0.109375 0.7703703703125 0.11041666718750001 0.7666666671875 0.1078125 0.753703703125 0.109375 0.7481481484375 0.1109375 0.7666666671875 0.1197916671875 0.8055555562500001 0.121875 0.8370370375 0.11927083281249999
2 0.1175925921875 0 0.1175925921875 0.0057291671875 0.12222222187500001 0.0119791671875 0.1703703703125 0.0119791671875 0.2046296296875 0.0161458328125 0.2148148140625 0 0.1175925921875 0
2 0.4953703703125 0.17916666718750002 0.5324074078125001 0.1828125 0.5518518515624999 0.1822916671875 0.55648148125 0.184375 0.5962962968750001 0.1817708328125 0.6416666671875 0.18697916718750002 0.6601851859375001 0.1848958328125 0.69351851875 0.1848958328125 0.7 0.18697916718750002 0.7166666671875 0.1864583328125 0.7203703703125 0.1901041671875 0.7240740734375 0.1859375 0.73148148125 0.184375 0.7398148140624999 0.1854166671875 0.74351851875 0.1895833328125 0.7546296296875 0.1848958328125 0.7740740734375 0.18697916718750002 0.7787037031249999 0.1895833328125 0.7805555562500001 0.1848958328125 0.797222221875 0.1838541671875 0.7990740734374999 0.1864583328125 0.8101851859375 0.1895833328125 0.8175925921875 0.18697916718750002 0.8268518515625001 0.18697916718750002 0.8333333328125001 0.1901041671875 0.8370370375 0.1875 0.8453703703125001 0.1963541671875 0.8490740734375001 0.1942708328125 0.8583333328125 0.1953125 0.8601851859374999 0.1973958328125 0.872222221875 0.1963541671875 0.8768518515625001 0.2 0.884259259375 0.1989583328125 0.8888888890625 0.19479166718750002 0.902777778125 0.1932291671875 0.9 0.18697916718750002 0.8925925921875001 0.1875 0.890740740625 0.1859375 0.890740740625 0.1729166671875 0.884259259375 0.1661458328125 0.884259259375 0.1619791671875 0.875 0.1609375 0.872222221875 0.15677083281249998 0.827777778125 0.15572916718750002 0.797222221875 0.159375 0.79444444375 0.1578125 0.796296296875 0.1640625 0.790740740625 0.1651041671875 0.7925925921875 0.1697916671875 0.7879629625 0.1744791671875 0.7824074078125001 0.1744791671875 0.7583333328124999 0.171875 0.747222221875 0.1734375 0.7398148140624999 0.1708333328125 0.7361111109375 0.17239583281249998 0.7324074078125 0.1708333328125 0.7046296296875 0.1708333328125 0.703703703125 0.16458333281249998 0.7166666671875 0.15572916718750002 0.722222221875 0.1552083328125 0.7212962968750001 0.1520833328125 0.7074074078125 0.1552083328125 0.7046296296875 0.1536458328125 0.6768518515624999 0.1520833328125 0.6703703703125 0.1494791671875 0.6129629624999999 0.1473958328125 0.5990740734375 0.1432291671875 0.5898148140624999 0.14375 0.575 0.140625 0.48148148125 0.1364583328125 0.475 0.1395833328125 0.46666666718750005 0.1380208328125 0.4620370375 0.1494791671875 0.4601851859375 0.171875 0.4703703703125 0.1776041671875 0.48148148125 0.18020833281249998 0.4953703703125 0.17916666718750002
