0 0.22019230781250002 0.362343853125 0.1785256421875 0.3602892828125 0.1580128203125 0.369534846875 0.1381410265625 0.359262 0.1182692296875 0.359262 0.10737179375000001 0.37467126875 0.0759615375 0.369534846875 0.0285256421875 0.3726166984375 0.01891025625 0.38597139999999996 0.0368589734375 0.38597139999999996 0.11634615468750001 0.377753121875 0.1330128203125 0.3756985546875 0.1451923078125 0.377753121875 0.1625 0.380834978125 0.1996794875 0.3798076921875 0.22852564218750002 0.3839168296875 0.24583333437500002 0.39316239375 0.3246794875 0.404462525 0.3625 0.411653515625 0.3785256421875 0.404462525 0.39006410156250004 0.39829881718750004 0.40416666562500003 0.40035338437499995 0.4233974359375 0.4095989484375 0.44006410156250003 0.407544378125 0.42980769218750003 0.39213510937499996 0.40608974375000007 0.380834978125 0.3701923078125 0.38288954531249997 0.35801282031250004 0.39213510937499996 0.33237179375000003 0.389053253125 0.29391025625 0.3839168296875 0.2535256421875 0.380834978125 0.24391025625 0.373643984375 0.23493589843749998 0.367480275 0.22019230781250002 0.362343853125
0 0.48493589843749996 0.4024079546875 0.49519230781249995 0.407544378125 0.5099358984375 0.407544378125 0.522756409375 0.41268080156250003 0.5362179484375 0.414735371875 0.5522435906250001 0.41268080156250003 0.5637820515625 0.41987179531249996 0.572115384375 0.42706278906249995 0.5855769234375 0.43117192656250003 0.577884615625 0.414735371875 0.5663461546875 0.4065170921875 0.54391025625 0.39829881718750004 0.5298076921875 0.40035338437499995 0.51891025625 0.40035338437499995 0.502243590625 0.3952169609375 0.495833334375 0.39213510937499996 0.48237179374999994 0.39213510937499996 0.46698717968750003 0.39316239375 0.447756409375 0.39213510937499996 0.45288461562500004 0.40138067031249997 0.47083333437499997 0.4024079546875 0.48493589843749996 0.4024079546875
0 0.6612179484375 0.42603550312499994 0.679166665625 0.42500821718750004 0.6849358984375 0.430144640625 0.709294871875 0.434253778125 0.734294871875 0.437335634375 0.7695512812499999 0.44452662812500005 0.779166665625 0.4424720578125 0.78044871875 0.433226496875 0.7740384625 0.43219921093749997 0.7483974359375 0.43219921093749997 0.74262820625 0.433226496875 0.7240384625 0.42706278906249995 0.695833334375 0.42603550312499994 0.6849358984375 0.4167899421875 0.6740384625 0.4095989484375 0.6701923078124999 0.4167899421875 0.6336538453125 0.41987179531249996 0.6150641015625 0.41268080156250003 0.6003205125 0.41370808593749997 0.5913461546875001 0.42500821718750004 0.6080128203124999 0.42295364687500003 0.620833334375 0.42706278906249995 0.6612179484375 0.42603550312499994
0 0.834294871875 0.430144640625 0.840705128125 0.4404174875 0.852884615625 0.441444771875 0.8772435906249999 0.43939020468749995 0.895833334375 0.43939020468749995 0.927243590625 0.4352810640625 0.9701923078125001 0.4496630515625 0.9618589734375 0.430144640625 0.9419871796875 0.42706278906249995 0.9150641015625001 0.42398093281250004 0.8894230765625 0.42295364687500003 0.85544871875 0.42295364687500003 0.8458333343750001 0.41884450937500006 0.8503205125 0.39829881718750004 0.8503205125 0.3756985546875 0.84455128125 0.3469345828125 0.8355769234375 0.3602892828125 0.8381410265625 0.3787804078125 0.840705128125 0.403435240625 0.8368589734375 0.4157626578125 0.80608974375 0.4085716640625 0.7951923078124999 0.4095989484375 0.7919871796875 0.417817225 0.80737179375 0.42295364687500003 0.8214743578125001 0.42603550312499994 0.834294871875 0.430144640625
0 0.097115384375 0.44555391406249995 0.11891025625 0.455826759375 0.1413461546875 0.46507232031249995 0.16955128125000002 0.45993589687499997 0.19391025625 0.4537721890625 0.204166665625 0.45993589687499997 0.22532051250000001 0.46918145781250004 0.25608974375 0.47739973750000003 0.270833334375 0.46918145781250004 0.28365384531250004 0.46301775 0.2996794875 0.4589086125 0.31762820625 0.46918145781250004 0.39455128125 0.47431788125 0.40929487187499997 0.4732906 0.4086538453125 0.4609631828125 0.3701923078125 0.4568540453125 0.33044871875 0.452744903125 0.3169871796875 0.44658119531249996 0.2798076921875 0.448635765625 0.27147435781249996 0.4496630515625 0.2548076921875 0.4609631828125 0.24006410156250002 0.45993589687499997 0.2233974359375 0.45171761874999994 0.204166665625 0.44349934218750003 0.1887820515625 0.43939020468749995 0.1663461546875 0.4424720578125 0.15096153750000002 0.44658119531249996 0.11955128125 0.4404174875 0.0913461546875 0.42603550312499994 0.05544871875 0.430144640625 0.0048076921875 0.44349934218750003 0.035576923437500005 0.45171761874999994 0.0830128203125 0.4496630515625 0.097115384375 0.44555391406249995
0 0.06762820625 0.540064103125 0.1317307703125 0.5503369484375 0.2419871796875 0.555473371875 0.277884615625 0.5493096640624999 0.2996794875 0.5493096640624999 0.3048076921875 0.562664365625 0.39391025625 0.56369165 0.4144230765625 0.555473371875 0.422756409375 0.5544460859375 0.43365384531249995 0.56369165 0.4599358984375 0.5667735031250001 0.47852564218750004 0.569855359375 0.495833334375 0.569855359375 0.5086538453125 0.5688280734375 0.5233974359375 0.555473371875 0.4990384625 0.5482823812500001 0.4746794875 0.558555228125 0.447115384375 0.5534188046875 0.4233974359375 0.5410913875000001 0.40352564218750003 0.53698225 0.395833334375 0.5441732406249999 0.322756409375 0.5431459546874999 0.29583333437500003 0.5277366859375 0.2849358984375 0.53390039375 0.2637820515625 0.5410913875000001 0.21955128125 0.5410913875000001 0.17083333437499998 0.5410913875000001 0.147756409375 0.53698225 0.1086538453125 0.5308185421875 0.0862179484375 0.5308185421875 0.040064101562499996 0.52568211875 0.0266025640625 0.5308185421875 0.0368589734375 0.5421186734375001 0.06762820625 0.540064103125
0 0.7118589734375 0.569855359375 0.73108974375 0.565746221875 0.7548076921875 0.5760190671875 0.7785256421875 0.5821827749999999 0.7913461546875 0.578073634375 0.8048076921874999 0.5719099265625001 0.81891025625 0.5811554906249999 0.8394230765625 0.5883464843749999 0.8625 0.589373765625 0.8701923078125 0.5883464843749999 0.8996794875 0.595537475 0.9253205124999999 0.5904010515625 0.89455128125 0.5729372109375 0.88237179375 0.5719099265625001 0.8644230765625001 0.569855359375 0.85544871875 0.5719099265625001 0.8419871796875 0.5739644968750001 0.8278846156249999 0.56369165 0.8259615374999999 0.55239151875 0.8125 0.5493096640624999 0.8182692296875 0.545200525 0.8317307703125 0.5184911249999999 0.8278846156249999 0.510272846875 0.8304487187499999 0.4979454296875 0.8400641015625 0.4609631828125 0.8349358984374999 0.455826759375 0.8214743578125001 0.4496630515625 0.8099358984375 0.44760848124999997 0.8016025640625 0.441444771875 0.7881410265625 0.441444771875 0.7817307703124999 0.45171761874999994 0.7932692296875 0.46199046718750003 0.8067307703125 0.47020874375000005 0.8067307703125 0.4794543078125 0.8016025640625 0.4866452984375 0.8003205124999999 0.5061637078125 0.8048076921874999 0.514381984375 0.8041666656249999 0.5431459546874999 0.790705128125 0.5616370796875 0.784294871875 0.562664365625 0.7682692296875 0.5575279421875 0.7586538453125 0.551364234375 0.7483974359375 0.545200525 0.7368589734375 0.540064103125 0.7259615375 0.5493096640624999 0.7112179484375 0.5544460859375 0.6983974359375 0.5544460859375 0.6785256421875 0.5534188046875 0.68237179375 0.5719099265625001 0.69455128125 0.5719099265625001 0.7118589734375 0.569855359375
0 0.4567307703125 0.47739973750000003 0.4875 0.4732906 0.5112179484375 0.47739973750000003 0.5246794875 0.4681541765625 0.50737179375 0.4589086125 0.4862179484375 0.45788132656249997 0.46698717968750003 0.4568540453125 0.427884615625 0.46199046718750003 0.4394230765625 0.47431788125 0.4509615375 0.47739973750000003 0.4567307703125 0.47739973750000003
0 0.577884615625 0.48561801562499995 0.595833334375 0.48561801562499995 0.61891025625 0.481508875 0.64391025625 0.47739973750000003 0.665705128125 0.47739973750000003 0.6516025640625001 0.46918145781250004 0.622756409375 0.467126890625 0.6073717937499999 0.46507232031249995 0.5862179484375 0.4732906 0.5682692296875 0.4732906 0.5432692296875 0.4763724515625 0.5458333343749999 0.4866452984375 0.5612179484375 0.48869986875000004 0.577884615625 0.48561801562499995
0 0.5298076921875 0.5749917828125 0.5394230765625 0.5760190671875 0.5490384625 0.5678007890625001 0.5625 0.565746221875 0.5753205125 0.565746221875 0.5875 0.5647189359375 0.6080128203124999 0.56369165 0.620833334375 0.5616370796875 0.627884615625 0.5544460859375 0.6118589734375 0.5462278109375001 0.5913461546875001 0.551364234375 0.577884615625 0.551364234375 0.5618589734375 0.551364234375 0.5419871796875 0.551364234375 0.5310897437500001 0.5565006578125 0.5259615375 0.5647189359375 0.5298076921875 0.5749917828125
