0 0.7121980734375 0.16058663906249998 0.5850854437499999 0.18676464375 0.6134391234375001 0.19289171249999998 0.6377124453125 0.1946803734375 0.6602565031250001 0.19898043906250001 0.67011018125 0.20832248281250001 0.6890731421875 0.20711279375 0.7097290625 0.20656834375000002 0.7187520875 0.1823074125 0.7121980734375 0.16058663906249998
0 0.564721684375 0 0.517861628125 0.095619828125 0.4979864015625 0.1128814140625 0.49347038750000005 0.146662678125 0.4931799484375 0.17207578750000002 0.4696510171875 0.190180896875 0.46023764375000004 0.20608326093749998 0.47978612812500004 0.21741142343750003 0.49666577968750003 0.20717793125 0.5026932328125 0.1899451 0.5086707296874999 0.1558264296875 0.5216152421875 0.12854798125 0.5371786328125 0.10594534687499998 0.5600357828125 0.0615931875 0.575426653125 0.01157215 0.5790186515625 0 0.564721684375 0
0 0.362590778125 0.2898797859375 0.3394975046875 0.2698652328125 0.334273403125 0.28057608125 0.328159690625 0.28409971562499997 0.31999897499999996 0.2754229078125 0.2938874734375 0.2856755671875 0.26253821718750003 0.286576596875 0.26043225625 0.3007919125 0.26982297499999996 0.308128665625 0.30017370468750004 0.309570334375 0.31867370781250004 0.30635535625 0.3422889 0.301959446875 0.350522225 0.304282975 0.362590778125 0.2898797859375
0 0.24466004218749998 0.2991527859375 0.21606123125 0.27196059687499996 0.1907530796875 0.275691275 0.1843715859375 0.2813889 0.169720459375 0.28793963749999996 0.172888553125 0.3083299390625 0.1822429671875 0.31884333125 0.2070155515625 0.31946064375 0.21874371250000002 0.31358472656249997 0.22754891093750002 0.30838363125 0.24466004218749998 0.2991527859375
0 0.15100262656250002 0.310214446875 0.129906403125 0.28551449375 0.10085828593749999 0.27637949375000004 0.0097471375 0.2984702453125 0.0029163343750000003 0.322225059375 0.0195418546875 0.3342280421875 0.10861964843750001 0.319999328125 0.126084825 0.3223036890625 0.15100262656250002 0.310214446875
0 0.285391296875 0.5189198390625 0.24775581249999998 0.49592610156249994 0.24520954687500002 0.48489701093750004 0.2178180859375 0.4796038828125 0.20907184843749999 0.4583892265625 0.1880981875 0.44422183593750003 0.175725546875 0.46397565468749996 0.1854340015625 0.48602425312499997 0.204519528125 0.495347128125 0.21633395000000002 0.503180409375 0.2270772375 0.51970966875 0.2224749609375 0.5397817328125 0.2117589765625 0.563377425 0.2170693375 0.5663757765625 0.23448455625000003 0.5517942984374999 0.2422049703125 0.5352267015625001 0.2627882828125 0.5410355265625 0.27041343125 0.554060321875 0.274934090625 0.5836431296875 0.2809751921875 0.5864727765625 0.28954891250000003 0.5802690328125 0.28253194062500003 0.556542971875 0.2828723328125 0.5480157 0.2910193984375 0.5366300296875 0.2942464484375 0.530604578125 0.285391296875 0.5189198390625
0 0.6261483765625 0.6113357546875 0.604516584375 0.5909837875 0.6010580531249999 0.596006596875 0.5946765593750001 0.601704225 0.59422725 0.6197614109375 0.605542409375 0.6287660453125 0.6148105640625 0.6255702375000001 0.6261483765625 0.6113357546875
0 0.5168096546875 0.697831559375 0.31642774687499997 0.7367007671875 0.16315365937499998 0.7562455921875 0.1466870078125 0.7515985328125 0.1439092640625 0.7395667984375 0.1229492546875 0.74546188125 0.1362751125 0.76984359375 0.27917360625 0.7653671921874999 0.39963695781249997 0.747060809375 0.4193306625 0.7456824140625 0.43656435625 0.74698413125 0.45756067343750007 0.7379124078125 0.480141034375 0.739035834375 0.4934169375 0.74653170625 0.5166780859375 0.730600590625 0.5252518046875 0.72439685 0.524434803125 0.71085635625 0.5168096546875 0.697831559375
0 0.457630021875 1 0.4559226015625 0.9875268171875 0.45318116093749994 0.9723184421875001 0.44251048437499996 0.94943590625 0.42170934375 0.9626869125 0.402673771875 0.9702498765625001 0.4007629828125 0.9886444750000001 0.40252731875 1 0.457630021875 1
0 0.3010876078125 1 0.29828672031250003 0.98484475625 0.29280383906249996 0.95442800625 0.28068533125 0.9519453578125001 0.27481675 0.9765341109375001 0.27308934375 1 0.3010876078125 1
