5 0.7080953125 0.2886421875 0.7374234375000001 0.3009953125 0.802253125 0.219153125 0.8315812499999999 0.16047499999999998 0.8408421875000001 0.13113593750000002 0.7189 0.078634375 0.65406875 0.172828125 0.6448078125000001 0.1975359375 0.6756796875 0.259303125 0.7080953125 0.2886421875
5 0.37468124999999997 0.43379375 0.38394218750000003 0.466221875 0.43487968749999995 0.5140906249999999 0.4703828125 0.5357093749999999 0.5552796875 0.571225 0.623196875 0.6051968750000001 0.664875 0.5743140624999999 0.6849406250000001 0.5418859375 0.7343359375 0.5912984375 0.7760125 0.52335625 0.83466875 0.446146875 0.8130578125 0.4168078125 0.7574890625 0.4168078125 0.6849406250000001 0.4059984375 0.6432640625 0.3596734375 0.6015875 0.3272453125 0.5244078125 0.27783281249999997 0.512059375 0.2809203125 0.43179375000000003 0.3457765625 0.37468124999999997 0.43379375
5 0.2589125 0.22224218750000002 0.223409375 0.2562140625 0.195625 0.2654796875 0.16784062500000002 0.2762875 0.1477734375 0.26084687500000003 0.11535781249999999 0.3164359375 0.19099375000000002 0.319525 0.3175671875 0.17591718750000002 0.29750156250000004 0.1512109375 0.2388453125 0.149665625 0.2048859375 0.1774609375 0.195625 0.20834531250000002 0.2434765625 0.2098890625 0.2589125 0.22224218750000002
5 0.30985 0.3720265625 0.3314609375 0.40136562500000006 0.393203125 0.3380546875 0.46420781250000004 0.2423171875 0.3777671875 0.1975359375 0.333003125 0.2206984375 0.280521875 0.2809203125 0.2095171875 0.3488640625 0.30985 0.3720265625
5 0.513603125 0.0956203125 0.54293125 0.05392812500000001 0.576890625 0.0153234375 0.231128125 0.001425 0.24038906249999997 0.0508390625 0.3021328125 0.030765625 0.3468953125 0.10951718749999999 0.42561875000000005 0.1280484375 0.513603125 0.0956203125
5 0.1570359375 0.0492953125 0.21106093750000002 0.009146875 0.059789062500000004 0.0060578125 0.1570359375 0.0492953125
5 0.6046750000000001 0.04620625 0.5599109375 0.0879 0.512059375 0.17900624999999998 0.519778125 0.1867265625 0.5985 0.1743734375 0.6725921875 0.0909875 0.6818531250000001 0.07554531249999999 0.6509828125 0.0477515625 0.6046750000000001 0.04620625
5 0.9982890624999999 0.219153125 0.9072171875 0.1542984375 0.8501046875 0.216065625 0.7806437500000001 0.33033437499999996 0.7945359375 0.35040781249999997 0.8454734374999999 0.36739375 0.919565625 0.355040625 0.9504374999999999 0.30562812500000003 0.911846875 0.259303125 0.9319140625 0.1990796875 0.9396328125 0.22533124999999998 0.9905703125 0.287096875 0.9982890624999999 0.219153125
5 0.0721375 0.9588125 0.12925 0.9572671875 0.1817328125 0.8399109375 0.1493171875 0.7827765624999999 0.042809375 0.6932140625 0.042809375 0.6916703125 0.045896875 0.6916703125 0.0242875 0.6685078125 0.015025 0.7534375 0.01965625 0.9341046875 0.0721375 0.9588125
5 0.515146875 0.637625 0.4997109375 0.5912984375 0.3823984375 0.515634375 0.277434375 0.6715953125 0.283609375 0.68858125 0.333003125 0.767334375 0.3762234375 0.787409375 0.4395109375 0.756525 0.515146875 0.637625
5 0.83775625 0.7364515625 0.9010421875000001 0.792040625 0.976678125 0.8198359375000001 0.9952015624999999 0.7379953125000001 0.9984375 0.6685078125 0.9984375 0.5897546874999999 0.9984375 0.5218109375 0.9921140625 0.494015625 0.911846875 0.4615890625 0.88560625 0.45386718750000005 0.7960796875 0.5789453124999999 0.7914484374999999 0.6051968750000001 0.7852734375 0.7040234375 0.83775625 0.7364515625