4 0.586879084375 0.52329656875 0.5215196078125001 0.52329656875 0.5215196078125001 0.6351348046874999 0.586879084375 0.6351348046874999 0.586879084375 0.52329656875
7 0.5171650328124999 0.1597181375 0.45888071874999997 0.1597181375 0.45888071874999997 0.3216053921875 0.5171650328124999 0.3216053921875 0.5171650328124999 0.1597181375
4 0.7426470593750001 0.3578431375 0.678104575 0.3578431375 0.678104575 0.46367647031250003 0.7426470593750001 0.46367647031250003 0.7426470593750001 0.3578431375
4 0.754632353125 0.06780637187500001 0.690367646875 0.06780637187500001 0.690367646875 0.14523284375 0.754632353125 0.14523284375 0.754632353125 0.06780637187500001
4 0.8766339875 0.5130759796875 0.812908496875 0.5130759796875 0.812908496875 0.6645220593750001 0.8766339875 0.6645220593750001 0.8766339875 0.5130759796875
4 0.9724918296875 0.8419117640625 0.9027696078125 0.8419117640625 0.9027696078125 0.9502941171874999 0.9724918296875 0.9502941171874999 0.9724918296875 0.8419117640625
4 0.7589787578125 0.82761029375 0.693080065625 0.82761029375 0.693080065625 0.9339583328125001 0.7589787578125 0.9339583328125001 0.7589787578125 0.82761029375
4 0.5171568625 0.848039215625 0.44934640468750003 0.848039215625 0.44934640468750003 0.9780392156250001 0.5171568625 0.9780392156250001 0.5171568625 0.848039215625
4 0.178382353125 0.22916666718749998 0.09668300625000001 0.22916666718749998 0.09668300625000001 0.33465686250000004 0.178382353125 0.33465686250000004 0.178382353125 0.22916666718749998
4 0.18817810468750001 0.5171568625 0.11028594843749999 0.5171568625 0.11028594843749999 0.6432843140625 0.18817810468750001 0.6432843140625 0.18817810468750001 0.5171568625
4 0.1783741828125 0.8888970593750001 0.1266258171875 0.8888970593750001 0.1266258171875 0.9780637249999999 0.1783741828125 0.9780637249999999 0.1783741828125 0.8888970593750001
4 0 0.9894730390625 0.0803349671875 0.9894730390625 0.0803349671875 0.8745955875 0 0.8745955875 0 0.9894730390625
4 0.7513643796875 0.2332598046875 0.68491013125 0.2332598046875 0.68491013125 0.31997549062499997 0.7513643796875 0.31997549062499997 0.7513643796875 0.2332598046875